111
10 2 13 24 35 46 57 68 79 90 101
10 3 4 5 6 7 8 9 10 11 12
0 802 -636
0 314 100
0 854 515
0 564 -305
0 905 -624
0 -145 -402
0 -342 828
0 -589 776
0 -51 163
0 929 58
10 14 15 16 17 18 19 20 21 22 23
0 321 177
0 497 -114
0 905 -669
0 987 301
0 754 -48
0 594 861
0 -76 -2
0 -450 -850
0 -428 286
0 835 -304
10 25 26 27 28 29 30 31 32 33 34
0 -596 672
0 69 781
0 -392 984
0 -823 297
0 272 -148
0 -672 748
0 989 849
0 -206 -731
0 -458 94
0 -816 -653
10 36 37 38 39 40 41 42 43 44 45
0 -165 94
0 -979 650
0 -721 -188
0 -985 -993
0 465 28
0 937 269
0 -124 22
0 -541 -831
0 -267 258
0 -496 -163
10 47 48 49 50 51 52 53 54 55 56
0 275 -993
0 -387 173
0 -583 -296
0 904 506
0 735 813
0 -497 810
0 878 -321
0 808 -776
0 540 804
0 -82 390
10 58 59 60 61 62 63 64 65 66 67
0 386 504
0 91 728
0 -466 -853
0 256 457
0 242 466
0 -498 -704
0 535 130
0 226 424
0 -94 398
0 604 -499
10 69 70 71 72 73 74 75 76 77 78
0 54 411
0 399 867
0 -838 328
0 -821 -759
0 526 763
0 -351 -508
0 -282 -972
0 264 560
0 458 446
0 -347 891
10 80 81 82 83 84 85 86 87 88 89
0 944 779
0 -569 204
0 -779 -807
0 -482 255
0 734 -75
0 27 924
0 273 -417
0 -695 -331
0 -797 756
0 -278 -407
10 91 92 93 94 95 96 97 98 99 100
0 -11 139
0 -901 -740
0 -217 263
0 959 -570
0 430 -860
0 580 -231
0 257 -333
0 239 -105
0 -452 669
0 764 -391
10 102 103 104 105 106 107 108 109 110 111
0 637 29
0 702 300
0 33 831
0 -675 -491
0 -183 613
0 231 522
0 -179 -219
0 696 -216
0 -500 -411
0 -415 -962
