10000
3 2 3335 6668
4 3 836 1669 2502
4 4 212 420 628
2 5 108
3 6 40 74
3 7 18 29
2 8 13
2 9 12
2 10 11
0 2 5
0 -9 1
0 7 -1
2 14 17
2 15 16
0 -4 -5
0 -3 -9
0 6 -10
3 19 23 26
3 20 21 22
0 8 9
0 -2 -5
0 4 0
2 24 25
0 -6 -2
0 -3 3
2 27 28
0 -5 5
0 10 8
4 30 31 32 33
0 7 -1
0 8 0
0 -9 -8
2 34 37
2 35 36
0 -1 4
0 1 -10
2 38 39
0 3 0
0 0 2
3 41 52 63
4 42 43 50 51
0 -6 -3
2 44 47
2 45 46
0 10 -7
0 3 -1
2 48 49
0 -2 7
0 -8 9
0 8 1
0 0 5
2 53 58
2 54 55
0 -2 6
2 56 57
0 -9 -2
0 -8 0
2 59 60
0 -10 -2
2 61 62
0 -8 5
0 -6 4
4 64 65 66 73
0 -7 -1
0 9 -6
2 67 70
2 68 69
0 6 8
0 2 -3
2 71 72
0 -3 -6
0 6 -9
0 3 -1
3 75 86 97
3 76 80 83
3 77 78 79
0 -5 3
0 -5 0
0 2 5
2 81 82
0 -5 3
0 6 -7
2 84 85
0 -4 5
0 -4 -4
2 87 92
2 88 91
2 89 90
0 5 -5
0 0 10
0 6 5
2 93 94
0 10 10
2 95 96
0 10 7
0 8 -7
3 98 102 105
3 99 100 101
0 -6 -5
0 -7 6
0 -7 9
2 103 104
0 -6 -8
0 2 9
2 106 107
0 -6 -9
0 9 0
3 109 144 178
4 110 118 126 134
3 111 112 117
0 1 0
2 113 116
2 114 115
0 -3 -9
0 -4 -5
0 3 6
0 6 1
2 119 123
3 120 121 122
0 6 1
0 -9 -10
0 3 -4
2 124 125
0 9 -8
0 0 0
2 127 130
2 128 129
0 -8 8
0 -3 -5
3 131 132 133
0 -9 3
0 -1 7
0 5 -8
2 135 140
2 136 139
2 137 138
0 8 -10
0 -1 10
0 5 4
3 141 142 143
0 -6 -5
0 -7 -8
0 1 7
4 145 154 162 170
2 146 150
3 147 148 149
0 9 2
0 0 -2
0 8 7
3 151 152 153
0 2 0
0 7 5
0 3 5
2 155 158
2 156 157
0 9 -4
0 -1 0
3 159 160 161
0 -3 9
0 -6 4
0 1 0
2 163 167
3 164 165 166
0 -8 3
0 3 10
0 -6 4
2 168 169
0 -8 -10
0 0 -3
3 171 172 173
0 9 10
0 8 -7
2 174 175
0 5 -10
2 176 177
0 -6 -1
0 -5 2
2 179 196
2 180 188
2 181 184
2 182 183
0 9 -3
0 -6 -7
3 185 186 187
0 -1 0
0 10 -8
0 7 1
2 189 193
3 190 191 192
0 8 2
0 -2 4
0 6 8
2 194 195
0 6 4
0 -9 4
4 197 203 206 209
2 198 202
3 199 200 201
0 5 2
0 9 -8
0 -4 -3
0 4 2
2 204 205
0 7 -1
0 -8 4
2 207 208
0 0 -7
0 5 6
2 210 211
0 7 -7
0 6 -1
3 213 282 351
4 214 231 248 265
3 215 221 226
2 216 220
3 217 218 219
0 -10 -10
0 7 4
0 -6 8
0 -8 4
2 222 225
2 223 224
0 -4 -5
0 -9 -9
0 6 -10
2 227 230
2 228 229
0 0 3
0 -1 7
0 6 6
4 232 236 240 244
3 233 234 235
0 -2 9
0 3 9
0 -3 -10
3 237 238 239
0 -5 3
0 9 -2
0 -7 9
3 241 242 243
0 -3 -7
0 -3 5
0 -10 5
3 245 246 247
0 -4 -1
0 10 4
0 -7 8
4 249 253 257 261
3 250 251 252
0 -5 -1
0 10 0
0 1 -8
3 254 255 256
0 9 4
0 -9 -9
0 -6 6
3 258 259 260
0 2 3
0 8 -8
0 -6 -10
3 262 263 264
0 0 -7
0 -3 7
0 -1 7
4 266 270 274 278
3 267 268 269
0 9 7
0 10 -2
0 -1 3
3 271 272 273
0 0 -9
0 10 10
0 8 -8
3 275 276 277
0 2 9
0 0 8
0 1 7
3 279 280 281
0 -6 -2
0 2 -3
0 8 -8
3 283 305 327
2 284 294
2 285 289
3 286 287 288
0 0 0
0 -1 9
0 4 -5
2 290 293
2 291 292
0 0 4
0 -3 -8
0 -5 -2
2 295 300
2 296 299
2 297 298
0 4 -10
0 -1 2
0 1 10
2 301 302
0 -5 -10
2 303 304
0 6 2
0 3 -9
3 306 313 320
2 307 310
2 308 309
0 -4 6
0 0 -1
2 311 312
0 -6 10
0 2 9
2 314 317
2 315 316
0 9 5
0 8 1
2 318 319
0 7 -3
0 2 0
2 321 324
2 322 323
0 -7 5
0 -1 1
2 325 326
0 -4 8
0 3 8
2 328 339
4 329 330 331 338
0 -10 0
0 8 -6
2 332 335
2 333 334
0 9 -8
0 -3 -8
2 336 337
0 3 3
0 4 10
0 2 3
4 340 341 349 350
0 -7 -3
3 342 347 348
2 343 346
2 344 345
0 3 3
0 3 -6
0 6 9
0 -4 -8
0 1 -1
0 -8 -3
0 4 -10
2 352 386
2 353 370
3 354 360 365
2 355 356
0 8 3
3 357 358 359
0 -9 3
0 3 0
0 0 -4
2 361 362
0 -2 6
2 363 364
0 3 4
0 -1 -3
2 366 367
0 0 6
2 368 369
0 -5 0
0 -2 10
3 371 376 381
2 372 373
0 -7 -2
2 374 375
0 0 -6
0 -2 -5
2 377 378
0 -1 -2
2 379 380
0 2 0
0 9 -6
2 382 383
0 1 8
2 384 385
0 7 8
0 -7 -10
4 387 395 403 411
2 388 392
3 389 390 391
0 0 5
0 5 4
0 1 8
2 393 394
0 6 -2
0 -1 6
3 396 401 402
2 397 398
0 -7 -5
2 399 400
0 8 5
0 -5 8
0 4 2
0 -9 -4
2 404 408
3 405 406 407
0 5 1
0 -1 7
0 7 10
2 409 410
0 -9 2
0 -8 8
2 412 416
3 413 414 415
0 7 1
0 1 2
0 -7 9
3 417 418 419
0 5 10
0 8 -2
0 -8 10
2 421 525
3 422 456 491
2 423 439
4 424 427 433 436
2 425 426
0 -3 -9
0 -1 -7
2 428 432
3 429 430 431
0 6 -6
0 9 -3
0 4 -8
0 10 -9
2 434 435
0 -8 2
0 -1 1
2 437 438
0 5 10
0 -10 8
4 440 444 448 452
3 441 442 443
0 -9 -3
0 10 -1
0 8 0
3 445 446 447
0 -2 1
0 8 -10
0 -8 1
3 449 450 451
0 -6 3
0 10 -6
0 6 1
3 453 454 455
0 8 -8
0 -2 -5
0 0 -5
2 457 474
3 458 463 468
2 459 462
2 460 461
0 0 -6
0 8 -7
0 -3 2
2 464 465
0 -4 -4
2 466 467
0 -7 -8
0 -5 -9
2 469 470
0 -9 1
3 471 472 473
0 3 -1
0 9 1
0 4 -4
4 475 479 483 487
3 476 477 478
0 -2 1
0 -2 -8
0 8 1
3 480 481 482
0 -6 -8
0 8 0
0 -8 9
3 484 485 486
0 0 -9
0 6 8
0 1 -6
3 488 489 490
0 10 -2
0 3 4
0 8 7
3 492 503 514
3 493 497 500
3 494 495 496
0 -5 9
0 -8 1
0 9 -6
2 498 499
0 -9 9
0 -6 -9
2 501 502
0 0 9
0 -6 -3
3 504 507 511
2 505 506
0 -9 9
0 -1 -2
3 508 509 510
0 -3 -10
0 10 4
0 -4 -3
2 512 513
0 2 -7
0 0 5
2 515 520
2 516 519
2 517 518
0 0 0
0 4 -2
0 7 9
2 521 522
0 -3 5
2 523 524
0 -6 -10
0 -9 2
4 526 551 578 603
3 527 535 543
2 528 531
2 529 530
0 -8 -9
0 -2 7
3 532 533 534
0 -5 6
0 -10 9
0 2 -2
2 536 540
3 537 538 539
0 10 -7
0 8 0
0 -6 1
2 541 542
0 -3 -10
0 -1 -2
3 544 545 546
0 5 8
0 -2 8
2 547 548
0 5 5
2 549 550
0 -10 -7
0 6 -3
3 552 560 568
2 553 556
2 554 555
0 8 8
0 2 -4
3 557 558 559
0 6 -5
0 -10 5
0 -5 -4
2 561 565
3 562 563 564
0 8 2
0 5 -4
0 8 -8
2 566 567
0 -4 7
0 -8 -8
2 569 573
3 570 571 572
0 -3 -4
0 9 -2
0 -10 8
2 574 577
2 575 576
0 0 1
0 -8 2
0 -4 -2
3 579 587 595
2 580 583
2 581 582
0 10 3
0 8 -9
3 584 585 586
0 -1 10
0 -2 8
0 -6 1
2 588 592
3 589 590 591
0 9 -2
0 -8 -8
0 -4 -5
2 593 594
0 -3 6
0 -8 -1
2 596 599
2 597 598
0 6 6
0 -1 -10
3 600 601 602
0 4 -1
0 0 8
0 10 -7
4 604 610 616 622
2 605 609
3 606 607 608
0 -9 4
0 9 9
0 -9 -5
0 -6 -3
2 611 612
0 5 -3
3 613 614 615
0 5 -7
0 -2 -1
0 -1 -7
2 617 621
3 618 619 620
0 -7 9
0 0 6
0 -3 9
0 9 9
2 623 624
0 0 -7
3 625 626 627
0 5 8
0 -1 -4
0 6 -5
3 629 698 767
3 630 652 676
2 631 642
3 632 635 638
2 633 634
0 1 -10
0 7 -5
2 636 637
0 -10 -9
0 4 -5
3 639 640 641
0 0 4
0 3 -3
0 10 -1
4 643 644 645 646
0 6 0
0 10 9
0 7 0
2 647 648
0 7 -9
3 649 650 651
0 5 -4
0 -4 -6
0 7 -8
2 653 664
2 654 659
2 655 656
0 9 0
2 657 658
0 2 0
0 2 3
2 660 661
0 -10 7
2 662 663
0 9 6
0 5 8
2 665 671
2 666 670
3 667 668 669
0 -5 -1
0 2 -8
0 4 1
0 -6 -10
2 672 673
0 7 -2
2 674 675
0 9 2
0 -6 3
3 677 684 691
2 678 681
2 679 680
0 3 -4
0 -10 -2
2 682 683
0 10 7
0 -8 -2
2 685 688
2 686 687
0 10 -5
0 -5 -3
2 689 690
0 7 8
0 -6 0
2 692 695
2 693 694
0 -1 5
0 4 10
2 696 697
0 0 -4
0 -3 6
4 699 716 733 750
2 700 708
2 701 704
2 702 703
0 10 3
0 -7 -4
3 705 706 707
0 8 -5
0 6 2
0 -10 -1
2 709 712
2 710 711
0 -6 -3
0 -5 3
3 713 714 715
0 -8 -2
0 10 -3
0 6 5
3 717 722 727
2 718 721
2 719 720
0 -6 8
0 7 4
0 -2 -2
2 723 724
0 4 -3
2 725 726
0 -9 -6
0 -8 -7
2 728 732
3 729 730 731
0 9 6
0 0 5
0 5 -2
0 -1 -9
3 734 739 745
2 735 738
2 736 737
0 5 -4
0 10 6
0 3 -3
2 740 744
3 741 742 743
0 -7 9
0 4 -9
0 3 -8
0 5 -7
2 746 747
0 -10 9
2 748 749
0 3 -6
0 8 10
3 751 756 761
2 752 755
2 753 754
0 -9 8
0 -10 -7
0 -10 7
2 757 758
0 -5 10
2 759 760
0 -3 8
0 10 -4
2 762 766
3 763 764 765
0 5 1
0 -6 6
0 -8 -1
0 -10 -5
2 768 802
4 769 777 786 794
2 770 774
3 771 772 773
0 6 8
0 2 -9
0 10 5
2 775 776
0 -9 -8
0 -2 -7
2 778 782
3 779 780 781
0 -7 -4
0 5 1
0 -9 -8
3 783 784 785
0 -3 8
0 -2 1
0 -9 7
3 787 792 793
2 788 791
2 789 790
0 -4 3
0 9 -3
0 4 9
0 10 -3
0 5 -8
3 795 796 801
0 -9 -3
2 797 798
0 4 -10
2 799 800
0 5 -4
0 2 2
0 -6 7
4 803 811 819 828
2 804 808
3 805 806 807
0 10 0
0 -5 -3
0 -10 -3
2 809 810
0 3 9
0 -4 7
3 812 813 814
0 -9 -9
0 -9 -7
2 815 816
0 7 6
2 817 818
0 -9 -1
0 5 5
2 820 824
3 821 822 823
0 -6 5
0 -7 0
0 8 -4
3 825 826 827
0 8 3
0 0 5
0 10 -1
2 829 832
2 830 831
0 7 7
0 1 -10
3 833 834 835
0 -5 10
0 0 -8
0 7 -8
3 837 1115 1392
3 838 930 1022
4 839 861 886 908
2 840 851
2 841 846
2 842 845
2 843 844
0 5 7
0 -4 9
0 -7 -4
2 847 848
0 1 -5
2 849 850
0 3 -7
0 10 -7
2 852 857
2 853 856
2 854 855
0 9 9
0 -5 1
0 -3 -6
3 858 859 860
0 3 -8
0 -3 3
0 -1 7
3 862 870 878
2 863 867
3 864 865 866
0 -4 2
0 2 -1
0 -7 -6
2 868 869
0 0 10
0 -4 4
2 871 875
3 872 873 874
0 -7 -10
0 -9 -7
0 -2 -2
2 876 877
0 2 -2
0 1 -3
2 879 883
3 880 881 882
0 -5 2
0 5 -1
0 -7 8
2 884 885
0 4 6
0 -8 -5
3 887 894 901
2 888 891
2 889 890
0 0 10
0 3 -7
2 892 893
0 6 2
0 -8 4
2 895 898
2 896 897
0 1 1
0 -5 3
2 899 900
0 0 -2
0 -5 2
2 902 905
2 903 904
0 8 8
0 -1 -2
2 906 907
0 10 -3
0 10 9
3 909 916 923
2 910 913
2 911 912
0 -10 6
0 0 10
2 914 915
0 -9 -7
0 10 2
2 917 920
2 918 919
0 -5 -2
0 -2 6
2 921 922
0 0 10
0 4 9
2 924 927
2 925 926
0 -9 1
0 7 2
2 928 929
0 -2 -3
0 -9 8
3 931 961 991
2 932 947
3 933 939 943
2 934 935
0 6 -3
3 936 937 938
0 -6 6
0 -5 8
0 7 10
3 940 941 942
0 6 3
0 1 -8
0 -1 6
3 944 945 946
0 -8 -6
0 -9 5
0 -10 4
2 948 954
2 949 953
3 950 951 952
0 1 -6
0 10 -2
0 9 4
0 9 -5
2 955 958
2 956 957
0 1 -8
0 -3 10
2 959 960
0 8 -6
0 -4 9
3 962 971 980
3 963 964 970
0 -3 2
2 965 969
3 966 967 968
0 8 8
0 -9 -1
0 8 -5
0 2 10
0 6 -9
2 972 976
3 973 974 975
0 -3 6
0 -5 -4
0 2 4
3 977 978 979
0 -3 -3
0 -10 -1
0 -8 -10
3 981 984 988
2 982 983
0 5 5
0 -1 -6
3 985 986 987
0 -6 -7
0 -4 -8
0 2 8
2 989 990
0 2 10
0 -2 1
4 992 999 1006 1015
2 993 996
2 994 995
0 -6 6
0 -4 6
2 997 998
0 6 -4
0 3 -7
2 1000 1003
2 1001 1002
0 -4 2
0 -9 7
2 1004 1005
0 2 -8
0 -7 5
3 1007 1008 1014
0 2 7
2 1009 1010
0 3 -7
3 1011 1012 1013
0 7 -3
0 0 -8
0 -6 9
0 5 -1
2 1016 1019
2 1017 1018
0 -1 -5
0 3 9
2 1020 1021
0 -8 -4
0 3 3
2 1023 1069
4 1024 1035 1046 1058
4 1025 1032 1033 1034
2 1026 1029
2 1027 1028
0 -8 1
0 -7 -1
2 1030 1031
0 4 8
0 -5 8
0 8 3
0 -4 10
0 -6 9
2 1036 1041
2 1037 1038
0 -8 3
2 1039 1040
0 0 -9
0 5 7
2 1042 1043
0 -2 5
2 1044 1045
0 -9 -6
0 7 -10
2 1047 1052
2 1048 1049
0 -8 10
2 1050 1051
0 -10 4
0 6 -7
2 1053 1054
0 -8 1
3 1055 1056 1057
0 6 -4
0 -6 1
0 -4 7
2 1059 1064
2 1060 1061
0 -9 10
2 1062 1063
0 5 -4
0 -3 -4
2 1065 1066
0 3 5
2 1067 1068
0 4 8
0 3 7
2 1070 1093
3 1071 1078 1085
2 1072 1075
2 1073 1074
0 7 -1
0 -3 7
2 1076 1077
0 -4 6
0 1 -5
2 1079 1082
2 1080 1081
0 10 -3
0 3 10
2 1083 1084
0 -2 -7
0 -1 -3
2 1086 1090
3 1087 1088 1089
0 -7 -4
0 -3 10
0 -8 -8
2 1091 1092
0 -6 -5
0 9 7
4 1094 1099 1104 1109
2 1095 1096
0 8 7
2 1097 1098
0 -9 -1
0 6 3
2 1100 1101
0 10 7
2 1102 1103
0 -1 -8
0 -6 -7
2 1105 1108
2 1106 1107
0 -1 2
0 0 -2
0 -8 -2
2 1110 1114
3 1111 1112 1113
0 -10 7
0 -9 -5
0 1 8
0 1 -3
3 1116 1208 1300
3 1117 1148 1178
2 1118 1133
3 1119 1125 1129
2 1120 1124
3 1121 1122 1123
0 2 -6
0 8 -3
0 7 3
0 1 5
3 1126 1127 1128
0 10 8
0 8 -9
0 3 -8
3 1130 1131 1132
0 -4 9
0 4 1
0 -8 8
3 1134 1138 1144
3 1135 1136 1137
0 8 -3
0 8 -1
0 4 10
2 1139 1140
0 -5 -10
3 1141 1142 1143
0 9 1
0 -5 3
0 -6 9
3 1145 1146 1147
0 2 -2
0 -7 10
0 -2 0
2 1149 1163
3 1150 1154 1158
3 1151 1152 1153
0 -7 -7
0 -3 5
0 9 -6
3 1155 1156 1157
0 8 -1
0 10 10
0 2 9
2 1159 1162
2 1160 1161
0 -10 -6
0 -1 8
0 -10 -2
4 1164 1167 1170 1175
2 1165 1166
0 -6 6
0 6 10
2 1168 1169
0 -3 8
0 -3 -4
2 1171 1174
2 1172 1173
0 -1 2
0 -6 -6
0 -9 -4
2 1176 1177
0 -8 0
0 5 -8
4 1179 1186 1193 1200
2 1180 1183
2 1181 1182
0 -8 -4
0 7 8
2 1184 1185
0 -5 -5
0 -5 8
2 1187 1190
2 1188 1189
0 4 -8
0 -6 3
2 1191 1192
0 8 4
0 10 2
2 1194 1197
2 1195 1196
0 8 -8
0 -8 2
2 1198 1199
0 4 9
0 3 -10
3 1201 1202 1207
0 -10 1
2 1203 1204
0 -10 8
2 1205 1206
0 3 4
0 3 2
0 -4 -8
4 1209 1231 1253 1275
4 1210 1215 1220 1225
2 1211 1212
0 0 10
2 1213 1214
0 -4 -4
0 -3 -9
2 1216 1219
2 1217 1218
0 -10 -7
0 8 6
0 -3 9
2 1221 1222
0 10 -8
2 1223 1224
0 0 2
0 -2 8
2 1226 1230
3 1227 1228 1229
0 6 3
0 -4 -7
0 -1 3
0 -3 1
3 1232 1239 1246
2 1233 1236
2 1234 1235
0 -9 9
0 -6 -7
2 1237 1238
0 -3 1
0 1 -5
2 1240 1243
2 1241 1242
0 -2 8
0 0 4
2 1244 1245
0 -7 -7
0 10 -1
2 1247 1250
2 1248 1249
0 -6 10
0 -1 1
2 1251 1252
0 -10 -5
0 10 4
4 1254 1259 1264 1270
2 1255 1256
0 -1 4
2 1257 1258
0 2 -9
0 4 9
2 1260 1263
2 1261 1262
0 4 -7
0 4 4
0 -9 9
2 1265 1266
0 10 1
3 1267 1268 1269
0 9 -2
0 -6 -6
0 5 5
2 1271 1274
2 1272 1273
0 -2 4
0 -4 10
0 7 -1
4 1276 1282 1288 1294
2 1277 1281
3 1278 1279 1280
0 -9 6
0 -2 -5
0 4 -8
0 -2 -7
2 1283 1287
3 1284 1285 1286
0 -9 10
0 -2 -8
0 1 9
0 7 -7
2 1289 1293
3 1290 1291 1292
0 -6 2
0 -6 3
0 -7 -8
0 0 3
2 1295 1299
3 1296 1297 1298
0 6 -10
0 -9 -7
0 -6 -10
0 -3 7
2 1301 1347
2 1302 1324
4 1303 1308 1313 1319
2 1304 1307
2 1305 1306
0 -2 4
0 -3 -3
0 -10 -8
2 1309 1310
0 -7 -7
2 1311 1312
0 -1 -7
0 -5 7
2 1314 1318
3 1315 1316 1317
0 -3 3
0 -3 8
0 -3 -2
0 -7 -7
2 1320 1323
2 1321 1322
0 -6 7
0 -3 6
0 6 -6
2 1325 1336
3 1326 1329 1333
2 1327 1328
0 10 4
0 10 1
3 1330 1331 1332
0 -1 -7
0 2 -6
0 10 10
2 1334 1335
0 -1 2
0 -10 1
4 1337 1344 1345 1346
2 1338 1341
2 1339 1340
0 7 -4
0 5 8
2 1342 1343
0 3 10
0 10 4
0 -10 -3
0 -8 -7
0 9 9
4 1348 1359 1370 1381
4 1349 1350 1351 1352
0 1 1
0 6 -1
0 -10 3
2 1353 1356
2 1354 1355
0 2 -10
0 1 -3
2 1357 1358
0 7 -10
0 -9 1
3 1360 1363 1367
2 1361 1362
0 6 9
0 5 -6
3 1364 1365 1366
0 6 -2
0 -7 -10
0 10 -8
2 1368 1369
0 -5 -9
0 7 9
4 1371 1372 1379 1380
0 -3 -10
2 1373 1376
2 1374 1375
0 2 10
0 -9 -10
2 1377 1378
0 5 2
0 -4 2
0 -3 -8
0 9 8
2 1382 1387
2 1383 1386
2 1384 1385
0 -4 -4
0 6 -2
0 -4 -5
2 1388 1389
0 -9 7
2 1390 1391
0 -9 1
0 0 -7
3 1393 1485 1577
3 1394 1424 1454
2 1395 1410
3 1396 1400 1404
3 1397 1398 1399
0 -2 -6
0 -6 7
0 6 -3
3 1401 1402 1403
0 -8 0
0 -10 -4
0 -10 -4
2 1405 1406
0 -8 -3
3 1407 1408 1409
0 6 10
0 -6 8
0 4 6
3 1411 1415 1419
3 1412 1413 1414
0 -4 6
0 1 -3
0 10 -3
3 1416 1417 1418
0 0 10
0 -10 5
0 -9 4
2 1420 1421
0 -9 -10
2 1422 1423
0 9 10
0 10 2
2 1425 1439
3 1426 1430 1434
3 1427 1428 1429
0 1 -8
0 10 3
0 7 -10
3 1431 1432 1433
0 -1 4
0 -9 5
0 -9 -5
2 1435 1438
2 1436 1437
0 9 10
0 -9 6
0 5 2
4 1440 1445 1448 1451
2 1441 1442
0 8 9
2 1443 1444
0 -10 -3
0 -2 8
2 1446 1447
0 -8 1
0 2 -3
2 1449 1450
0 -4 -6
0 3 -7
2 1452 1453
0 4 10
0 6 -4
3 1455 1465 1475
2 1456 1461
2 1457 1458
0 2 3
2 1459 1460
0 -4 -8
0 1 -7
3 1462 1463 1464
0 5 -3
0 0 -4
0 6 -10
3 1466 1469 1472
2 1467 1468
0 5 -10
0 2 1
2 1470 1471
0 10 3
0 -8 -10
2 1473 1474
0 -9 -1
0 -7 8
2 1476 1481
2 1477 1478
0 -10 7
2 1479 1480
0 -2 9
0 9 -7
3 1482 1483 1484
0 9 10
0 -6 3
0 -8 1
3 1486 1516 1547
4 1487 1494 1501 1509
2 1488 1491
2 1489 1490
0 -10 6
0 -5 -5
2 1492 1493
0 10 -3
0 -5 3
2 1495 1498
2 1496 1497
0 -4 -3
0 2 6
2 1499 1500
0 -8 3
0 6 4
3 1502 1507 1508
2 1503 1506
2 1504 1505
0 -9 8
0 -10 -4
0 -1 -5
0 -4 -7
0 1 -4
2 1510 1513
2 1511 1512
0 -10 5
0 -10 2
2 1514 1515
0 -10 0
0 -1 -9
4 1517 1526 1533 1540
2 1518 1522
3 1519 1520 1521
0 5 1
0 -5 8
0 10 8
3 1523 1524 1525
0 1 -3
0 5 8
0 6 -1
2 1527 1530
2 1528 1529
0 -9 -5
0 -6 6
2 1531 1532
0 -7 -7
0 10 7
2 1534 1537
2 1535 1536
0 3 -5
0 0 3
2 1538 1539
0 -5 6
0 4 -3
2 1541 1544
2 1542 1543
0 -8 -6
0 -5 9
2 1545 1546
0 4 -9
0 -1 -4
4 1548 1555 1562 1570
2 1549 1552
2 1550 1551
0 4 7
0 -6 -2
2 1553 1554
0 -4 -2
0 -4 1
2 1556 1559
2 1557 1558
0 10 -7
0 4 6
2 1560 1561
0 -10 -7
0 0 7
2 1563 1566
2 1564 1565
0 -4 4
0 -1 7
3 1567 1568 1569
0 -1 0
0 -1 0
0 -10 4
2 1571 1574
2 1572 1573
0 10 8
0 -7 -8
2 1575 1576
0 -10 -8
0 0 -9
4 1578 1603 1625 1647
2 1579 1591
2 1580 1585
2 1581 1582
0 2 10
2 1583 1584
0 -9 -9
0 -9 -10
2 1586 1590
3 1587 1588 1589
0 0 -3
0 10 6
0 -5 4
0 0 8
2 1592 1598
2 1593 1597
3 1594 1595 1596
0 4 -1
0 1 4
0 -9 -6
0 9 -10
2 1599 1600
0 -4 1
2 1601 1602
0 6 0
0 -8 1
4 1604 1610 1615 1620
2 1605 1609
3 1606 1607 1608
0 7 8
0 4 1
0 8 2
0 1 3
2 1611 1612
0 1 -2
2 1613 1614
0 1 -8
0 -8 -5
2 1616 1617
0 3 -6
2 1618 1619
0 8 6
0 -8 -7
2 1621 1622
0 0 8
2 1623 1624
0 1 9
0 -3 6
3 1626 1633 1640
2 1627 1630
2 1628 1629
0 -3 3
0 2 5
2 1631 1632
0 6 0
0 3 0
2 1634 1637
2 1635 1636
0 4 6
0 -4 4
2 1638 1639
0 -4 -4
0 10 -9
2 1641 1644
2 1642 1643
0 -4 3
0 -3 6
2 1645 1646
0 0 10
0 -10 9
3 1648 1655 1662
2 1649 1652
2 1650 1651
0 -6 9
0 8 4
2 1653 1654
0 7 6
0 4 10
2 1656 1659
2 1657 1658
0 -1 1
0 -3 -8
2 1660 1661
0 -1 -6
0 6 -10
2 1663 1666
2 1664 1665
0 3 -6
0 2 -1
2 1667 1668
0 0 1
0 6 3
4 1670 1878 2086 2294
4 1671 1722 1773 1824
3 1672 1688 1706
3 1673 1678 1683
2 1674 1675
0 -2 -10
2 1676 1677
0 9 -6
0 -4 6
2 1679 1682
2 1680 1681
0 4 -5
0 5 7
0 -8 -6
2 1684 1685
0 -3 10
2 1686 1687
0 -7 4
0 -2 4
2 1689 1697
3 1690 1691 1696
0 8 -4
2 1692 1695
2 1693 1694
0 -6 -10
0 9 -7
0 10 -8
0 5 4
2 1698 1702
3 1699 1700 1701
0 4 -9
0 3 -3
0 9 4
3 1703 1704 1705
0 0 4
0 -7 -8
0 -4 -6
2 1707 1714
2 1708 1711
2 1709 1710
0 -6 -4
0 9 -7
2 1712 1713
0 -2 -8
0 3 -2
2 1715 1718
2 1716 1717
0 5 3
0 9 2
3 1719 1720 1721
0 -9 1
0 4 -6
0 -5 2
4 1723 1735 1747 1759
3 1724 1727 1730
2 1725 1726
0 -2 -10
0 -1 0
2 1728 1729
0 7 3
0 4 7
2 1731 1734
2 1732 1733
0 -10 7
0 6 -6
0 -2 -5
3 1736 1741 1744
2 1737 1740
2 1738 1739
0 -6 -2
0 -5 -3
0 -8 -1
2 1742 1743
0 -2 7
0 6 -4
2 1745 1746
0 -5 -1
0 8 2
4 1748 1749 1750 1758
0 -7 -10
0 3 8
2 1751 1754
2 1752 1753
0 -9 -9
0 -8 5
3 1755 1756 1757
0 5 -4
0 9 4
0 6 -10
0 5 -6
2 1760 1766
2 1761 1762
0 -8 -7
3 1763 1764 1765
0 -6 -8
0 0 0
0 -8 10
2 1767 1770
2 1768 1769
0 -9 3
0 2 -7
2 1771 1772
0 9 4
0 -8 6
4 1774 1786 1800 1812
2 1775 1780
2 1776 1777
0 4 7
2 1778 1779
0 -6 0
0 -5 -5
2 1781 1782
0 -2 -4
3 1783 1784 1785
0 -5 2
0 9 10
0 1 6
3 1787 1792 1796
2 1788 1791
2 1789 1790
0 7 8
0 -6 10
0 -4 -9
3 1793 1794 1795
0 -4 -4
0 1 2
0 4 -3
3 1797 1798 1799
0 -3 -2
0 -7 10
0 -2 -5
3 1801 1806 1809
2 1802 1805
2 1803 1804
0 -5 -9
0 -3 2
0 -6 3
2 1807 1808
0 10 1
0 5 9
2 1810 1811
0 -6 10
0 8 -6
4 1813 1814 1815 1823
0 -3 0
0 7 -5
2 1816 1819
2 1817 1818
0 10 -5
0 -4 4
3 1820 1821 1822
0 5 7
0 -6 -7
0 -1 -10
0 -1 5
4 1825 1838 1852 1865
2 1826 1832
2 1827 1828
0 -6 -9
3 1829 1830 1831
0 5 -5
0 -7 5
0 4 4
2 1833 1834
0 5 -8
3 1835 1836 1837
0 -9 5
0 1 -6
0 -7 -3
3 1839 1843 1847
3 1840 1841 1842
0 4 -7
0 -2 2
0 7 10
3 1844 1845 1846
0 -3 10
0 -4 10
0 3 -9
2 1848 1851
2 1849 1850
0 -10 4
0 4 4
0 -10 -1
2 1853 1859
2 1854 1855
0 2 -3
3 1856 1857 1858
0 6 0
0 -1 7
0 0 -3
2 1860 1861
0 -4 -8
3 1862 1863 1864
0 -6 -6
0 -6 -8
0 8 9
3 1866 1870 1874
3 1867 1868 1869
0 -9 -4
0 4 0
0 8 7
3 1871 1872 1873
0 7 3
0 10 9
0 4 -9
3 1875 1876 1877
0 10 5
0 -7 5
0 -5 -3
3 1879 1948 2017
3 1880 1904 1926
2 1881 1893
2 1882 1888
2 1883 1884
0 -7 -10
3 1885 1886 1887
0 1 -3
0 7 -7
0 -10 -7
2 1889 1890
0 -3 10
2 1891 1892
0 6 -7
0 6 -6
4 1894 1901 1902 1903
2 1895 1898
2 1896 1897
0 9 1
0 -2 -8
2 1899 1900
0 2 4
0 10 0
0 -9 8
0 -8 4
0 10 -8
2 1905 1916
4 1906 1907 1914 1915
0 6 -8
2 1908 1911
2 1909 1910
0 -9 -3
0 1 -9
2 1912 1913
0 -9 -2
0 10 -10
0 6 6
0 1 -3
2 1917 1922
2 1918 1919
0 2 -9
2 1920 1921
0 -1 -7
0 9 -10
3 1923 1924 1925
0 8 -7
0 -2 9
0 -6 5
4 1927 1932 1937 1942
2 1928 1931
2 1929 1930
0 -5 -10
0 -2 8
0 -8 -10
2 1933 1936
2 1934 1935
0 -3 5
0 -2 -10
0 4 -3
2 1938 1941
2 1939 1940
0 5 -1
0 -9 3
0 -7 3
2 1943 1944
0 -4 9
3 1945 1946 1947
0 3 5
0 -9 9
0 -1 1
2 1949 1983
3 1950 1961 1972
4 1951 1958 1959 1960
2 1952 1955
2 1953 1954
0 -5 -2
0 10 -7
2 1956 1957
0 4 -3
0 5 0
0 10 10
0 9 0
0 -10 -6
3 1962 1965 1968
2 1963 1964
0 5 -3
0 -2 -1
2 1966 1967
0 3 -10
0 6 -6
3 1969 1970 1971
0 7 0
0 -3 -2
0 2 7
4 1973 1974 1975 1976
0 9 -6
0 -2 -1
0 -1 -8
2 1977 1980
2 1978 1979
0 -4 -4
0 1 -9
2 1981 1982
0 10 9
0 -10 10
3 1984 1995 2006
3 1985 1989 1992
3 1986 1987 1988
0 10 -2
0 2 2
0 2 -4
2 1990 1991
0 9 7
0 -7 -5
2 1993 1994
0 2 4
0 -5 4
3 1996 1999 2002
2 1997 1998
0 10 -7
0 -5 -9
2 2000 2001
0 -8 -10
0 2 -9
3 2003 2004 2005
0 3 -2
0 -5 0
0 -4 -9
2 2007 2012
2 2008 2011
2 2009 2010
0 2 -2
0 2 5
0 4 5
2 2013 2016
2 2014 2015
0 -3 -9
0 0 0
0 5 7
3 2018 2040 2064
3 2019 2026 2033
2 2020 2023
2 2021 2022
0 6 7
0 5 -1
2 2024 2025
0 1 -3
0 -4 -1
2 2027 2030
2 2028 2029
0 5 2
0 3 6
2 2031 2032
0 5 -4
0 5 7
2 2034 2037
2 2035 2036
0 -2 -9
0 0 6
2 2038 2039
0 8 -4
0 7 9
4 2041 2049 2054 2059
3 2042 2043 2048
0 -9 5
2 2044 2045
0 -2 -2
2 2046 2047
0 9 -3
0 7 1
0 0 -5
2 2050 2051
0 5 4
2 2052 2053
0 -7 -7
0 3 -9
2 2055 2058
2 2056 2057
0 3 -9
0 -8 0
0 6 -1
2 2060 2063
2 2061 2062
0 -7 3
0 8 1
0 -10 -4
4 2065 2070 2076 2081
2 2066 2067
0 -8 1
2 2068 2069
0 2 0
0 -3 -7
2 2071 2072
0 -2 7
3 2073 2074 2075
0 0 0
0 -1 -10
0 6 4
2 2077 2078
0 -10 1
2 2079 2080
0 -1 8
0 -2 -7
2 2082 2085
2 2083 2084
0 -9 -4
0 2 -7
0 -7 -9
2 2087 2190
3 2088 2122 2156
3 2089 2100 2111
3 2090 2094 2097
3 2091 2092 2093
0 9 -9
0 5 -8
0 6 -9
2 2095 2096
0 -4 9
0 3 -10
2 2098 2099
0 8 6
0 10 5
3 2101 2104 2107
2 2102 2103
0 5 1
0 -2 4
2 2105 2106
0 0 -1
0 -4 4
3 2108 2109 2110
0 -9 10
0 -4 -7
0 9 5
4 2112 2113 2114 2121
0 -4 0
0 3 -10
2 2115 2118
2 2116 2117
0 8 -3
0 -4 10
2 2119 2120
0 8 -7
0 -6 -10
0 2 9
2 2123 2140
4 2124 2128 2132 2136
3 2125 2126 2127
0 -2 7
0 -10 1
0 0 0
3 2129 2130 2131
0 6 -3
0 4 -8
0 9 1
3 2133 2134 2135
0 1 -7
0 10 1
0 5 4
3 2137 2138 2139
0 10 0
0 10 -8
0 -8 4
2 2141 2149
2 2142 2145
2 2143 2144
0 3 8
0 -6 -2
3 2146 2147 2148
0 6 6
0 -2 9
0 -6 7
2 2150 2153
2 2151 2152
0 10 -4
0 8 -6
2 2154 2155
0 6 -5
0 -2 -9
2 2157 2174
3 2158 2164 2169
2 2159 2163
3 2160 2161 2162
0 9 6
0 -1 -8
0 -1 5
0 -5 -6
2 2165 2166
0 8 3
2 2167 2168
0 -5 -6
0 -6 10
2 2170 2171
0 5 -3
2 2172 2173
0 4 6
0 3 4
3 2175 2180 2185
2 2176 2179
2 2177 2178
0 2 0
0 -4 -5
0 9 8
2 2181 2184
2 2182 2183
0 0 8
0 4 9
0 -1 -2
2 2186 2189
2 2187 2188
0 1 -4
0 10 -4
0 3 -10
4 2191 2216 2241 2266
3 2192 2200 2208
2 2193 2197
3 2194 2195 2196
0 5 10
0 2 2
0 -10 -5
2 2198 2199
0 -9 1
0 0 0
2 2201 2204
2 2202 2203
0 8 9
0 -3 2
3 2205 2206 2207
0 -5 5
0 9 -8
0 -9 6
2 2209 2212
2 2210 2211
0 2 -1
0 -6 -4
3 2213 2214 2215
0 -8 1
0 1 -8
0 -2 0
2 2217 2229
2 2218 2224
2 2219 2223
3 2220 2221 2222
0 5 8
0 6 9
0 -6 -5
0 8 -7
2 2225 2228
2 2226 2227
0 7 3
0 -4 5
0 -5 10
4 2230 2238 2239 2240
3 2231 2236 2237
2 2232 2233
0 6 2
2 2234 2235
0 -2 -5
0 -4 3
0 -6 -7
0 -6 5
0 9 5
0 -8 -4
0 -2 -4
3 2242 2250 2258
2 2243 2247
3 2244 2245 2246
0 -7 4
0 9 -4
0 -5 0
2 2248 2249
0 8 -7
0 4 -8
2 2251 2254
2 2252 2253
0 9 -1
0 4 -3
3 2255 2256 2257
0 -5 -7
0 4 6
0 4 -10
2 2259 2262
2 2260 2261
0 -5 -6
0 1 7
3 2263 2264 2265
0 1 -8
0 -4 -3
0 3 6
2 2267 2281
3 2268 2272 2277
3 2269 2270 2271
0 5 9
0 -6 -3
0 4 7
2 2273 2274
0 1 -7
2 2275 2276
0 6 10
0 -8 2
3 2278 2279 2280
0 4 10
0 8 8
0 -1 5
4 2282 2285 2288 2291
2 2283 2284
0 0 -6
0 -3 -4
2 2286 2287
0 -1 -7
0 -5 8
2 2289 2290
0 -5 -5
0 2 -8
2 2292 2293
0 9 -10
0 -9 -7
4 2295 2349 2400 2451
3 2296 2315 2332
4 2297 2301 2305 2311
3 2298 2299 2300
0 -5 2
0 -4 10
0 5 -4
3 2302 2303 2304
0 1 -4
0 -4 0
0 -6 -2
2 2306 2310
3 2307 2308 2309
0 2 5
0 1 8
0 -6 4
0 9 -7
3 2312 2313 2314
0 6 8
0 -10 -4
0 2 10
3 2316 2321 2326
2 2317 2318
0 5 -1
2 2319 2320
0 8 -3
0 -5 0
2 2322 2325
2 2323 2324
0 -6 10
0 -9 6
0 -1 8
2 2327 2331
3 2328 2329 2330
0 -8 5
0 -10 -6
0 1 0
0 -1 -10
4 2333 2337 2341 2345
3 2334 2335 2336
0 -10 5
0 -10 9
0 -5 -1
3 2338 2339 2340
0 1 7
0 -3 1
0 -3 6
3 2342 2343 2344
0 -4 -6
0 -8 8
0 -6 -8
3 2346 2347 2348
0 8 -7
0 4 5
0 0 0
2 2350 2375
3 2351 2359 2367
2 2352 2355
2 2353 2354
0 7 8
0 -7 -10
3 2356 2357 2358
0 3 -3
0 -1 4
0 -9 6
2 2360 2363
2 2361 2362
0 -10 7
0 -2 -6
3 2364 2365 2366
0 -5 0
0 -6 4
0 2 8
2 2368 2372
3 2369 2370 2371
0 -2 10
0 -4 -6
0 -9 3
2 2373 2374
0 4 4
0 -8 1
4 2376 2382 2388 2394
2 2377 2381
3 2378 2379 2380
0 9 -8
0 8 5
0 -10 4
0 5 6
2 2383 2387
3 2384 2385 2386
0 -8 8
0 5 -2
0 10 8
0 5 -10
2 2389 2390
0 -6 -1
3 2391 2392 2393
0 -5 1
0 -8 -6
0 -3 1
2 2395 2399
3 2396 2397 2398
0 5 -10
0 7 4
0 -1 -2
0 -7 3
2 2401 2426
4 2402 2408 2414 2420
2 2403 2404
0 -3 6
3 2405 2406 2407
0 7 5
0 -8 -2
0 -1 5
2 2409 2410
0 0 4
3 2411 2412 2413
0 -6 -7
0 7 -3
0 2 -5
2 2415 2416
0 8 -2
3 2417 2418 2419
0 8 7
0 -4 -5
0 -2 0
2 2421 2425
3 2422 2423 2424
0 -7 -6
0 2 -4
0 -8 4
0 -1 -10
4 2427 2433 2439 2445
2 2428 2432
3 2429 2430 2431
0 8 4
0 2 6
0 0 6
0 -1 -10
2 2434 2438
3 2435 2436 2437
0 -10 -9
0 -1 -2
0 -8 7
0 -3 5
2 2440 2441
0 -4 8
3 2442 2443 2444
0 5 -4
0 -3 -6
0 -4 9
2 2446 2450
3 2447 2448 2449
0 1 4
0 -7 -2
0 10 -1
0 9 0
4 2452 2464 2478 2490
2 2453 2458
2 2454 2457
2 2455 2456
0 -8 -3
0 6 -10
0 -1 -2
2 2459 2460
0 -1 -10
3 2461 2462 2463
0 -3 5
0 -6 9
0 -5 0
3 2465 2470 2474
2 2466 2467
0 9 2
2 2468 2469
0 -6 -4
0 10 -10
3 2471 2472 2473
0 6 -4
0 -7 9
0 10 -9
3 2475 2476 2477
0 -9 3
0 6 10
0 -3 -1
3 2479 2484 2487
2 2480 2481
0 0 -3
2 2482 2483
0 -4 4
0 -2 10
2 2485 2486
0 3 6
0 9 -5
2 2488 2489
0 7 9
0 3 3
4 2491 2492 2493 2501
0 3 -9
0 -5 -10
3 2494 2499 2500
2 2495 2498
2 2496 2497
0 2 -1
0 -6 1
0 1 9
0 -8 -10
0 8 -2
0 9 1
3 2503 2781 3058
4 2504 2573 2643 2712
2 2505 2539
3 2506 2517 2528
4 2507 2508 2509 2510
0 -3 4
0 3 4
0 10 6
2 2511 2514
2 2512 2513
0 10 8
0 -7 8
2 2515 2516
0 6 10
0 -10 0
3 2518 2522 2525
3 2519 2520 2521
0 -2 8
0 5 7
0 0 -9
2 2523 2524
0 -7 -3
0 -5 5
2 2526 2527
0 7 9
0 -10 -3
2 2529 2534
2 2530 2533
2 2531 2532
0 -10 -9
0 -3 7
0 10 0
2 2535 2536
0 8 -10
2 2537 2538
0 7 -4
0 10 10
2 2540 2556
3 2541 2546 2551
2 2542 2543
0 3 7
2 2544 2545
0 -1 -10
0 5 -6
2 2547 2548
0 -10 6
2 2549 2550
0 -4 10
0 -1 9
2 2552 2555
2 2553 2554
0 -10 -5
0 -9 5
0 -9 9
2 2557 2565
2 2558 2562
3 2559 2560 2561
0 -9 8
0 9 0
0 10 -9
2 2563 2564
0 -5 -6
0 -3 2
2 2566 2569
2 2567 2568
0 4 3
0 -9 9
3 2570 2571 2572
0 3 1
0 -1 8
0 -5 6
3 2574 2597 2620
2 2575 2586
4 2576 2577 2584 2585
0 -8 5
2 2578 2581
2 2579 2580
0 10 5
0 9 -10
2 2582 2583
0 -7 -7
0 3 -3
0 -10 1
0 6 -5
2 2587 2592
2 2588 2591
2 2589 2590
0 -9 10
0 -1 4
0 5 -2
2 2593 2594
0 -6 -7
2 2595 2596
0 6 8
0 2 10
4 2598 2605 2610 2615
2 2599 2602
2 2600 2601
0 -8 -9
0 3 5
2 2603 2604
0 -7 2
0 -6 -3
2 2606 2607
0 -8 -1
2 2608 2609
0 -5 7
0 -8 -6
2 2611 2612
0 9 9
2 2613 2614
0 -7 10
0 8 -8
2 2616 2617
0 -2 1
2 2618 2619
0 -10 -10
0 -2 -3
3 2621 2629 2636
2 2622 2625
2 2623 2624
0 1 -10
0 1 6
3 2626 2627 2628
0 -7 -4
0 -8 -7
0 1 -8
2 2630 2633
2 2631 2632
0 3 2
0 2 -1
2 2634 2635
0 6 3
0 -6 -10
2 2637 2640
2 2638 2639
0 -3 6
0 -9 -6
2 2641 2642
0 6 6
0 -3 -7
4 2644 2661 2678 2695
2 2645 2653
3 2646 2651 2652
2 2647 2648
0 -2 -7
2 2649 2650
0 0 5
0 10 -8
0 -3 -2
0 9 9
2 2654 2657
2 2655 2656
0 -2 9
0 7 -3
3 2658 2659 2660
0 7 0
0 4 -10
0 0 3
4 2662 2666 2670 2674
3 2663 2664 2665
0 5 6
0 -6 4
0 -8 -9
3 2667 2668 2669
0 0 6
0 -5 0
0 5 -1
3 2671 2672 2673
0 -5 7
0 -4 1
0 -3 -3
3 2675 2676 2677
0 -3 -3
0 -8 1
0 -2 -10
2 2679 2687
2 2680 2684
3 2681 2682 2683
0 -6 5
0 -1 -8
0 2 3
2 2685 2686
0 -8 -9
0 7 3
2 2688 2691
2 2689 2690
0 2 -4
0 -3 -2
3 2692 2693 2694
0 -9 -5
0 10 4
0 8 5
2 2696 2704
2 2697 2700
2 2698 2699
0 -4 -9
0 -10 5
3 2701 2702 2703
0 7 -5
0 8 -3
0 4 1
2 2705 2708
2 2706 2707
0 5 0
0 -6 9
3 2709 2710 2711
0 7 -10
0 7 -4
0 -4 7
3 2713 2735 2757
3 2714 2721 2728
2 2715 2718
2 2716 2717
0 2 5
0 5 -8
2 2719 2720
0 5 4
0 5 -5
2 2722 2725
2 2723 2724
0 -7 -9
0 -6 2
2 2726 2727
0 10 5
0 -4 -2
2 2729 2732
2 2730 2731
0 4 9
0 -2 7
2 2733 2734
0 -10 0
0 6 1
3 2736 2743 2750
2 2737 2740
2 2738 2739
0 8 -5
0 -8 -4
2 2741 2742
0 9 -7
0 -3 9
2 2744 2747
2 2745 2746
0 -8 9
0 -1 -3
2 2748 2749
0 5 -9
0 -6 8
2 2751 2754
2 2752 2753
0 3 2
0 5 7
2 2755 2756
0 -6 -5
0 6 -7
3 2758 2767 2774
3 2759 2765 2766
2 2760 2764
3 2761 2762 2763
0 0 -9
0 0 -10
0 -7 -9
0 -6 -5
0 -4 0
0 -9 10
2 2768 2771
2 2769 2770
0 10 3
0 8 7
2 2772 2773
0 4 -9
0 -3 -8
2 2775 2778
2 2776 2777
0 -8 -5
0 5 9
2 2779 2780
0 1 10
0 -5 -7
3 2782 2874 2966
4 2783 2805 2827 2849
2 2784 2794
2 2785 2790
2 2786 2787
0 -6 9
2 2788 2789
0 4 0
0 3 7
3 2791 2792 2793
0 8 0
0 -5 7
0 0 9
4 2795 2796 2797 2804
0 1 1
0 -3 -3
2 2798 2801
2 2799 2800
0 0 5
0 0 0
2 2802 2803
0 -6 5
0 -2 -4
0 -2 -1
4 2806 2811 2816 2821
2 2807 2808
0 0 -2
2 2809 2810
0 2 -4
0 7 -1
2 2812 2815
2 2813 2814
0 0 -4
0 -3 5
0 6 2
2 2817 2818
0 3 -3
2 2819 2820
0 1 10
0 -7 -3
2 2822 2826
3 2823 2824 2825
0 -4 -9
0 -1 -6
0 -5 -7
0 -10 10
4 2828 2833 2838 2844
2 2829 2832
2 2830 2831
0 -10 -3
0 -6 -3
0 -10 -2
2 2834 2837
2 2835 2836
0 -5 -8
0 -6 10
0 -6 0
2 2839 2840
0 1 4
3 2841 2842 2843
0 -5 0
0 -4 -7
0 5 -2
2 2845 2846
0 1 -1
2 2847 2848
0 9 -9
0 6 -8
2 2850 2862
3 2851 2856 2859
2 2852 2853
0 -6 -8
2 2854 2855
0 6 3
0 -2 6
2 2857 2858
0 2 -6
0 2 -2
2 2860 2861
0 -1 1
0 1 -10
4 2863 2871 2872 2873
3 2864 2869 2870
2 2865 2866
0 3 2
2 2867 2868
0 -8 1
0 -3 -10
0 0 -8
0 1 9
0 -10 3
0 7 -2
0 3 2
2 2875 2921
2 2876 2898
3 2877 2884 2891
2 2878 2881
2 2879 2880
0 1 7
0 -10 -7
2 2882 2883
0 -7 3
0 1 -8
2 2885 2888
2 2886 2887
0 -8 7
0 -8 10
2 2889 2890
0 2 7
0 8 -2
2 2892 2895
2 2893 2894
0 2 -6
0 -5 -10
2 2896 2897
0 8 -2
0 5 9
4 2899 2906 2911 2916
2 2900 2903
2 2901 2902
0 4 -3
0 -5 3
2 2904 2905
0 -8 -8
0 10 7
2 2907 2910
2 2908 2909
0 4 0
0 -6 2
0 5 4
2 2912 2913
0 2 -6
2 2914 2915
0 -10 3
0 2 -4
2 2917 2918
0 5 -9
2 2919 2920
0 6 8
0 2 2
2 2922 2944
3 2923 2930 2937
2 2924 2927
2 2925 2926
0 -4 -8
0 -8 -7
2 2928 2929
0 -5 -8
0 2 -2
2 2931 2934
2 2932 2933
0 4 2
0 -3 8
2 2935 2936
0 4 2
0 0 8
2 2938 2941
2 2939 2940
0 5 -9
0 -9 -1
2 2942 2943
0 7 9
0 2 -6
2 2945 2956
3 2946 2949 2952
2 2947 2948
0 -9 10
0 5 -4
2 2950 2951
0 -7 5
0 -10 1
3 2953 2954 2955
0 -3 -10
0 -9 -6
0 -5 7
3 2957 2960 2963
2 2958 2959
0 -8 4
0 10 8
2 2961 2962
0 4 -6
0 7 2
2 2964 2965
0 6 -1
0 -6 -2
2 2967 3013
3 2968 2983 2998
4 2969 2972 2975 2980
2 2970 2971
0 -7 0
0 -7 -10
2 2973 2974
0 -6 0
0 -9 3
2 2976 2977
0 9 -6
2 2978 2979
0 -9 -9
0 8 -8
2 2981 2982
0 3 2
0 -6 -6
3 2984 2988 2992
3 2985 2986 2987
0 -6 1
0 -10 0
0 -3 -10
3 2989 2990 2991
0 -10 2
0 8 10
0 9 -2
2 2993 2994
0 -5 6
3 2995 2996 2997
0 3 -4
0 1 9
0 7 -2
4 2999 3002 3005 3008
2 3000 3001
0 5 8
0 -1 10
2 3003 3004
0 0 -8
0 9 -4
2 3006 3007
0 -10 3
0 8 5
2 3009 3010
0 7 5
2 3011 3012
0 5 4
0 6 0
3 3014 3028 3044
2 3015 3021
2 3016 3020
3 3017 3018 3019
0 0 3
0 1 9
0 0 10
0 -1 4
2 3022 3025
2 3023 3024
0 5 -8
0 -4 5
2 3026 3027
0 5 8
0 10 -10
3 3029 3034 3039
2 3030 3033
2 3031 3032
0 -9 -4
0 6 -3
0 -2 6
2 3035 3038
2 3036 3037
0 6 10
0 9 4
0 -9 -10
2 3040 3043
2 3041 3042
0 -4 9
0 9 8
0 10 6
4 3045 3048 3051 3054
2 3046 3047
0 5 6
0 0 2
2 3049 3050
0 2 2
0 4 -9
2 3052 3053
0 -5 0
0 -5 -1
3 3055 3056 3057
0 -1 -1
0 -9 6
0 3 0
4 3059 3128 3197 3266
4 3060 3077 3094 3111
2 3061 3069
3 3062 3063 3068
0 -4 -7
2 3064 3067
2 3065 3066
0 -9 -7
0 -1 2
0 8 6
0 3 6
2 3070 3074
3 3071 3072 3073
0 8 2
0 4 -7
0 -4 10
2 3075 3076
0 5 -8
0 1 -8
2 3078 3086
2 3079 3083
3 3080 3081 3082
0 7 9
0 -8 -10
0 1 -4
2 3084 3085
0 10 9
0 4 0
2 3087 3091
3 3088 3089 3090
0 8 7
0 2 8
0 0 8
2 3092 3093
0 -3 6
0 -10 -7
4 3095 3099 3103 3107
3 3096 3097 3098
0 -1 6
0 5 -4
0 3 5
3 3100 3101 3102
0 -10 -10
0 5 7
0 1 -4
3 3104 3105 3106
0 -9 -3
0 7 -10
0 2 -10
3 3108 3109 3110
0 -6 -6
0 -3 8
0 10 -3
2 3112 3120
2 3113 3116
2 3114 3115
0 -9 -10
0 -9 7
3 3117 3118 3119
0 -2 -3
0 -1 10
0 7 6
3 3121 3122 3127
0 7 5
2 3123 3124
0 -6 -4
2 3125 3126
0 -9 9
0 9 10
0 1 -9
3 3129 3151 3175
2 3130 3141
3 3131 3135 3138
3 3132 3133 3134
0 7 -10
0 3 3
0 -9 -2
2 3136 3137
0 8 -5
0 -6 -6
2 3139 3140
0 -1 0
0 -10 -1
4 3142 3143 3149 3150
0 -3 -6
2 3144 3148
3 3145 3146 3147
0 6 2
0 -6 -9
0 -7 -3
0 -6 9
0 -7 -4
0 1 6
3 3152 3159 3166
2 3153 3156
2 3154 3155
0 -4 4
0 6 5
2 3157 3158
0 8 -8
0 8 5
2 3160 3163
2 3161 3162
0 9 7
0 2 -10
2 3164 3165
0 6 -6
0 10 -8
2 3167 3171
3 3168 3169 3170
0 -10 0
0 1 -9
0 -1 0
3 3172 3173 3174
0 -1 10
0 3 -10
0 7 -6
2 3176 3186
3 3177 3180 3183
2 3178 3179
0 8 9
0 -7 -1
2 3181 3182
0 -3 -7
0 -10 0
2 3184 3185
0 0 3
0 8 3
2 3187 3192
2 3188 3191
2 3189 3190
0 -2 4
0 -1 0
0 -10 6
2 3193 3196
2 3194 3195
0 -6 8
0 -4 -6
0 -2 -5
2 3198 3232
2 3199 3216
3 3200 3205 3211
2 3201 3202
0 -9 -7
2 3203 3204
0 2 -7
0 -8 6
2 3206 3210
3 3207 3208 3209
0 -2 3
0 8 9
0 -7 -8
0 6 5
2 3212 3213
0 9 9
2 3214 3215
0 -10 4
0 -6 -8
2 3217 3225
2 3218 3222
3 3219 3220 3221
0 0 -9
0 -6 -1
0 7 9
2 3223 3224
0 6 10
0 4 10
2 3226 3229
2 3227 3228
0 0 -6
0 -6 8
2 3230 3231
0 -1 3
0 2 -3
2 3233 3250
2 3234 3242
3 3235 3236 3237
0 -1 10
0 7 -7
2 3238 3239
0 7 7
2 3240 3241
0 -9 5
0 9 9
2 3243 3247
3 3244 3245 3246
0 -2 -8
0 0 -4
0 10 -5
2 3248 3249
0 -9 8
0 10 8
2 3251 3258
2 3252 3255
2 3253 3254
0 -1 1
0 -5 10
2 3256 3257
0 -5 -9
0 -10 0
3 3259 3264 3265
2 3260 3261
0 -2 4
2 3262 3263
0 10 0
0 -5 4
0 5 8
0 0 -10
3 3267 3291 3313
3 3268 3277 3284
3 3269 3275 3276
2 3270 3274
3 3271 3272 3273
0 2 -3
0 4 9
0 -5 5
0 -7 -5
0 -2 -10
0 -6 5
2 3278 3281
2 3279 3280
0 9 -10
0 8 7
2 3282 3283
0 2 0
0 10 -3
2 3285 3288
2 3286 3287
0 6 0
0 -9 -4
2 3289 3290
0 -3 9
0 -8 -2
2 3292 3302
4 3293 3294 3300 3301
0 6 -6
2 3295 3296
0 3 1
3 3297 3298 3299
0 8 -7
0 -7 -1
0 0 -7
0 -9 -7
0 -5 0
2 3303 3308
2 3304 3307
2 3305 3306
0 -3 -8
0 7 -10
0 -10 8
2 3309 3310
0 -4 -9
2 3311 3312
0 5 4
0 3 6
2 3314 3324
3 3315 3318 3321
2 3316 3317
0 -2 -8
0 -6 -5
2 3319 3320
0 6 2
0 -4 -5
2 3322 3323
0 -6 -10
0 -3 0
4 3325 3326 3333 3334
0 7 -9
2 3327 3330
2 3328 3329
0 3 0
0 -3 4
2 3331 3332
0 2 3
0 -8 -2
0 3 5
0 2 -7
4 3336 4169 5002 5835
3 3337 3615 3892
4 3338 3407 3477 3546
3 3339 3361 3385
2 3340 3350
2 3341 3345
3 3342 3343 3344
0 4 1
0 -7 2
0 -9 4
2 3346 3347
0 -10 5
2 3348 3349
0 -5 0
0 -7 -1
4 3351 3352 3353 3354
0 9 8
0 6 -9
0 -6 0
2 3355 3358
2 3356 3357
0 8 6
0 -5 -5
2 3359 3360
0 -7 1
0 -4 8
3 3362 3369 3378
2 3363 3366
2 3364 3365
0 8 6
0 6 -5
2 3367 3368
0 -7 7
0 1 0
3 3370 3371 3377
0 8 -10
2 3372 3376
3 3373 3374 3375
0 5 6
0 -7 10
0 -8 5
0 -8 -5
0 -8 -7
2 3379 3382
2 3380 3381
0 -8 4
0 0 -10
2 3383 3384
0 -7 -9
0 5 -7
4 3386 3391 3397 3402
2 3387 3388
0 -8 9
2 3389 3390
0 6 9
0 -4 -8
2 3392 3396
3 3393 3394 3395
0 6 -5
0 -9 0
0 -2 8
0 6 -8
2 3398 3399
0 -2 6
2 3400 3401
0 -6 10
0 7 8
2 3403 3406
2 3404 3405
0 9 1
0 -8 -8
0 2 4
4 3408 3425 3442 3459
2 3409 3417
3 3410 3411 3416
0 7 -2
2 3412 3415
2 3413 3414
0 -2 -1
0 -7 -4
0 1 -7
0 -7 -7
2 3418 3422
3 3419 3420 3421
0 -8 9
0 -1 0
0 5 2
2 3423 3424
0 9 5
0 7 8
4 3426 3430 3434 3438
3 3427 3428 3429
0 4 -10
0 -3 5
0 -1 9
3 3431 3432 3433
0 -9 2
0 -5 8
0 3 9
3 3435 3436 3437
0 4 -9
0 -8 9
0 -5 -1
3 3439 3440 3441
0 1 -4
0 9 -5
0 -3 4
2 3443 3451
3 3444 3445 3450
0 -7 10
2 3446 3449
2 3447 3448
0 2 6
0 -3 -3
0 -10 10
0 6 0
2 3452 3455
2 3453 3454
0 6 2
0 6 8
3 3456 3457 3458
0 5 8
0 4 5
0 -2 -5
4 3460 3464 3469 3473
3 3461 3462 3463
0 -9 5
0 -6 -5
0 -3 4
2 3465 3466
0 -9 -3
2 3467 3468
0 2 -6
0 3 -1
3 3470 3471 3472
0 3 1
0 10 -9
0 -5 8
3 3474 3475 3476
0 8 3
0 0 3
0 1 -2
4 3478 3495 3512 3529
2 3479 3487
2 3480 3483
2 3481 3482
0 0 -7
0 0 -10
3 3484 3485 3486
0 -7 -2
0 6 6
0 6 -6
3 3488 3493 3494
2 3489 3490
0 -8 0
2 3491 3492
0 -4 2
0 -5 5
0 0 -3
0 1 -3
2 3496 3504
3 3497 3498 3499
0 -7 7
0 7 0
2 3500 3503
2 3501 3502
0 1 -7
0 0 -1
0 8 -10
2 3505 3509
3 3506 3507 3508
0 7 5
0 -4 7
0 5 1
2 3510 3511
0 0 0
0 -4 -1
3 3513 3519 3524
2 3514 3515
0 9 -5
3 3516 3517 3518
0 -6 -2
0 -5 -5
0 -6 -5
2 3520 3523
2 3521 3522
0 9 -3
0 5 -6
0 -8 -3
2 3525 3526
0 8 -3
2 3527 3528
0 0 -10
0 9 -9
3 3530 3535 3541
2 3531 3534
2 3532 3533
0 9 -4
0 -5 1
0 8 4
2 3536 3540
3 3537 3538 3539
0 -3 -4
0 9 6
0 -7 -10
0 5 -2
2 3542 3545
2 3543 3544
0 4 -5
0 -6 3
0 5 1
4 3547 3564 3581 3598
3 3548 3553 3559
2 3549 3550
0 -6 -9
2 3551 3552
0 -9 -4
0 9 -4
2 3554 3558
3 3555 3556 3557
0 -2 -5
0 6 8
0 1 5
0 -2 -4
2 3560 3563
2 3561 3562
0 10 -3
0 -8 10
0 -7 0
3 3565 3571 3576
2 3566 3570
3 3567 3568 3569
0 0 3
0 -2 1
0 -5 -1
0 -7 3
2 3572 3573
0 -9 5
2 3574 3575
0 4 -6
0 -8 1
2 3577 3580
2 3578 3579
0 2 4
0 -2 9
0 8 -5
3 3582 3587 3593
2 3583 3586
2 3584 3585
0 8 -4
0 -10 -8
0 -3 1
2 3588 3592
3 3589 3590 3591
0 9 6
0 6 -6
0 -8 9
0 -8 10
2 3594 3597
2 3595 3596
0 2 3
0 2 1
0 6 -7
4 3599 3603 3607 3611
3 3600 3601 3602
0 -4 -9
0 -7 5
0 -3 -1
3 3604 3605 3606
0 -7 4
0 4 -8
0 10 -6
3 3608 3609 3610
0 -8 -4
0 2 -5
0 6 1
3 3612 3613 3614
0 7 4
0 -5 -3
0 1 -8
4 3616 3685 3754 3823
3 3617 3641 3663
3 3618 3627 3634
3 3619 3620 3626
0 -5 4
2 3621 3622
0 5 8
3 3623 3624 3625
0 -6 8
0 7 -3
0 5 -3
0 2 10
2 3628 3631
2 3629 3630
0 8 -9
0 -6 -2
2 3632 3633
0 -6 3
0 5 -3
2 3635 3638
2 3636 3637
0 -5 -3
0 -3 -1
2 3639 3640
0 -7 9
0 10 -4
3 3642 3649 3656
2 3643 3646
2 3644 3645
0 -3 -6
0 0 -10
2 3647 3648
0 -8 -2
0 -6 -2
2 3650 3653
2 3651 3652
0 1 -4
0 6 10
2 3654 3655
0 9 2
0 -10 -2
2 3657 3660
2 3658 3659
0 4 -10
0 -2 -9
2 3661 3662
0 -3 8
0 -1 0
4 3664 3669 3675 3680
2 3665 3666
0 7 3
2 3667 3668
0 2 -4
0 2 -6
2 3670 3674
3 3671 3672 3673
0 1 8
0 2 8
0 8 0
0 4 -1
2 3676 3677
0 0 9
2 3678 3679
0 9 8
0 3 -8
2 3681 3682
0 8 0
2 3683 3684
0 0 -2
0 10 -1
2 3686 3720
3 3687 3698 3709
3 3688 3691 3695
2 3689 3690
0 4 4
0 2 -2
3 3692 3693 3694
0 -10 4
0 8 1
0 -10 -4
2 3696 3697
0 5 -2
0 -2 -7
2 3699 3704
2 3700 3701
0 -9 5
2 3702 3703
0 7 -4
0 1 -8
2 3705 3708
2 3706 3707
0 -6 10
0 -3 7
0 2 5
4 3710 3711 3712 3719
0 -5 9
0 -9 -3
2 3713 3716
2 3714 3715
0 -1 -7
0 -5 -5
2 3717 3718
0 0 -3
0 -3 0
0 1 -5
3 3721 3732 3743
3 3722 3726 3729
3 3723 3724 3725
0 -5 -5
0 9 -6
0 9 0
2 3727 3728
0 3 -9
0 -1 3
2 3730 3731
0 6 9
0 -1 -7
3 3733 3736 3739
2 3734 3735
0 4 4
0 -6 9
2 3737 3738
0 4 2
0 8 -4
3 3740 3741 3742
0 -8 -4
0 2 -9
0 6 5
3 3744 3747 3750
2 3745 3746
0 -6 -9
0 -10 3
2 3748 3749
0 -6 -2
0 -9 -6
3 3751 3752 3753
0 3 0
0 -9 -9
0 -7 9
2 3755 3789
3 3756 3767 3778
4 3757 3758 3759 3766
0 -1 1
0 -9 -1
2 3760 3763
2 3761 3762
0 -8 -2
0 -7 -8
2 3764 3765
0 -2 7
0 -4 8
0 5 7
3 3768 3772 3775
3 3769 3770 3771
0 -1 -10
0 -2 -2
0 10 -10
2 3773 3774
0 4 -5
0 -2 2
2 3776 3777
0 10 0
0 -4 -8
3 3779 3783 3786
3 3780 3781 3782
0 4 -8
0 8 -8
0 5 3
2 3784 3785
0 -7 -4
0 4 2
2 3787 3788
0 -6 -4
0 2 -5
4 3790 3798 3806 3815
3 3791 3792 3793
0 7 2
0 -3 6
2 3794 3795
0 -3 -3
2 3796 3797
0 2 -3
0 4 10
2 3799 3802
2 3800 3801
0 -2 -4
0 2 9
3 3803 3804 3805
0 1 -4
0 -6 9
0 -9 9
3 3807 3808 3809
0 -8 3
0 -2 -8
2 3810 3811
0 0 -10
3 3812 3813 3814
0 4 7
0 8 -6
0 -1 8
3 3816 3817 3822
0 2 9
2 3818 3821
2 3819 3820
0 -7 0
0 -9 -5
0 -3 5
0 -6 -9
3 3824 3846 3868
3 3825 3832 3839
2 3826 3829
2 3827 3828
0 2 -9
0 9 3
2 3830 3831
0 6 8
0 2 -1
2 3833 3836
2 3834 3835
0 -9 -6
0 2 1
2 3837 3838
0 -1 4
0 -5 -3
2 3840 3843
2 3841 3842
0 0 8
0 -10 -2
2 3844 3845
0 5 0
0 4 2
3 3847 3854 3861
2 3848 3851
2 3849 3850
0 -1 10
0 -1 -6
2 3852 3853
0 -9 -8
0 -2 5
2 3855 3858
2 3856 3857
0 10 -2
0 -9 5
2 3859 3860
0 -9 6
0 -3 5
2 3862 3865
2 3863 3864
0 -1 10
0 0 -9
2 3866 3867
0 6 -5
0 8 7
3 3869 3876 3885
2 3870 3873
2 3871 3872
0 5 -5
0 7 8
2 3874 3875
0 8 -10
0 -2 -10
3 3877 3883 3884
2 3878 3879
0 2 -2
3 3880 3881 3882
0 -9 0
0 6 4
0 8 -1
0 8 3
0 3 9
2 3886 3889
2 3887 3888
0 8 4
0 9 -1
2 3890 3891
0 0 6
0 -1 -7
3 3893 3985 4077
2 3894 3940
2 3895 3918
3 3896 3903 3910
2 3897 3900
2 3898 3899
0 10 8
0 9 8
2 3901 3902
0 1 -4
0 -8 -3
2 3904 3907
2 3905 3906
0 -4 -3
0 -9 0
2 3908 3909
0 1 -9
0 -6 8
2 3911 3914
2 3912 3913
0 3 10
0 9 3
3 3915 3916 3917
0 -1 -7
0 5 6
0 5 -8
2 3919 3929
3 3920 3923 3926
2 3921 3922
0 3 10
0 -4 -5
2 3924 3925
0 -8 7
0 5 10
2 3927 3928
0 -3 4
0 -10 -10
3 3930 3933 3937
2 3931 3932
0 -9 3
0 -8 10
3 3934 3935 3936
0 -3 -1
0 -4 10
0 6 4
2 3938 3939
0 7 -10
0 1 9
3 3941 3955 3971
2 3942 3948
2 3943 3944
0 -2 -6
3 3945 3946 3947
0 -7 -8
0 -4 8
0 -2 -9
2 3949 3952
2 3950 3951
0 -2 -2
0 -1 -7
2 3953 3954
0 -9 -3
0 0 5
2 3956 3963
2 3957 3960
2 3958 3959
0 4 5
0 9 -9
2 3961 3962
0 5 4
0 -3 -10
2 3964 3968
3 3965 3966 3967
0 -10 -7
0 6 0
0 2 -4
2 3969 3970
0 -10 2
0 -7 -1
4 3972 3975 3978 3982
2 3973 3974
0 7 -4
0 0 -4
2 3976 3977
0 7 -2
0 9 -1
3 3979 3980 3981
0 -5 -3
0 -4 0
0 2 1
2 3983 3984
0 8 -8
0 10 -7
4 3986 4008 4033 4055
4 3987 3992 3997 4002
2 3988 3991
2 3989 3990
0 3 8
0 -9 10
0 2 7
2 3993 3994
0 -10 -2
2 3995 3996
0 10 -4
0 -5 -5
2 3998 3999
0 -8 -3
2 4000 4001
0 -10 8
0 -3 6
2 4003 4004
0 9 9
3 4005 4006 4007
0 3 -8
0 4 9
0 -10 5
4 4009 4015 4021 4027
2 4010 4014
3 4011 4012 4013
0 8 4
0 3 -8
0 4 -8
0 -9 -5
2 4016 4017
0 -3 5
3 4018 4019 4020
0 -4 -3
0 1 8
0 -10 -5
2 4022 4026
3 4023 4024 4025
0 10 -7
0 0 1
0 -10 -4
0 1 -2
2 4028 4032
3 4029 4030 4031
0 -5 -10
0 6 3
0 10 -4
0 -7 -9
3 4034 4041 4048
2 4035 4038
2 4036 4037
0 -9 6
0 5 2
2 4039 4040
0 1 6
0 -6 3
2 4042 4045
2 4043 4044
0 4 -8
0 -8 -1
2 4046 4047
0 -7 -7
0 9 10
2 4049 4052
2 4050 4051
0 9 6
0 -6 5
2 4053 4054
0 -8 -10
0 -10 -3
2 4056 4066
2 4057 4062
2 4058 4061
2 4059 4060
0 1 10
0 -6 9
0 4 8
3 4063 4064 4065
0 2 -3
0 1 5
0 9 9
4 4067 4068 4075 4076
0 -4 3
2 4069 4072
2 4070 4071
0 -3 10
0 -5 -6
2 4073 4074
0 3 -10
0 -3 -4
0 9 -7
0 -8 -1
3 4078 4109 4139
3 4079 4089 4099
4 4080 4081 4082 4083
0 -9 3
0 6 6
0 0 -8
2 4084 4088
3 4085 4086 4087
0 -3 -3
0 8 9
0 -3 3
0 -6 -8
2 4090 4094
3 4091 4092 4093
0 8 1
0 0 2
0 4 -4
2 4095 4098
2 4096 4097
0 -6 4
0 -8 -1
0 -10 5
2 4100 4104
3 4101 4102 4103
0 -3 -5
0 9 3
0 -4 4
2 4105 4106
0 0 7
2 4107 4108
0 -6 8
0 1 -5
4 4110 4117 4125 4132
2 4111 4114
2 4112 4113
0 -8 -10
0 -10 -3
2 4115 4116
0 -2 2
0 -2 -6
3 4118 4123 4124
2 4119 4122
2 4120 4121
0 -2 -9
0 1 -10
0 2 -6
0 3 2
0 5 -8
2 4126 4129
2 4127 4128
0 -8 -5
0 -2 5
2 4130 4131
0 -5 -2
0 -3 -5
2 4133 4136
2 4134 4135
0 -3 1
0 5 -3
2 4137 4138
0 8 -3
0 -10 2
2 4140 4155
3 4141 4147 4151
2 4142 4143
0 0 -8
3 4144 4145 4146
0 1 -9
0 7 10
0 3 10
3 4148 4149 4150
0 -3 3
0 3 10
0 1 -5
3 4152 4153 4154
0 -9 7
0 -8 -5
0 -3 7
4 4156 4159 4162 4165
2 4157 4158
0 -10 5
0 3 2
2 4160 4161
0 -6 -3
0 -2 -10
2 4163 4164
0 3 -10
0 1 9
3 4166 4167 4168
0 -2 -8
0 -3 5
0 4 3
4 4170 4378 4586 4794
3 4171 4240 4309
4 4172 4189 4206 4223
2 4173 4181
2 4174 4177
2 4175 4176
0 0 2
0 6 -2
3 4178 4179 4180
0 1 1
0 7 3
0 2 0
2 4182 4186
3 4183 4184 4185
0 6 1
0 -3 -1
0 8 -5
2 4187 4188
0 2 4
0 10 4
3 4190 4195 4200
2 4191 4192
0 2 1
2 4193 4194
0 -10 5
0 -8 7
2 4196 4197
0 8 -2
2 4198 4199
0 10 3
0 -8 -6
2 4201 4202
0 5 -6
3 4203 4204 4205
0 8 -2
0 -6 3
0 6 -9
2 4207 4215
3 4208 4213 4214
2 4209 4212
2 4210 4211
0 -8 -7
0 4 -4
0 0 -3
0 -5 5
0 9 -2
2 4216 4220
3 4217 4218 4219
0 0 3
0 4 -2
0 -6 8
2 4221 4222
0 1 -6
0 -5 -2
4 4224 4228 4232 4236
3 4225 4226 4227
0 -2 4
0 0 -10
0 3 2
3 4229 4230 4231
0 5 -4
0 -5 0
0 -4 -4
3 4233 4234 4235
0 3 2
0 9 -9
0 7 2
3 4237 4238 4239
0 8 -6
0 -7 -8
0 0 -9
3 4241 4263 4285
4 4242 4247 4252 4258
2 4243 4246
2 4244 4245
0 10 -2
0 8 -2
0 9 6
2 4248 4251
2 4249 4250
0 -9 10
0 5 0
0 4 -8
2 4253 4257
3 4254 4255 4256
0 8 5
0 6 4
0 -4 2
0 -4 -8
2 4259 4262
2 4260 4261
0 -1 5
0 9 7
0 -5 7
4 4264 4269 4275 4280
2 4265 4266
0 9 -3
2 4267 4268
0 -5 6
0 -5 -1
2 4270 4271
0 -6 -7
3 4272 4273 4274
0 -1 -1
0 6 -6
0 -2 10
2 4276 4277
0 7 -1
2 4278 4279
0 8 -10
0 -9 -10
2 4281 4284
2 4282 4283
0 -10 3
0 8 -9
0 -2 8
4 4286 4291 4296 4301
2 4287 4290
2 4288 4289
0 10 -3
0 2 -6
0 -3 8
2 4292 4295
2 4293 4294
0 7 10
0 2 9
0 9 -7
2 4297 4300
2 4298 4299
0 2 -7
0 2 -2
0 3 4
2 4302 4305
2 4303 4304
0 -3 10
0 -3 -9
3 4306 4307 4308
0 9 -3
0 9 9
0 -9 -1
3 4310 4332 4354
4 4311 4316 4322 4327
2 4312 4315
2 4313 4314
0 6 10
0 -4 8
0 6 6
2 4317 4321
3 4318 4319 4320
0 -10 3
0 -3 -4
0 10 0
0 6 3
2 4323 4326
2 4324 4325
0 -5 8
0 -2 -7
0 5 4
2 4328 4329
0 -10 -10
2 4330 4331
0 8 -7
0 9 3
2 4333 4343
4 4334 4335 4341 4342
0 6 -1
2 4336 4337
0 10 -2
3 4338 4339 4340
0 2 6
0 6 -2
0 5 7
0 -7 7
0 -6 5
3 4344 4348 4351
3 4345 4346 4347
0 0 -1
0 5 6
0 8 -2
2 4349 4350
0 4 -6
0 -6 5
2 4352 4353
0 3 3
0 -1 8
2 4355 4366
2 4356 4361
2 4357 4360
2 4358 4359
0 -8 2
0 1 3
0 -4 4
2 4362 4365
2 4363 4364
0 -9 -7
0 8 -3
0 -4 10
2 4367 4372
2 4368 4369
0 7 8
2 4370 4371
0 9 -7
0 4 4
2 4373 4374
0 -10 -1
3 4375 4376 4377
0 1 -6
0 8 7
0 -10 -10
2 4379 4482
3 4380 4414 4448
2 4381 4398
2 4382 4390
2 4383 4386
2 4384 4385
0 -7 5
0 6 8
3 4387 4388 4389
0 7 -2
0 7 -10
0 -9 -10
2 4391 4394
2 4392 4393
0 3 -2
0 -2 -2
3 4395 4396 4397
0 -6 2
0 1 4
0 -1 -10
4 4399 4402 4405 4408
2 4400 4401
0 1 8
0 -5 6
2 4403 4404
0 3 -8
0 6 8
2 4406 4407
0 -5 9
0 -10 -1
2 4409 4410
0 -3 -4
3 4411 4412 4413
0 2 7
0 -1 -3
0 7 -4
2 4415 4432
3 4416 4421 4427
2 4417 4420
2 4418 4419
0 4 10
0 -1 10
0 -6 10
2 4422 4423
0 -2 -3
3 4424 4425 4426
0 1 3
0 -6 0
0 5 10
2 4428 4429
0 0 -8
2 4430 4431
0 0 -10
0 5 8
2 4433 4440
2 4434 4437
2 4435 4436
0 -3 5
0 -10 0
2 4438 4439
0 9 5
0 10 -4
2 4441 4445
3 4442 4443 4444
0 -8 -2
0 1 6
0 7 2
2 4446 4447
0 -4 -8
0 -7 -5
2 4449 4466
4 4450 4454 4458 4462
3 4451 4452 4453
0 3 -6
0 9 1
0 -5 -9
3 4455 4456 4457
0 -9 8
0 1 4
0 2 1
3 4459 4460 4461
0 -6 1
0 7 7
0 -1 -7
3 4463 4464 4465
0 -8 -7
0 6 4
0 10 9
4 4467 4470 4473 4476
2 4468 4469
0 -1 9
0 -6 5
2 4471 4472
0 -9 0
0 -7 -7
2 4474 4475
0 -7 10
0 4 -2
2 4477 4478
0 -9 4
3 4479 4480 4481
0 -10 6
0 -8 -9
0 -8 9
4 4483 4511 4536 4561
4 4484 4490 4499 4505
2 4485 4486
0 -5 3
3 4487 4488 4489
0 -5 9
0 -8 4
0 -7 2
2 4491 4495
3 4492 4493 4494
0 5 6
0 8 2
0 -1 9
3 4496 4497 4498
0 -1 -4
0 8 7
0 0 -8
2 4500 4501
0 -4 -7
3 4502 4503 4504
0 -7 3
0 8 0
0 -7 6
2 4506 4507
0 4 9
3 4508 4509 4510
0 -5 9
0 7 -9
0 -4 -1
3 4512 4520 4528
2 4513 4516
2 4514 4515
0 8 -8
0 8 5
3 4517 4518 4519
0 -9 -9
0 -9 6
0 10 2
2 4521 4524
2 4522 4523
0 -7 -5
0 4 1
3 4525 4526 4527
0 -4 -10
0 -9 3
0 4 -5
3 4529 4530 4531
0 9 -10
0 -7 6
2 4532 4533
0 -9 -10
2 4534 4535
0 4 9
0 0 2
2 4537 4549
4 4538 4539 4540 4548
0 -4 5
0 -2 -6
2 4541 4544
2 4542 4543
0 -6 -7
0 7 5
3 4545 4546 4547
0 -5 1
0 -6 -10
0 -7 0
0 3 10
4 4550 4558 4559 4560
3 4551 4552 4553
0 -10 -7
0 -9 4
2 4554 4557
2 4555 4556
0 4 -5
0 -1 3
0 -8 0
0 8 1
0 -8 2
0 8 10
3 4562 4570 4578
2 4563 4567
3 4564 4565 4566
0 -4 -8
0 -3 0
0 -4 1
2 4568 4569
0 -9 10
0 -6 4
3 4571 4572 4577
0 8 -1
2 4573 4574
0 -3 9
2 4575 4576
0 -1 6
0 10 10
0 -7 6
2 4579 4582
2 4580 4581
0 8 0
0 -3 -3
3 4583 4584 4585
0 3 -8
0 0 1
0 -1 -3
3 4587 4656 4725
2 4588 4622
4 4589 4598 4606 4614
3 4590 4591 4592
0 7 -10
0 7 -5
2 4593 4597
3 4594 4595 4596
0 -6 6
0 -6 9
0 7 2
0 -3 2
2 4599 4602
2 4600 4601
0 5 1
0 7 -4
3 4603 4604 4605
0 -10 7
0 9 -4
0 0 -7
3 4607 4612 4613
2 4608 4611
2 4609 4610
0 1 0
0 10 -5
0 -5 2
0 2 -4
0 4 -8
3 4615 4616 4621
0 7 8
2 4617 4618
0 -2 5
2 4619 4620
0 3 7
0 8 8
0 10 -5
4 4623 4631 4639 4648
2 4624 4627
2 4625 4626
0 -6 5
0 -6 5
3 4628 4629 4630
0 -8 0
0 10 3
0 10 9
3 4632 4633 4634
0 9 -9
0 4 8
2 4635 4636
0 8 10
2 4637 4638
0 4 -4
0 -6 4
2 4640 4644
3 4641 4642 4643
0 -7 -7
0 -7 9
0 -7 5
3 4645 4646 4647
0 -4 6
0 -7 -9
0 -7 7
2 4649 4653
3 4650 4651 4652
0 0 0
0 3 0
0 9 3
2 4654 4655
0 7 5
0 10 -2
4 4657 4674 4691 4708
2 4658 4666
3 4659 4660 4665
0 -7 0
2 4661 4664
2 4662 4663
0 -9 -1
0 3 -9
0 -4 8
0 -3 10
3 4667 4668 4673
0 -3 8
2 4669 4670
0 -9 7
2 4671 4672
0 6 9
0 9 3
0 -10 1
3 4675 4680 4685
2 4676 4679
2 4677 4678
0 -5 2
0 4 -3
0 -4 9
2 4681 4684
2 4682 4683
0 -6 4
0 5 -9
0 1 -2
2 4686 4690
3 4687 4688 4689
0 2 -10
0 1 -7
0 -4 -4
0 -6 -4
3 4692 4697 4702
2 4693 4696
2 4694 4695
0 8 -5
0 -2 -10
0 2 1
2 4698 4699
0 5 -5
2 4700 4701
0 7 3
0 -10 7
2 4703 4707
3 4704 4705 4706
0 -2 8
0 3 -7
0 2 1
0 7 4
2 4709 4717
3 4710 4711 4716
0 6 10
2 4712 4715
2 4713 4714
0 0 2
0 4 10
0 2 10
0 7 -2
3 4718 4719 4724
0 -9 6
2 4720 4721
0 -6 -4
2 4722 4723
0 6 -8
0 -6 3
0 10 -4
4 4726 4743 4760 4777
3 4727 4733 4738
2 4728 4729
0 -2 -10
3 4730 4731 4732
0 9 -10
0 3 0
0 1 -5
2 4734 4735
0 -6 -1
2 4736 4737
0 4 -3
0 1 -1
2 4739 4742
2 4740 4741
0 0 -8
0 1 -7
0 10 1
3 4744 4750 4755
2 4745 4749
3 4746 4747 4748
0 -5 -7
0 -2 1
0 8 -8
0 8 -3
2 4751 4754
2 4752 4753
0 -8 3
0 2 8
0 -9 -3
2 4756 4759
2 4757 4758
0 10 5
0 -2 -3
0 1 8
2 4761 4769
2 4762 4766
3 4763 4764 4765
0 -7 -4
0 -8 6
0 3 -6
2 4767 4768
0 2 0
0 -4 3
2 4770 4773
2 4771 4772
0 1 -3
0 -4 10
3 4774 4775 4776
0 5 -4
0 3 -9
0 4 -6
4 4778 4782 4786 4790
3 4779 4780 4781
0 -5 9
0 9 10
0 -5 -4
3 4783 4784 4785
0 5 -2
0 -6 -8
0 -5 -1
3 4787 4788 4789
0 -2 -1
0 1 -4
0 8 1
3 4791 4792 4793
0 -10 -6
0 -7 0
0 5 5
3 4795 4864 4933
4 4796 4813 4830 4847
3 4797 4802 4808
2 4798 4801
2 4799 4800
0 5 4
0 1 4
0 -9 4
2 4803 4807
3 4804 4805 4806
0 2 9
0 9 10
0 8 -4
0 -6 9
2 4809 4812
2 4810 4811
0 -9 6
0 10 7
0 5 5
2 4814 4822
2 4815 4819
3 4816 4817 4818
0 0 7
0 -5 9
0 4 7
2 4820 4821
0 -10 10
0 -8 2
2 4823 4826
2 4824 4825
0 7 -9
0 -10 -1
3 4827 4828 4829
0 1 -8
0 -3 0
0 -4 8
2 4831 4839
3 4832 4833 4834
0 10 9
0 -5 -9
2 4835 4836
0 -8 -7
2 4837 4838
0 9 -5
0 -4 4
2 4840 4844
3 4841 4842 4843
0 4 -7
0 -4 -6
0 10 -10
2 4845 4846
0 3 -5
0 1 -7
4 4848 4852 4856 4860
3 4849 4850 4851
0 4 -4
0 0 5
0 -9 -2
3 4853 4854 4855
0 9 2
0 7 3
0 10 2
3 4857 4858 4859
0 6 -9
0 -6 -9
0 9 -7
3 4861 4862 4863
0 1 1
0 1 -8
0 2 -9
2 4865 4899
3 4866 4877 4888
2 4867 4872
2 4868 4869
0 -7 2
2 4870 4871
0 9 9
0 -2 -10
2 4873 4874
0 0 -10
2 4875 4876
0 2 8
0 -1 -8
2 4878 4883
2 4879 4882
2 4880 4881
0 -4 -6
0 9 -8
0 -6 6
2 4884 4887
2 4885 4886
0 10 10
0 5 -4
0 -10 -5
4 4889 4890 4891 4892
0 2 0
0 -1 -3
0 1 -3
2 4893 4896
2 4894 4895
0 10 6
0 0 -5
2 4897 4898
0 -6 -7
0 -5 -7
4 4900 4909 4917 4925
2 4901 4905
3 4902 4903 4904
0 -6 -7
0 -1 -10
0 1 -3
3 4906 4907 4908
0 5 10
0 8 -3
0 -9 1
3 4910 4915 4916
2 4911 4914
2 4912 4913
0 5 -2
0 1 -3
0 1 -2
0 -3 2
0 -5 -2
2 4918 4921
2 4919 4920
0 2 9
0 -10 -4
3 4922 4923 4924
0 2 -1
0 -10 -1
0 6 8
3 4926 4931 4932
2 4927 4928
0 2 4
2 4929 4930
0 -9 7
0 1 -7
0 -1 -6
0 -10 3
3 4934 4958 4980
4 4935 4940 4945 4950
2 4936 4939
2 4937 4938
0 1 8
0 -5 -2
0 2 7
2 4941 4944
2 4942 4943
0 -8 -10
0 7 3
0 5 0
2 4946 4947
0 9 10
2 4948 4949
0 4 -8
0 4 -5
2 4951 4954
2 4952 4953
0 4 9
0 -2 -10
3 4955 4956 4957
0 8 9
0 7 -4
0 2 9
2 4959 4970
3 4960 4963 4967
2 4961 4962
0 8 6
0 -8 -5
3 4964 4965 4966
0 -10 -3
0 7 -10
0 -6 1
2 4968 4969
0 -1 5
0 -10 3
2 4971 4975
3 4972 4973 4974
0 -5 -2
0 5 9
0 2 9
2 4976 4977
0 -4 3
2 4978 4979
0 0 8
0 -4 9
2 4981 4992
2 4982 4987
2 4983 4986
2 4984 4985
0 4 2
0 7 6
0 -10 8
2 4988 4989
0 -4 -5
2 4990 4991
0 0 -3
0 -7 -10
2 4993 4998
2 4994 4997
2 4995 4996
0 -1 10
0 -5 -3
0 1 -10
3 4999 5000 5001
0 5 2
0 -10 9
0 -3 9
4 5003 5211 5419 5627
3 5004 5073 5142
4 5005 5022 5039 5056
4 5006 5010 5014 5018
3 5007 5008 5009
0 -4 1
0 1 4
0 0 9
3 5011 5012 5013
0 4 0
0 -9 -9
0 8 7
3 5015 5016 5017
0 -8 -2
0 3 10
0 -9 -2
3 5019 5020 5021
0 -5 -9
0 10 0
0 -3 -1
2 5023 5031
3 5024 5029 5030
2 5025 5028
2 5026 5027
0 -10 -2
0 0 3
0 -4 7
0 -3 -7
0 5 -7
2 5032 5036
3 5033 5034 5035
0 1 3
0 10 5
0 -6 -7
2 5037 5038
0 6 -9
0 -2 6
4 5040 5044 5048 5052
3 5041 5042 5043
0 4 -4
0 2 -3
0 1 9
3 5045 5046 5047
0 -1 3
0 8 2
0 10 0
3 5049 5050 5051
0 6 -7
0 -1 -10
0 10 8
3 5053 5054 5055
0 -1 3
0 -7 0
0 8 -6
4 5057 5061 5065 5069
3 5058 5059 5060
0 2 7
0 -10 -4
0 5 2
3 5062 5063 5064
0 1 -1
0 -3 5
0 -1 -7
3 5066 5067 5068
0 9 2
0 -4 -10
0 1 4
3 5070 5071 5072
0 3 -10
0 -10 3
0 1 10
4 5074 5091 5108 5125
2 5075 5083
2 5076 5079
2 5077 5078
0 -1 1
0 -9 -5
3 5080 5081 5082
0 -1 3
0 -2 -1
0 8 -2
2 5084 5087
2 5085 5086
0 -3 -10
0 -7 9
3 5088 5089 5090
0 4 7
0 8 -9
0 -1 10
3 5092 5098 5103
2 5093 5097
3 5094 5095 5096
0 10 6
0 -2 -4
0 0 -1
0 6 0
2 5099 5102
2 5100 5101
0 -8 10
0 -6 -4
0 0 -9
2 5104 5105
0 -7 2
2 5106 5107
0 3 1
0 -8 -6
4 5109 5113 5117 5121
3 5110 5111 5112
0 -5 -8
0 2 5
0 -5 7
3 5114 5115 5116
0 -1 0
0 -1 8
0 -3 0
3 5118 5119 5120
0 -2 4
0 3 -3
0 -9 4
3 5122 5123 5124
0 8 3
0 7 2
0 6 -8
4 5126 5130 5134 5138
3 5127 5128 5129
0 2 3
0 8 -4
0 0 3
3 5131 5132 5133
0 -9 -8
0 1 1
0 -9 -2
3 5135 5136 5137
0 0 -2
0 5 -5
0 5 -9
3 5139 5140 5141
0 1 6
0 4 1
0 -5 1
2 5143 5177
2 5144 5161
3 5145 5150 5155
2 5146 5149
2 5147 5148
0 2 1
0 2 -9
0 -3 7
2 5151 5152
0 0 -8
2 5153 5154
0 -2 -8
0 -8 -5
2 5156 5157
0 10 6
3 5158 5159 5160
0 5 6
0 7 1
0 -2 -3
3 5162 5167 5172
2 5163 5164
0 0 1
2 5165 5166
0 -8 10
0 9 -5
2 5168 5171
2 5169 5170
0 4 -8
0 4 10
0 2 0
2 5173 5174
0 1 -10
2 5175 5176
0 3 -1
0 -1 -4
4 5178 5186 5194 5203
2 5179 5182
2 5180 5181
0 4 9
0 -6 0
3 5183 5184 5185
0 9 10
0 -5 -3
0 -7 10
2 5187 5191
3 5188 5189 5190
0 1 -10
0 -7 -2
0 3 -3
2 5192 5193
0 3 6
0 -10 -5
2 5195 5199
3 5196 5197 5198
0 3 -9
0 -7 1
0 4 0
3 5200 5201 5202
0 -2 2
0 -6 5
0 5 6
2 5204 5207
2 5205 5206
0 2 1
0 7 -1
3 5208 5209 5210
0 -5 1
0 9 -1
0 -8 10
4 5212 5263 5314 5365
4 5213 5227 5239 5251
4 5214 5217 5221 5224
2 5215 5216
0 7 -4
0 -2 -10
3 5218 5219 5220
0 8 -4
0 7 9
0 6 -5
2 5222 5223
0 3 4
0 -6 6
2 5225 5226
0 -9 10
0 -9 2
2 5228 5234
2 5229 5233
3 5230 5231 5232
0 6 10
0 -4 -5
0 -4 -6
0 -1 10
2 5235 5236
0 0 3
2 5237 5238
0 -10 10
0 10 -9
2 5240 5245
2 5241 5244
2 5242 5243
0 -1 2
0 -3 3
0 5 4
2 5246 5247
0 4 1
3 5248 5249 5250
0 2 -1
0 -6 8
0 -7 -2
2 5252 5257
2 5253 5256
2 5254 5255
0 4 -2
0 -6 -7
0 -1 -8
2 5258 5259
0 -7 4
3 5260 5261 5262
0 -9 7
0 -3 2
0 10 -1
3 5264 5280 5298
4 5265 5268 5271 5277
2 5266 5267
0 -6 -1
0 -6 2
2 5269 5270
0 7 3
0 -3 6
2 5272 5273
0 -6 3
3 5274 5275 5276
0 2 10
0 -1 -6
0 4 8
2 5278 5279
0 7 -3
0 5 -8
4 5281 5285 5289 5293
3 5282 5283 5284
0 -6 8
0 -10 -5
0 9 10
3 5286 5287 5288
0 -6 3
0 -6 -10
0 2 9
3 5290 5291 5292
0 1 -8
0 -8 1
0 9 0
2 5294 5295
0 -9 -4
2 5296 5297
0 5 7
0 -3 -1
2 5299 5307
2 5300 5303
2 5301 5302
0 7 0
0 10 9
3 5304 5305 5306
0 -6 3
0 -3 -7
0 7 8
2 5308 5311
2 5309 5310
0 4 10
0 8 -3
2 5312 5313
0 7 10
0 5 2
4 5315 5327 5339 5353
2 5316 5321
2 5317 5320
2 5318 5319
0 2 -8
0 3 -6
0 -9 -2
2 5322 5326
3 5323 5324 5325
0 2 10
0 -8 2
0 -8 -5
0 1 10
4 5328 5329 5337 5338
0 -9 -10
3 5330 5335 5336
2 5331 5334
2 5332 5333
0 9 -2
0 -7 6
0 5 0
0 6 -9
0 8 10
0 6 1
0 -9 -2
2 5340 5346
2 5341 5342
0 -2 -5
3 5343 5344 5345
0 0 2
0 -6 3
0 4 -5
2 5347 5350
2 5348 5349
0 -8 3
0 -1 5
2 5351 5352
0 -4 4
0 -6 -1
2 5354 5360
2 5355 5359
3 5356 5357 5358
0 -4 -9
0 -3 6
0 0 -2
0 6 9
2 5361 5364
2 5362 5363
0 -1 9
0 -10 -5
0 3 0
3 5366 5385 5402
2 5367 5376
2 5368 5372
3 5369 5370 5371
0 4 3
0 2 -8
0 9 0
3 5373 5374 5375
0 10 -2
0 -9 7
0 1 -4
2 5377 5381
3 5378 5379 5380
0 4 -1
0 -2 10
0 -10 4
3 5382 5383 5384
0 9 -1
0 6 -5
0 -7 6
3 5386 5392 5397
2 5387 5388
0 8 -7
3 5389 5390 5391
0 6 9
0 0 8
0 5 7
2 5393 5396
2 5394 5395
0 -9 3
0 0 9
0 -2 2
2 5398 5399
0 10 9
2 5400 5401
0 -9 -5
0 1 6
3 5403 5408 5414
2 5404 5407
2 5405 5406
0 7 2
0 -5 -3
0 -3 -8
2 5409 5413
3 5410 5411 5412
0 9 6
0 -10 -7
0 -10 -7
0 4 -7
2 5415 5416
0 6 -2
2 5417 5418
0 -8 -6
0 4 10
3 5420 5489 5558
2 5421 5455
3 5422 5433 5444
4 5423 5424 5425 5432
0 -1 -7
0 0 -1
2 5426 5429
2 5427 5428
0 9 -2
0 5 0
2 5430 5431
0 -8 0
0 8 -10
0 10 3
3 5434 5438 5441
3 5435 5436 5437
0 5 -6
0 4 0
0 8 9
2 5439 5440
0 2 3
0 4 4
2 5442 5443
0 6 -4
0 2 10
4 5445 5446 5453 5454
0 -10 8
2 5447 5450
2 5448 5449
0 -7 -1
0 -8 -9
2 5451 5452
0 6 -5
0 10 1
0 -3 10
0 3 -2
3 5456 5467 5478
3 5457 5460 5463
2 5458 5459
0 -6 10
0 -3 2
2 5461 5462
0 5 -7
0 -9 -4
3 5464 5465 5466
0 -6 -2
0 3 5
0 10 6
2 5468 5473
2 5469 5472
2 5470 5471
0 9 -8
0 10 1
0 -5 0
2 5474 5475
0 10 -6
2 5476 5477
0 5 -5
0 10 1
3 5479 5482 5486
2 5480 5481
0 -6 10
0 7 -8
3 5483 5484 5485
0 7 7
0 -5 0
0 0 -7
2 5487 5488
0 5 4
0 7 -9
3 5490 5512 5534
4 5491 5496 5502 5507
2 5492 5495
2 5493 5494
0 7 7
0 1 6
0 2 5
2 5497 5501
3 5498 5499 5500
0 5 -7
0 -1 -6
0 -7 5
0 -2 -1
2 5503 5506
2 5504 5505
0 -6 -7
0 0 -10
0 -2 -7
2 5508 5509
0 -4 5
2 5510 5511
0 10 -6
0 3 -6
3 5513 5520 5527
2 5514 5517
2 5515 5516
0 -10 3
0 -3 3
2 5518 5519
0 -9 9
0 -5 -6
2 5521 5524
2 5522 5523
0 -7 -5
0 -3 5
2 5525 5526
0 -3 5
0 -8 6
2 5528 5531
2 5529 5530
0 0 1
0 3 -5
2 5532 5533
0 0 4
0 7 5
3 5535 5544 5551
2 5536 5540
3 5537 5538 5539
0 9 -9
0 4 -7
0 -2 8
3 5541 5542 5543
0 -7 -5
0 8 -6
0 2 1
2 5545 5548
2 5546 5547
0 -8 2
0 -10 -5
2 5549 5550
0 7 -5
0 -5 5
2 5552 5555
2 5553 5554
0 9 -4
0 9 10
2 5556 5557
0 -3 -9
0 8 9
4 5559 5576 5593 5610
4 5560 5564 5568 5572
3 5561 5562 5563
0 5 7
0 5 -8
0 9 -5
3 5565 5566 5567
0 -7 -10
0 -10 -5
0 -10 2
3 5569 5570 5571
0 7 1
0 -5 0
0 3 3
3 5573 5574 5575
0 -2 -5
0 9 9
0 -3 2
4 5577 5581 5585 5589
3 5578 5579 5580
0 2 10
0 -5 -8
0 9 -3
3 5582 5583 5584
0 -3 8
0 -8 1
0 -6 3
3 5586 5587 5588
0 -6 3
0 -6 8
0 9 2
3 5590 5591 5592
0 6 1
0 -10 5
0 -5 -6
3 5594 5599 5604
2 5595 5598
2 5596 5597
0 9 -2
0 -5 -4
0 3 -2
2 5600 5601
0 0 7
2 5602 5603
0 -5 -8
0 -1 -9
2 5605 5606
0 -6 -7
3 5607 5608 5609
0 -4 8
0 -4 4
0 7 6
3 5611 5616 5621
2 5612 5615
2 5613 5614
0 -5 2
0 5 4
0 5 -3
2 5617 5618
0 3 -4
2 5619 5620
0 6 9
0 9 -5
2 5622 5626
3 5623 5624 5625
0 4 -10
0 9 5
0 -9 2
0 6 -9
2 5628 5731
3 5629 5663 5697
3 5630 5641 5652
3 5631 5635 5638
3 5632 5633 5634
0 0 0
0 7 -2
0 3 -8
2 5636 5637
0 1 1
0 -1 -4
2 5639 5640
0 -7 4
0 -1 7
4 5642 5643 5650 5651
0 -10 -6
2 5644 5647
2 5645 5646
0 3 6
0 0 4
2 5648 5649
0 -6 -3
0 9 4
0 8 -9
0 -9 10
2 5653 5658
2 5654 5657
2 5655 5656
0 7 1
0 -2 1
0 6 8
2 5659 5662
2 5660 5661
0 5 -7
0 5 5
0 -7 5
4 5664 5673 5681 5689
3 5665 5666 5667
0 -3 6
0 -8 1
2 5668 5672
3 5669 5670 5671
0 -4 -1
0 6 5
0 9 -4
0 -10 -3
3 5674 5675 5680
0 -9 10
2 5676 5677
0 0 4
2 5678 5679
0 9 -2
0 -1 -10
0 7 -8
2 5682 5685
2 5683 5684
0 8 4
0 1 0
3 5686 5687 5688
0 5 7
0 -2 8
0 -10 -1
2 5690 5694
3 5691 5692 5693
0 -6 8
0 -1 -7
0 -3 0
2 5695 5696
0 -4 -4
0 -10 -8
2 5698 5714
4 5699 5702 5705 5711
2 5700 5701
0 -3 4
0 3 -7
2 5703 5704
0 -3 -4
0 -5 2
2 5706 5710
3 5707 5708 5709
0 8 -4
0 9 5
0 -9 9
0 0 2
2 5712 5713
0 -9 1
0 -8 2
4 5715 5719 5723 5727
3 5716 5717 5718
0 -1 -9
0 -8 -1
0 -8 6
3 5720 5721 5722
0 6 -4
0 -5 5
0 7 -5
3 5724 5725 5726
0 9 4
0 -4 -8
0 -5 0
3 5728 5729 5730
0 10 -10
0 -3 7
0 7 -9
4 5732 5757 5782 5807
2 5733 5745
3 5734 5737 5742
2 5735 5736
0 0 0
0 -2 6
2 5738 5741
2 5739 5740
0 4 -8
0 -6 -6
0 -4 3
2 5743 5744
0 -3 9
0 2 9
4 5746 5747 5748 5749
0 -9 3
0 -2 -10
0 -5 4
3 5750 5751 5752
0 1 3
0 2 10
2 5753 5754
0 8 -4
2 5755 5756
0 7 9
0 -7 3
4 5758 5764 5770 5776
2 5759 5763
3 5760 5761 5762
0 9 -3
0 -9 5
0 1 2
0 1 1
2 5765 5769
3 5766 5767 5768
0 5 8
0 7 -7
0 -9 -10
0 -1 -6
2 5771 5775
3 5772 5773 5774
0 -5 9
0 10 -6
0 6 8
0 7 -6
2 5777 5781
3 5778 5779 5780
0 5 10
0 6 6
0 -9 -5
0 -9 9
2 5783 5795
2 5784 5790
2 5785 5789
3 5786 5787 5788
0 -8 0
0 -9 -6
0 -9 8
0 8 5
2 5791 5794
2 5792 5793
0 8 -6
0 9 4
0 4 6
4 5796 5797 5805 5806
0 -3 -9
2 5798 5802
3 5799 5800 5801
0 -3 0
0 3 2
0 6 4
2 5803 5804
0 8 -1
0 -8 6
0 6 9
0 -1 -7
4 5808 5817 5823 5829
3 5809 5815 5816
2 5810 5811
0 -1 -9
3 5812 5813 5814
0 6 5
0 -7 5
0 -8 2
0 6 5
0 -4 4
2 5818 5822
3 5819 5820 5821
0 -7 -10
0 -1 7
0 6 7
0 -3 5
2 5824 5825
0 -5 2
3 5826 5827 5828
0 -9 -6
0 -3 8
0 -3 -9
2 5830 5834
3 5831 5832 5833
0 7 -1
0 0 4
0 1 -6
0 -8 -5
3 5836 6113 6390
4 5837 5906 5975 6044
3 5838 5860 5882
4 5839 5844 5849 5855
2 5840 5843
2 5841 5842
0 9 -8
0 0 -2
0 9 -9
2 5845 5848
2 5846 5847
0 8 4
0 -5 2
0 6 3
2 5850 5851
0 3 -2
3 5852 5853 5854
0 -4 0
0 -1 -10
0 9 -6
2 5856 5857
0 -3 7
2 5858 5859
0 -2 -4
0 1 10
3 5861 5868 5875
2 5862 5865
2 5863 5864
0 -3 8
0 -2 7
2 5866 5867
0 4 4
0 7 1
2 5869 5872
2 5870 5871
0 1 4
0 2 5
2 5873 5874
0 -2 5
0 3 8
2 5876 5879
2 5877 5878
0 -8 -9
0 -1 7
2 5880 5881
0 3 -2
0 2 -7
4 5883 5888 5893 5901
2 5884 5885
0 -9 -9
2 5886 5887
0 6 -8
0 -8 0
2 5889 5892
2 5890 5891
0 10 -9
0 4 2
0 10 0
3 5894 5899 5900
2 5895 5896
0 -1 7
2 5897 5898
0 3 8
0 -7 0
0 5 6
0 -2 -6
2 5902 5905
2 5903 5904
0 7 -9
0 9 -9
0 0 3
3 5907 5931 5953
2 5908 5919
2 5909 5914
2 5910 5913
2 5911 5912
0 -10 1
0 -9 2
0 3 2
2 5915 5916
0 -4 -1
2 5917 5918
0 7 5
0 5 6
2 5920 5925
2 5921 5924
2 5922 5923
0 -1 8
0 4 0
0 0 3
2 5926 5927
0 7 -5
3 5928 5929 5930
0 -5 6
0 -2 -5
0 6 -6
4 5932 5937 5943 5948
2 5933 5934
0 -2 -5
2 5935 5936
0 -2 5
0 2 -7
2 5938 5939
0 10 4
3 5940 5941 5942
0 10 0
0 -5 1
0 5 -5
2 5944 5947
2 5945 5946
0 -8 -9
0 3 9
0 3 -7
2 5949 5952
2 5950 5951
0 -10 -5
0 4 1
0 7 1
2 5954 5964
3 5955 5958 5961
2 5956 5957
0 -4 9
0 -9 2
2 5959 5960
0 -3 -3
0 -5 -5
2 5962 5963
0 9 1
0 1 2
3 5965 5968 5971
2 5966 5967
0 -8 -9
0 -6 -9
2 5969 5970
0 -3 0
0 2 7
3 5972 5973 5974
0 3 -6
0 2 -1
0 -7 -5
3 5976 5998 6022
2 5977 5987
3 5978 5981 5984
2 5979 5980
0 -5 9
0 8 -7
2 5982 5983
0 -1 7
0 6 7
2 5985 5986
0 -4 -3
0 -4 9
4 5988 5989 5990 5991
0 7 7
0 -6 5
0 8 -5
2 5992 5995
2 5993 5994
0 -1 -10
0 -5 4
2 5996 5997
0 1 -4
0 0 1
2 5999 6011
4 6000 6001 6002 6010
0 -9 3
0 1 -6
2 6003 6007
3 6004 6005 6006
0 10 -10
0 6 10
0 5 -6
2 6008 6009
0 6 -10
0 7 1
0 9 -4
4 6012 6019 6020 6021
2 6013 6016
2 6014 6015
0 9 -6
0 10 -6
2 6017 6018
0 0 2
0 1 -8
0 -6 5
0 -5 -2
0 4 1
2 6023 6034
4 6024 6025 6026 6033
0 1 -8
0 -7 -1
2 6027 6030
2 6028 6029
0 -6 5
0 -2 3
2 6031 6032
0 -10 -7
0 10 -2
0 2 5
3 6035 6038 6041
2 6036 6037
0 -1 8
0 5 0
2 6039 6040
0 -9 -6
0 -8 -7
2 6042 6043
0 -3 5
0 10 1
2 6045 6079
4 6046 6054 6063 6071
2 6047 6051
3 6048 6049 6050
0 4 0
0 1 -6
0 -3 -4
2 6052 6053
0 6 2
0 6 5
2 6055 6059
3 6056 6057 6058
0 -1 -10
0 2 2
0 -8 -9
3 6060 6061 6062
0 5 7
0 8 -3
0 0 -3
2 6064 6068
3 6065 6066 6067
0 -7 6
0 -9 -3
0 -7 6
2 6069 6070
0 -9 4
0 -6 -8
2 6072 6075
2 6073 6074
0 -8 -9
0 5 2
3 6076 6077 6078
0 -8 -7
0 -8 7
0 10 6
3 6080 6091 6102
3 6081 6084 6087
2 6082 6083
0 -2 8
0 -3 3
2 6085 6086
0 -5 2
0 -9 10
3 6088 6089 6090
0 3 7
0 10 -9
0 -5 -1
2 6092 6097
2 6093 6096
2 6094 6095
0 -6 5
0 9 -6
0 -7 1
2 6098 6101
2 6099 6100
0 7 -10
0 4 3
0 -1 -6
4 6103 6104 6105 6106
0 -10 -1
0 -6 1
0 -8 9
2 6107 6110
2 6108 6109
0 10 1
0 -6 -1
2 6111 6112
0 -3 2
0 10 10
3 6114 6206 6298
3 6115 6146 6176
3 6116 6126 6136
2 6117 6122
2 6118 6121
2 6119 6120
0 -7 8
0 9 0
0 1 -3
3 6123 6124 6125
0 5 0
0 -2 -1
0 7 -9
4 6127 6128 6134 6135
0 -8 10
2 6129 6133
3 6130 6131 6132
0 9 3
0 0 0
0 -7 2
0 -9 -2
0 -4 0
0 -9 6
4 6137 6138 6139 6140
0 -7 7
0 3 8
0 1 3
2 6141 6145
3 6142 6143 6144
0 -2 0
0 -6 -6
0 -4 -5
0 -3 -2
3 6147 6156 6167
2 6148 6152
3 6149 6150 6151
0 -10 5
0 2 -8
0 0 -9
3 6153 6154 6155
0 -1 -10
0 -10 8
0 4 6
4 6157 6158 6159 6166
0 -4 2
0 7 -1
2 6160 6163
2 6161 6162
0 4 -9
0 -6 3
2 6164 6165
0 9 5
0 -5 7
0 -3 2
2 6168 6172
3 6169 6170 6171
0 2 -9
0 -1 3
0 8 8
3 6173 6174 6175
0 -4 -4
0 -5 2
0 6 -3
2 6177 6191
3 6178 6182 6187
3 6179 6180 6181
0 7 -2
0 -9 8
0 4 -8
2 6183 6184
0 -4 5
2 6185 6186
0 5 1
0 -8 -8
3 6188 6189 6190
0 -8 -2
0 5 3
0 -6 10
2 6192 6199
2 6193 6196
2 6194 6195
0 -6 -9
0 1 6
2 6197 6198
0 4 6
0 9 -9
2 6200 6203
2 6201 6202
0 -7 2
0 2 3
2 6204 6205
0 9 -7
0 3 7
2 6207 6252
3 6208 6222 6236
2 6209 6215
2 6210 6214
3 6211 6212 6213
0 10 -1
0 -7 -3
0 2 -1
0 0 -6
2 6216 6219
2 6217 6218
0 -10 -7
0 -4 0
2 6220 6221
0 7 2
0 10 -8
4 6223 6226 6229 6232
2 6224 6225
0 -2 -3
0 10 6
2 6227 6228
0 -2 -5
0 9 7
2 6230 6231
0 9 -6
0 1 6
3 6233 6234 6235
0 10 7
0 10 8
0 3 -2
4 6237 6240 6243 6249
2 6238 6239
0 -4 6
0 2 3
2 6241 6242
0 -1 -7
0 -1 -7
2 6244 6248
3 6245 6246 6247
0 3 5
0 2 -9
0 7 -4
0 5 2
2 6250 6251
0 1 7
0 2 -10
4 6253 6264 6275 6287
4 6254 6255 6256 6263
0 5 -2
0 0 0
2 6257 6260
2 6258 6259
0 -9 -5
0 -3 -5
2 6261 6262
0 10 -7
0 -1 -9
0 10 2
3 6265 6268 6272
2 6266 6267
0 -6 -8
0 -7 2
3 6269 6270 6271
0 -2 0
0 -2 -9
0 -2 -8
2 6273 6274
0 -9 -2
0 10 -9
4 6276 6277 6278 6286
0 -9 8
0 -4 -8
2 6279 6283
3 6280 6281 6282
0 -5 8
0 -10 4
0 0 2
2 6284 6285
0 9 -4
0 7 0
0 -1 -9
3 6288 6291 6294
2 6289 6290
0 -7 -9
0 -10 9
2 6292 6293
0 -6 8
0 5 10
3 6295 6296 6297
0 -9 0
0 7 -1
0 -1 10
2 6299 6344
3 6300 6316 6330
3 6301 6306 6311
2 6302 6303
0 2 -4
2 6304 6305
0 -5 -7
0 0 6
2 6307 6310
2 6308 6309
0 -3 4
0 -1 -10
0 -9 3
2 6312 6313
0 -3 2
2 6314 6315
0 -8 -8
0 9 6
4 6317 6320 6324 6327
2 6318 6319
0 2 5
0 -8 -1
3 6321 6322 6323
0 0 -8
0 4 4
0 -8 -6
2 6325 6326
0 -9 7
0 -10 -8
2 6328 6329
0 6 0
0 2 -10
2 6331 6338
2 6332 6335
2 6333 6334
0 1 -1
0 6 10
2 6336 6337
0 -7 -7
0 -2 -9
2 6339 6340
0 5 2
3 6341 6342 6343
0 -6 4
0 -5 1
0 -2 1
3 6345 6360 6375
2 6346 6353
2 6347 6350
2 6348 6349
0 -1 -10
0 -10 -3
2 6351 6352
0 9 -3
0 -5 -1
2 6354 6357
2 6355 6356
0 -3 10
0 3 -2
2 6358 6359
0 -4 -1
0 5 -1
3 6361 6367 6371
2 6362 6363
0 -4 5
3 6364 6365 6366
0 0 2
0 -4 -10
0 -8 4
3 6368 6369 6370
0 0 3
0 9 2
0 -6 4
3 6372 6373 6374
0 4 2
0 9 -8
0 4 -10
3 6376 6380 6384
3 6377 6378 6379
0 -5 5
0 9 4
0 -2 -4
3 6381 6382 6383
0 -2 7
0 -9 4
0 -6 -4
2 6385 6389
3 6386 6387 6388
0 -9 -2
0 9 8
0 3 -3
0 0 -3
4 6391 6461 6530 6599
3 6392 6415 6438
4 6393 6398 6405 6410
2 6394 6397
2 6395 6396
0 0 7
0 8 3
0 -9 -9
2 6399 6402
2 6400 6401
0 -8 10
0 -7 8
2 6403 6404
0 8 -9
0 -10 -7
2 6406 6409
2 6407 6408
0 -1 -3
0 3 1
0 -9 -7
2 6411 6412
0 -4 9
2 6413 6414
0 2 -3
0 -8 1
3 6416 6423 6430
2 6417 6420
2 6418 6419
0 -5 3
0 5 4
2 6421 6422
0 1 -7
0 -9 5
2 6424 6427
2 6425 6426
0 -4 -1
0 9 -4
2 6428 6429
0 10 5
0 9 2
3 6431 6432 6433
0 4 8
0 6 -3
2 6434 6435
0 -4 5
2 6436 6437
0 7 7
0 8 -8
2 6439 6450
4 6440 6441 6442 6449
0 -1 -4
0 -8 4
2 6443 6446
2 6444 6445
0 -2 -7
0 -3 -1
2 6447 6448
0 1 3
0 -6 -8
0 10 6
3 6451 6454 6457
2 6452 6453
0 -8 2
0 10 6
2 6455 6456
0 -9 1
0 -2 0
3 6458 6459 6460
0 -6 -7
0 -10 8
0 -4 -1
2 6462 6496
4 6463 6471 6480 6488
2 6464 6468
3 6465 6466 6467
0 -4 2
0 2 -5
0 -1 -3
2 6469 6470
0 1 -3
0 -6 10
3 6472 6473 6479
0 -5 4
2 6474 6478
3 6475 6476 6477
0 7 -3
0 -8 -3
0 -1 3
0 -8 9
0 4 6
3 6481 6482 6487
0 10 -2
2 6483 6484
0 -1 -9
2 6485 6486
0 -5 7
0 -2 -8
0 2 5
3 6489 6490 6491
0 2 0
0 -7 -4
2 6492 6493
0 3 -6
2 6494 6495
0 -10 1
0 8 6
4 6497 6505 6514 6522
3 6498 6499 6504
0 -2 6
2 6500 6501
0 7 1
2 6502 6503
0 -8 -3
0 3 1
0 -1 -3
2 6506 6510
3 6507 6508 6509
0 -5 -2
0 -3 -7
0 -9 0
3 6511 6512 6513
0 -7 9
0 6 6
0 4 -4
2 6515 6518
2 6516 6517
0 7 -5
0 -8 7
3 6519 6520 6521
0 9 4
0 -1 0
0 5 3
2 6523 6527
3 6524 6525 6526
0 7 -7
0 -1 -7
0 -2 -8
2 6528 6529
0 1 -7
0 5 8
2 6531 6565
2 6532 6549
3 6533 6538 6544
2 6534 6535
0 7 3
2 6536 6537
0 0 5
0 10 -6
2 6539 6540
0 -7 -10
3 6541 6542 6543
0 7 -7
0 -3 -5
0 3 8
2 6545 6546
0 -4 -4
2 6547 6548
0 10 -4
0 -4 1
3 6550 6555 6560
2 6551 6554
2 6552 6553
0 -3 -7
0 -10 -2
0 -3 -7
2 6556 6559
2 6557 6558
0 -6 -1
0 3 4
0 9 -2
2 6561 6564
2 6562 6563
0 -2 7
0 -9 -2
0 -10 -5
4 6566 6574 6583 6591
2 6567 6570
2 6568 6569
0 -2 -9
0 -3 -2
3 6571 6572 6573
0 6 -10
0 -4 -3
0 3 -7
2 6575 6579
3 6576 6577 6578
0 5 -2
0 8 6
0 -9 3
3 6580 6581 6582
0 7 5
0 -4 -2
0 -1 10
3 6584 6585 6586
0 -4 6
0 3 -7
2 6587 6588
0 -8 -6
2 6589 6590
0 -9 9
0 4 6
3 6592 6593 6598
0 -5 0
2 6594 6595
0 -9 1
2 6596 6597
0 -5 -10
0 -4 9
0 6 -9
2 6600 6634
3 6601 6612 6623
3 6602 6605 6608
2 6603 6604
0 -2 -4
0 7 10
2 6606 6607
0 8 8
0 -3 -1
3 6609 6610 6611
0 5 0
0 -9 -10
0 6 -5
3 6613 6616 6619
2 6614 6615
0 -7 2
0 -2 10
2 6617 6618
0 -7 6
0 7 3
3 6620 6621 6622
0 -3 7
0 -7 6
0 2 -7
3 6624 6627 6631
2 6625 6626
0 -9 7
0 -1 -10
3 6628 6629 6630
0 6 -4
0 -3 -1
0 2 8
2 6632 6633
0 4 2
0 -8 6
2 6635 6651
4 6636 6639 6642 6648
2 6637 6638
0 -9 0
0 5 8
2 6640 6641
0 -8 8
0 2 -9
2 6643 6644
0 -3 6
3 6645 6646 6647
0 -9 4
0 -6 6
0 4 -1
2 6649 6650
0 -7 5
0 -2 -4
2 6652 6660
2 6653 6656
2 6654 6655
0 -1 -2
0 -8 9
3 6657 6658 6659
0 3 -7
0 0 9
0 3 6
3 6661 6666 6667
2 6662 6663
0 5 -2
2 6664 6665
0 3 -5
0 3 6
0 8 -8
0 -6 -5
4 6669 7502 8335 9168
3 6670 6947 7224
4 6671 6740 6809 6878
3 6672 6694 6718
2 6673 6683
4 6674 6675 6681 6682
0 -3 5
2 6676 6677
0 8 9
3 6678 6679 6680
0 3 8
0 -4 2
0 -8 -5
0 -3 10
0 8 -6
3 6684 6687 6690
2 6685 6686
0 2 6
0 9 -10
2 6688 6689
0 -3 5
0 -1 7
3 6691 6692 6693
0 -8 -4
0 4 -2
0 7 3
4 6695 6700 6705 6710
2 6696 6699
2 6697 6698
0 4 10
0 -5 -10
0 6 7
2 6701 6704
2 6702 6703
0 -9 -6
0 -8 -2
0 -5 -9
2 6706 6707
0 -4 -10
2 6708 6709
0 8 -4
0 9 -3
3 6711 6716 6717
2 6712 6713
0 -2 -2
2 6714 6715
0 -1 9
0 -8 4
0 2 3
0 -9 1
2 6719 6730
4 6720 6721 6722 6723
0 -2 9
0 -5 -7
0 3 0
2 6724 6727
2 6725 6726
0 -3 -6
0 -9 -3
2 6728 6729
0 0 4
0 10 -3
4 6731 6732 6733 6739
0 0 -6
0 -10 -9
2 6734 6735
0 8 -5
3 6736 6737 6738
0 5 -2
0 7 0
0 -9 -8
0 1 1
3 6741 6763 6787
3 6742 6749 6756
2 6743 6746
2 6744 6745
0 4 -9
0 -3 -1
2 6747 6748
0 -10 -10
0 -1 -8
2 6750 6753
2 6751 6752
0 -3 8
0 -3 -6
2 6754 6755
0 -8 6
0 -7 1
2 6757 6760
2 6758 6759
0 5 5
0 -3 10
2 6761 6762
0 8 -8
0 7 -8
2 6764 6776
2 6765 6770
2 6766 6769
2 6767 6768
0 5 -3
0 -5 7
0 5 9
2 6771 6775
3 6772 6773 6774
0 10 6
0 -3 5
0 9 3
0 -6 2
2 6777 6782
2 6778 6779
0 8 -10
2 6780 6781
0 5 -7
0 -1 -2
2 6783 6786
2 6784 6785
0 9 5
0 -8 10
0 7 1
2 6788 6798
2 6789 6793
3 6790 6791 6792
0 10 -9
0 0 -1
0 9 2
2 6794 6795
0 0 0
2 6796 6797
0 -1 0
0 1 2
2 6799 6804
2 6800 6801
0 1 -3
2 6802 6803
0 0 -5
0 -10 9
2 6805 6806
0 0 0
2 6807 6808
0 0 5
0 -7 9
3 6810 6832 6854
3 6811 6818 6825
2 6812 6815
2 6813 6814
0 7 0
0 0 4
2 6816 6817
0 -6 6
0 -5 6
2 6819 6822
2 6820 6821
0 -10 -7
0 -8 0
2 6823 6824
0 1 -1
0 -3 4
2 6826 6829
2 6827 6828
0 -3 -8
0 -1 7
2 6830 6831
0 -8 -9
0 2 7
2 6833 6843
2 6834 6838
3 6835 6836 6837
0 -4 -6
0 -8 5
0 3 3
2 6839 6840
0 9 9
2 6841 6842
0 9 -9
0 -2 5
2 6844 6849
2 6845 6846
0 8 7
2 6847 6848
0 5 -6
0 9 2
2 6850 6853
2 6851 6852
0 1 7
0 10 8
0 0 -3
3 6855 6862 6871
2 6856 6859
2 6857 6858
0 -2 -3
0 -7 -4
2 6860 6861
0 -9 6
0 10 9
2 6863 6867
3 6864 6865 6866
0 -5 -1
0 -10 -4
0 -8 4
3 6868 6869 6870
0 -7 -8
0 -3 8
0 -2 8
2 6872 6875
2 6873 6874
0 5 -10
0 6 9
2 6876 6877
0 -6 10
0 -7 0
3 6879 6901 6923
2 6880 6891
2 6881 6886
2 6882 6885
2 6883 6884
0 5 0
0 -1 6
0 -10 -3
2 6887 6890
2 6888 6889
0 -1 -10
0 -8 -4
0 -6 -1
3 6892 6895 6898
2 6893 6894
0 3 8
0 -10 -9
2 6896 6897
0 -3 -8
0 -3 -10
2 6899 6900
0 -4 0
0 8 7
4 6902 6907 6912 6918
2 6903 6906
2 6904 6905
0 -4 7
0 9 -3
0 -7 -7
2 6908 6909
0 -4 4
2 6910 6911
0 5 -10
0 2 5
2 6913 6917
3 6914 6915 6916
0 -7 -7
0 3 -8
0 5 0
0 0 -1
2 6919 6922
2 6920 6921
0 -10 -2
0 9 -8
0 -3 -2
4 6924 6929 6934 6939
2 6925 6926
0 -3 -4
2 6927 6928
0 2 -8
0 2 3
2 6930 6933
2 6931 6932
0 -4 -9
0 -8 -1
0 -5 -1
2 6935 6938
2 6936 6937
0 -5 2
0 -4 6
0 -10 3
3 6940 6941 6946
0 9 7
2 6942 6945
2 6943 6944
0 8 1
0 -1 6
0 6 9
0 -4 1
4 6948 7017 7086 7155
2 6949 6983
2 6950 6967
2 6951 6959
2 6952 6956
3 6953 6954 6955
0 3 6
0 8 -9
0 -7 -2
2 6957 6958
0 8 4
0 0 -3
3 6960 6961 6966
0 -8 -5
2 6962 6965
2 6963 6964
0 0 10
0 5 10
0 -3 -8
0 3 8
2 6968 6975
2 6969 6972
2 6970 6971
0 5 -6
0 -3 -8
2 6973 6974
0 -10 -9
0 3 -7
3 6976 6981 6982
2 6977 6980
2 6978 6979
0 3 2
0 2 10
0 -8 -8
0 3 7
0 1 6
4 6984 6992 7000 7008
3 6985 6990 6991
2 6986 6987
0 -8 9
2 6988 6989
0 -8 10
0 -4 -2
0 1 -2
0 0 2
2 6993 6996
2 6994 6995
0 -3 8
0 -3 9
3 6997 6998 6999
0 -9 5
0 -7 8
0 0 -10
3 7001 7002 7003
0 -9 8
0 1 5
2 7004 7007
2 7005 7006
0 -5 -9
0 -8 10
0 -7 -7
2 7009 7013
3 7010 7011 7012
0 7 4
0 -8 -5
0 -6 -5
3 7014 7015 7016
0 9 5
0 -2 9
0 3 -6
3 7018 7040 7062
4 7019 7024 7030 7035
2 7020 7023
2 7021 7022
0 4 2
0 7 7
0 9 -9
2 7025 7026
0 -9 9
3 7027 7028 7029
0 6 -7
0 7 0
0 6 10
2 7031 7032
0 5 6
2 7033 7034
0 10 10
0 -3 10
2 7036 7039
2 7037 7038
0 -7 5
0 -4 9
0 7 -3
2 7041 7052
2 7042 7047
2 7043 7046
2 7044 7045
0 5 -1
0 1 -9
0 -1 9
2 7048 7049
0 -3 9
2 7050 7051
0 -4 1
0 8 9
4 7053 7059 7060 7061
2 7054 7055
0 -7 10
3 7056 7057 7058
0 2 4
0 3 6
0 -3 -7
0 4 -8
0 2 9
0 -4 -7
2 7063 7075
4 7064 7065 7073 7074
0 -10 9
2 7066 7070
3 7067 7068 7069
0 -2 10
0 -6 -9
0 -9 5
2 7071 7072
0 -6 4
0 -1 -8
0 -7 2
0 -9 -8
3 7076 7079 7083
2 7077 7078
0 10 2
0 -8 -7
3 7080 7081 7082
0 9 6
0 7 -1
0 -3 7
2 7084 7085
0 8 -1
0 8 -2
3 7087 7109 7131
4 7088 7093 7099 7104
2 7089 7092
2 7090 7091
0 -8 -1
0 0 -7
0 5 4
2 7094 7095
0 -3 -1
3 7096 7097 7098
0 -5 9
0 -3 -8
0 9 -6
2 7100 7103
2 7101 7102
0 8 -1
0 2 -5
0 0 -4
2 7105 7106
0 3 -9
2 7107 7108
0 -2 -4
0 -8 -8
4 7110 7115 7121 7126
2 7111 7112
0 -9 -3
2 7113 7114
0 3 -3
0 2 -1
2 7116 7120
3 7117 7118 7119
0 8 8
0 4 5
0 -9 -3
0 -10 8
2 7122 7123
0 2 -3
2 7124 7125
0 -8 1
0 -2 3
2 7127 7130
2 7128 7129
0 7 10
0 0 3
0 -6 9
3 7132 7139 7148
2 7133 7136
2 7134 7135
0 5 -3
0 -6 -3
2 7137 7138
0 -8 -4
0 -7 -5
2 7140 7144
3 7141 7142 7143
0 5 -5
0 -9 3
0 -8 -10
3 7145 7146 7147
0 -6 -4
0 -2 8
0 8 -9
2 7149 7152
2 7150 7151
0 -1 -3
0 -6 7
2 7153 7154
0 -4 -5
0 5 8
2 7156 7190
4 7157 7165 7173 7182
2 7158 7162
3 7159 7160 7161
0 -1 -6
0 -8 4
0 -7 10
2 7163 7164
0 0 7
0 1 9
2 7166 7170
3 7167 7168 7169
0 -2 -10
0 8 -9
0 9 7
2 7171 7172
0 9 -5
0 -7 10
3 7174 7180 7181
2 7175 7179
3 7176 7177 7178
0 8 -1
0 -4 -8
0 -4 2
0 -8 4
0 3 -1
0 -1 5
2 7183 7187
3 7184 7185 7186
0 2 -3
0 -3 6
0 -1 -8
2 7188 7189
0 -3 -6
0 -8 7
4 7191 7199 7207 7216
2 7192 7196
3 7193 7194 7195
0 -4 -10
0 -8 -6
0 -1 8
2 7197 7198
0 4 6
0 -10 4
2 7200 7204
3 7201 7202 7203
0 -9 0
0 10 -9
0 5 9
2 7205 7206
0 9 1
0 6 10
2 7208 7212
3 7209 7210 7211
0 -1 -4
0 8 -6
0 -9 -10
3 7213 7214 7215
0 8 8
0 9 6
0 8 -5
2 7217 7220
2 7218 7219
0 2 -4
0 3 -1
3 7221 7222 7223
0 -3 3
0 -1 6
0 5 4
3 7225 7317 7409
2 7226 7271
4 7227 7238 7249 7260
3 7228 7232 7235
3 7229 7230 7231
0 5 9
0 3 1
0 7 3
2 7233 7234
0 2 7
0 10 8
2 7236 7237
0 -3 0
0 6 1
3 7239 7243 7246
3 7240 7241 7242
0 -2 0
0 1 5
0 -9 -6
2 7244 7245
0 8 1
0 -7 10
2 7247 7248
0 -10 8
0 9 -5
3 7250 7253 7257
2 7251 7252
0 4 1
0 -6 -7
3 7254 7255 7256
0 1 9
0 4 2
0 -7 1
2 7258 7259
0 0 -8
0 -5 -10
4 7261 7262 7263 7270
0 -4 -7
0 1 -7
2 7264 7267
2 7265 7266
0 -9 -2
0 1 8
2 7268 7269
0 5 4
0 1 1
0 0 -9
2 7272 7295
3 7273 7281 7288
2 7274 7277
2 7275 7276
0 9 4
0 -8 10
3 7278 7279 7280
0 5 -1
0 4 1
0 -9 -4
2 7282 7285
2 7283 7284
0 -6 -5
0 0 7
2 7286 7287
0 -10 -4
0 -3 -10
2 7289 7292
2 7290 7291
0 -8 -6
0 4 10
2 7293 7294
0 -8 7
0 -10 -9
3 7296 7303 7310
2 7297 7300
2 7298 7299
0 -1 -8
0 -3 -2
2 7301 7302
0 4 2
0 6 -2
2 7304 7307
2 7305 7306
0 -2 -7
0 3 -9
2 7308 7309
0 1 3
0 -10 9
2 7311 7314
2 7312 7313
0 6 9
0 9 -4
2 7315 7316
0 5 -2
0 5 -8
3 7318 7348 7378
2 7319 7334
4 7320 7323 7326 7331
2 7321 7322
0 4 3
0 -9 5
2 7324 7325
0 -3 1
0 10 8
2 7327 7330
2 7328 7329
0 -8 4
0 3 7
0 -1 0
2 7332 7333
0 10 10
0 -5 -9
3 7335 7339 7343
3 7336 7337 7338
0 5 7
0 -10 -9
0 -8 3
3 7340 7341 7342
0 -9 -4
0 -4 -3
0 6 2
2 7344 7347
2 7345 7346
0 8 0
0 -4 6
0 0 2
2 7349 7363
4 7350 7353 7356 7359
2 7351 7352
0 4 -8
0 -1 0
2 7354 7355
0 9 -1
0 -10 -2
2 7357 7358
0 -6 6
0 2 -6
3 7360 7361 7362
0 -8 6
0 -7 -2
0 6 7
3 7364 7370 7374
2 7365 7369
3 7366 7367 7368
0 -5 -4
0 -6 7
0 -9 -7
0 7 -4
3 7371 7372 7373
0 6 1
0 -1 -8
0 9 -4
3 7375 7376 7377
0 7 6
0 10 8
0 9 -5
3 7379 7389 7399
3 7380 7383 7386
2 7381 7382
0 9 -7
0 6 2
2 7384 7385
0 7 -5
0 -4 6
2 7387 7388
0 -9 0
0 10 0
2 7390 7395
2 7391 7392
0 5 5
2 7393 7394
0 9 -6
0 9 9
3 7396 7397 7398
0 -8 -3
0 -9 1
0 2 -10
2 7400 7405
2 7401 7404
2 7402 7403
0 -5 1
0 5 -3
0 1 6
3 7406 7407 7408
0 -7 -1
0 10 -2
0 10 7
2 7410 7456
3 7411 7426 7441
3 7412 7416 7420
3 7413 7414 7415
0 -10 -8
0 8 -5
0 8 4
3 7417 7418 7419
0 -2 -3
0 1 -10
0 6 9
2 7421 7425
3 7422 7423 7424
0 8 -6
0 0 -9
0 6 5
0 2 3
4 7427 7430 7435 7438
2 7428 7429
0 -3 -6
0 9 -2
2 7431 7432
0 3 -4
2 7433 7434
0 -9 -3
0 1 9
2 7436 7437
0 -7 -10
0 -6 -5
2 7439 7440
0 10 -6
0 -3 1
2 7442 7449
2 7443 7446
2 7444 7445
0 5 -3
0 -4 8
2 7447 7448
0 -2 7
0 -4 6
2 7450 7453
2 7451 7452
0 3 -3
0 2 3
2 7454 7455
0 7 -10
0 -7 -2
2 7457 7480
4 7458 7463 7470 7475
2 7459 7462
2 7460 7461
0 -7 -1
0 -8 0
0 6 2
2 7464 7467
2 7465 7466
0 -3 3
0 4 4
2 7468 7469
0 5 -4
0 7 4
2 7471 7472
0 7 7
2 7473 7474
0 4 -10
0 -6 -1
2 7476 7479
2 7477 7478
0 5 8
0 -1 -9
0 5 1
3 7481 7488 7495
2 7482 7485
2 7483 7484
0 8 -9
0 6 4
2 7486 7487
0 3 10
0 6 4
2 7489 7492
2 7490 7491
0 -7 3
0 -10 -6
2 7493 7494
0 4 7
0 8 -6
2 7496 7499
2 7497 7498
0 -4 -7
0 0 -7
2 7500 7501
0 3 1
0 -2 2
3 7503 7781 8058
3 7504 7596 7689
3 7505 7535 7566
3 7506 7517 7526
3 7507 7510 7514
2 7508 7509
0 -2 1
0 -4 10
3 7511 7512 7513
0 5 3
0 3 -8
0 0 -1
2 7515 7516
0 -7 10
0 9 -2
3 7518 7519 7525
0 -9 -10
2 7520 7524
3 7521 7522 7523
0 4 9
0 -10 9
0 -8 3
0 -2 -10
0 -3 9
2 7527 7531
3 7528 7529 7530
0 -8 -2
0 -5 10
0 8 1
3 7532 7533 7534
0 -4 8
0 1 1
0 4 -2
4 7536 7543 7550 7557
2 7537 7540
2 7538 7539
0 -4 4
0 3 0
2 7541 7542
0 -7 -1
0 -7 4
2 7544 7547
2 7545 7546
0 -7 -1
0 9 5
2 7548 7549
0 9 -10
0 7 5
2 7551 7554
2 7552 7553
0 3 8
0 0 -3
2 7555 7556
0 7 -4
0 -3 -3
3 7558 7559 7560
0 -5 6
0 -7 -4
2 7561 7562
0 -9 6
3 7563 7564 7565
0 1 -5
0 4 -1
0 4 -10
2 7567 7581
4 7568 7571 7575 7578
2 7569 7570
0 -2 9
0 -3 7
3 7572 7573 7574
0 -2 -7
0 8 0
0 -10 -7
2 7576 7577
0 5 5
0 4 1
2 7579 7580
0 10 -3
0 -2 7
4 7582 7585 7590 7593
2 7583 7584
0 3 10
0 -9 -6
2 7586 7589
2 7587 7588
0 -9 -1
0 -7 4
0 4 0
2 7591 7592
0 0 -6
0 -6 -6
2 7594 7595
0 3 10
0 -10 5
3 7597 7627 7659
3 7598 7607 7618
2 7599 7603
3 7600 7601 7602
0 -8 10
0 -10 6
0 -7 0
3 7604 7605 7606
0 -6 -5
0 10 -1
0 -10 10
3 7608 7612 7615
3 7609 7610 7611
0 2 -7
0 -9 7
0 2 -10
2 7613 7614
0 -7 -7
0 -5 -10
2 7616 7617
0 -1 -9
0 3 -2
2 7619 7623
3 7620 7621 7622
0 -9 -4
0 1 1
0 2 -7
3 7624 7625 7626
0 10 -2
0 -4 -9
0 -7 7
2 7628 7643
4 7629 7632 7635 7638
2 7630 7631
0 -9 -8
0 -3 1
2 7633 7634
0 1 -5
0 -6 -3
2 7636 7637
0 -4 -3
0 -5 -7
2 7639 7640
0 5 5
2 7641 7642
0 -4 -3
0 3 8
4 7644 7647 7650 7653
2 7645 7646
0 -6 -4
0 -5 -1
2 7648 7649
0 3 -4
0 9 -9
2 7651 7652
0 -4 -10
0 -7 8
2 7654 7655
0 -3 8
3 7656 7657 7658
0 -2 -6
0 5 5
0 -5 4
3 7660 7671 7680
2 7661 7666
2 7662 7665
2 7663 7664
0 -2 0
0 2 1
0 2 4
2 7667 7670
2 7668 7669
0 1 2
0 8 -4
0 8 2
2 7672 7676
3 7673 7674 7675
0 -2 -10
0 2 3
0 8 2
3 7677 7678 7679
0 -7 4
0 8 0
0 -4 -9
2 7681 7685
3 7682 7683 7684
0 -9 8
0 6 -5
0 -4 -5
3 7686 7687 7688
0 -6 -10
0 0 0
0 6 -3
4 7690 7712 7734 7759
3 7691 7698 7705
2 7692 7695
2 7693 7694
0 -5 0
0 -9 -10
2 7696 7697
0 9 1
0 -2 0
2 7699 7702
2 7700 7701
0 -10 4
0 -2 10
2 7703 7704
0 7 10
0 2 2
2 7706 7709
2 7707 7708
0 -4 -10
0 -8 -2
2 7710 7711
0 3 9
0 0 9
2 7713 7723
4 7714 7720 7721 7722
2 7715 7716
0 1 8
3 7717 7718 7719
0 2 2
0 -3 -9
0 8 -6
0 5 1
0 -2 0
0 -5 -1
4 7724 7725 7732 7733
0 5 6
2 7726 7729
2 7727 7728
0 8 -9
0 -4 5
2 7730 7731
0 1 -8
0 -6 -9
0 10 2
0 5 -9
3 7735 7743 7751
2 7736 7740
3 7737 7738 7739
0 5 3
0 9 -8
0 -10 3
2 7741 7742
0 -2 9
0 -4 -5
2 7744 7747
2 7745 7746
0 6 9
0 -2 8
3 7748 7749 7750
0 -3 3
0 10 4
0 6 -2
2 7752 7756
3 7753 7754 7755
0 -2 8
0 -4 6
0 3 -4
2 7757 7758
0 -8 5
0 5 -6
2 7760 7770
4 7761 7762 7763 7769
0 -10 -10
0 7 5
2 7764 7768
3 7765 7766 7767
0 -8 -5
0 4 7
0 6 -7
0 -6 -7
0 -8 -2
2 7771 7776
2 7772 7775
2 7773 7774
0 -7 6
0 -8 9
0 1 -5
2 7777 7780
2 7778 7779
0 10 -9
0 7 4
0 0 0
3 7782 7874 7966
4 7783 7805 7827 7852
2 7784 7795
3 7785 7788 7792
2 7786 7787
0 0 -7
0 -8 7
3 7789 7790 7791
0 9 4
0 4 -5
0 4 7
2 7793 7794
0 -3 3
0 1 8
3 7796 7799 7802
2 7797 7798
0 4 -1
0 4 2
2 7800 7801
0 -3 0
0 9 -2
2 7803 7804
0 -9 -1
0 1 5
2 7806 7816
3 7807 7810 7813
2 7808 7809
0 -9 3
0 9 -3
2 7811 7812
0 9 2
0 6 2
2 7814 7815
0 3 8
0 9 10
4 7817 7818 7825 7826
0 9 10
2 7819 7822
2 7820 7821
0 -10 -10
0 -4 -8
2 7823 7824
0 -6 1
0 -9 -1
0 -6 5
0 -2 10
2 7828 7840
3 7829 7834 7837
2 7830 7833
2 7831 7832
0 0 -4
0 -7 -6
0 -5 -3
2 7835 7836
0 -2 5
0 -7 10
2 7838 7839
0 -2 7
0 3 10
2 7841 7846
2 7842 7843
0 1 4
2 7844 7845
0 9 3
0 9 -5
2 7847 7851
3 7848 7849 7850
0 6 1
0 -5 -4
0 -1 3
0 5 -4
3 7853 7860 7867
2 7854 7857
2 7855 7856
0 -7 -3
0 8 4
2 7858 7859
0 -7 -4
0 -3 -2
2 7861 7864
2 7862 7863
0 6 -9
0 -9 6
2 7865 7866
0 -8 -6
0 -5 -1
2 7868 7871
2 7869 7870
0 -3 -6
0 5 -4
2 7872 7873
0 9 5
0 -1 -9
2 7875 7920
2 7876 7898
3 7877 7884 7891
2 7878 7881
2 7879 7880
0 -3 -6
0 -2 -1
2 7882 7883
0 -8 7
0 6 -6
2 7885 7888
2 7886 7887
0 5 7
0 -2 2
2 7889 7890
0 0 3
0 -4 -9
2 7892 7895
2 7893 7894
0 1 -8
0 7 2
2 7896 7897
0 -7 9
0 9 2
3 7899 7906 7913
2 7900 7903
2 7901 7902
0 7 -10
0 -9 3
2 7904 7905
0 -7 -3
0 -4 -10
2 7907 7910
2 7908 7909
0 -4 8
0 9 -2
2 7911 7912
0 8 -9
0 -1 4
2 7914 7917
2 7915 7916
0 9 -5
0 0 -8
2 7918 7919
0 -4 9
0 7 -6
3 7921 7936 7951
2 7922 7929
2 7923 7926
2 7924 7925
0 8 -5
0 10 -6
2 7927 7928
0 3 6
0 2 -4
2 7930 7933
2 7931 7932
0 -5 1
0 2 1
2 7934 7935
0 10 0
0 4 -5
4 7937 7940 7943 7946
2 7938 7939
0 10 2
0 1 10
2 7941 7942
0 5 7
0 0 1
2 7944 7945
0 7 -7
0 -5 9
2 7947 7948
0 -5 -3
2 7949 7950
0 3 -8
0 0 5
4 7952 7955 7958 7963
2 7953 7954
0 -8 -6
0 -9 9
2 7956 7957
0 3 7
0 8 2
2 7959 7962
2 7960 7961
0 1 3
0 -1 4
0 -6 -10
2 7964 7965
0 7 -10
0 -6 -9
2 7967 8013
4 7968 7980 7991 8002
3 7969 7974 7977
2 7970 7973
2 7971 7972
0 4 -4
0 -2 0
0 -5 4
2 7975 7976
0 5 4
0 -9 -9
2 7978 7979
0 10 -2
0 -4 -9
3 7981 7984 7987
2 7982 7983
0 -1 0
0 -5 9
2 7985 7986
0 9 0
0 -1 5
3 7988 7989 7990
0 -10 10
0 10 -10
0 1 1
4 7992 7999 8000 8001
2 7993 7996
2 7994 7995
0 2 5
0 -7 2
2 7997 7998
0 -10 10
0 -9 8
0 8 8
0 4 -8
0 2 -5
4 8003 8004 8011 8012
0 -4 10
2 8005 8008
2 8006 8007
0 4 -2
0 -1 1
2 8009 8010
0 -9 0
0 7 -2
0 -8 -2
0 -2 -1
2 8014 8036
2 8015 8026
2 8016 8021
2 8017 8018
0 -8 10
2 8019 8020
0 -10 -6
0 -4 7
2 8022 8023
0 9 -1
2 8024 8025
0 10 -2
0 4 5
3 8027 8030 8033
2 8028 8029
0 1 -8
0 -8 5
2 8031 8032
0 8 6
0 6 5
2 8034 8035
0 -3 -8
0 -1 5
3 8037 8044 8051
2 8038 8041
2 8039 8040
0 -3 -7
0 8 -7
2 8042 8043
0 9 10
0 -3 1
2 8045 8048
2 8046 8047
0 10 9
0 2 -8
2 8049 8050
0 -10 0
0 -9 -6
2 8052 8055
2 8053 8054
0 9 8
0 8 2
2 8056 8057
0 10 8
0 -2 2
4 8059 8128 8197 8266
3 8060 8084 8106
4 8061 8069 8074 8079
2 8062 8066
3 8063 8064 8065
0 -8 -6
0 -6 -8
0 2 1
2 8067 8068
0 0 7
0 -1 6
2 8070 8071
0 -8 7
2 8072 8073
0 6 1
0 -7 5
2 8075 8078
2 8076 8077
0 -9 -8
0 8 -7
0 8 0
2 8080 8083
2 8081 8082
0 9 3
0 3 2
0 -3 -5
4 8085 8091 8096 8101
2 8086 8087
0 -2 9
3 8088 8089 8090
0 3 6
0 7 -4
0 6 10
2 8092 8095
2 8093 8094
0 -3 8
0 -7 6
0 -9 -8
2 8097 8098
0 -5 9
2 8099 8100
0 2 -9
0 -5 -3
2 8102 8103
0 -10 -5
2 8104 8105
0 3 1
0 -1 0
3 8107 8114 8121
2 8108 8111
2 8109 8110
0 2 -3
0 -7 -8
2 8112 8113
0 -6 -5
0 -10 -1
2 8115 8118
2 8116 8117
0 -9 7
0 -2 0
2 8119 8120
0 8 6
0 5 0
2 8122 8125
2 8123 8124
0 0 -2
0 0 -6
2 8126 8127
0 1 9
0 0 -4
3 8129 8151 8173
3 8130 8137 8144
2 8131 8134
2 8132 8133
0 3 7
0 6 1
2 8135 8136
0 -8 9
0 3 -10
2 8138 8141
2 8139 8140
0 -8 -5
0 9 -5
2 8142 8143
0 10 -10
0 2 2
2 8145 8148
2 8146 8147
0 -9 9
0 8 3
2 8149 8150
0 -6 2
0 -7 1
3 8152 8159 8166
2 8153 8156
2 8154 8155
0 -7 6
0 -6 -3
2 8157 8158
0 6 8
0 7 -6
2 8160 8163
2 8161 8162
0 3 8
0 7 -1
2 8164 8165
0 -5 -7
0 5 -6
2 8167 8170
2 8168 8169
0 -10 5
0 8 8
2 8171 8172
0 5 8
0 -3 6
3 8174 8181 8188
2 8175 8178
2 8176 8177
0 -7 4
0 10 2
2 8179 8180
0 1 -2
0 5 -6
2 8182 8185
2 8183 8184
0 5 -8
0 3 -2
2 8186 8187
0 -9 6
0 6 5
3 8189 8190 8191
0 3 6
0 7 -4
2 8192 8193
0 0 2
3 8194 8195 8196
0 0 10
0 10 -10
0 -9 -8
3 8198 8220 8244
2 8199 8210
3 8200 8203 8207
2 8201 8202
0 1 -6
0 -7 6
3 8204 8205 8206
0 10 8
0 -8 -6
0 1 -2
2 8208 8209
0 0 -2
0 -3 -2
4 8211 8212 8218 8219
0 9 -4
2 8213 8217
3 8214 8215 8216
0 -8 2
0 4 1
0 -4 -10
0 5 -10
0 5 -8
0 -1 1
4 8221 8226 8231 8239
2 8222 8225
2 8223 8224
0 -5 -3
0 -3 -6
0 8 -6
2 8227 8228
0 -5 -1
2 8229 8230
0 0 -9
0 -2 -3
2 8232 8236
3 8233 8234 8235
0 -3 3
0 -1 3
0 5 -6
2 8237 8238
0 -9 2
0 -3 -10
2 8240 8241
0 9 4
2 8242 8243
0 -6 7
0 -3 7
2 8245 8255
4 8246 8252 8253 8254
2 8247 8248
0 -2 0
3 8249 8250 8251
0 -8 5
0 -7 -6
0 -6 9
0 -7 -10
0 0 8
0 -6 -6
3 8256 8259 8263
2 8257 8258
0 -5 5
0 4 10
3 8260 8261 8262
0 -4 -2
0 1 10
0 3 9
2 8264 8265
0 3 7
0 -8 2
2 8267 8301
3 8268 8279 8290
4 8269 8270 8277 8278
0 -6 9
2 8271 8274
2 8272 8273
0 3 -3
0 9 -3
2 8275 8276
0 4 3
0 0 10
0 -3 -3
0 10 4
3 8280 8284 8287
3 8281 8282 8283
0 0 2
0 -2 -2
0 -6 -2
2 8285 8286
0 -8 0
0 -6 -4
2 8288 8289
0 3 4
0 -4 -5
2 8291 8296
2 8292 8295
2 8293 8294
0 -6 -5
0 -8 2
0 3 -8
2 8297 8298
0 5 4
2 8299 8300
0 -9 -2
0 -9 -9
4 8302 8310 8318 8326
3 8303 8304 8305
0 4 -7
0 7 -3
2 8306 8309
2 8307 8308
0 8 -6
0 2 6
0 9 -8
2 8311 8314
2 8312 8313
0 -1 2
0 0 -4
3 8315 8316 8317
0 -8 9
0 1 -8
0 7 -7
2 8319 8323
3 8320 8321 8322
0 -3 -1
0 -5 -9
0 0 0
2 8324 8325
0 -10 8
0 8 -4
2 8327 8331
3 8328 8329 8330
0 0 -8
0 9 -5
0 -7 -10
3 8332 8333 8334
0 5 6
0 -9 3
0 -2 -1
3 8336 8613 8890
4 8337 8406 8475 8544
2 8338 8372
2 8339 8355
4 8340 8343 8346 8352
2 8341 8342
0 7 -7
0 -7 -2
2 8344 8345
0 -9 -7
0 0 -4
2 8347 8351
3 8348 8349 8350
0 -2 -8
0 0 5
0 0 2
0 8 4
2 8353 8354
0 -1 3
0 -9 -10
2 8356 8364
2 8357 8361
3 8358 8359 8360
0 3 -9
0 5 -5
0 -9 -3
2 8362 8363
0 2 -5
0 10 2
2 8365 8368
2 8366 8367
0 1 3
0 5 10
3 8369 8370 8371
0 -2 4
0 -1 -6
0 -4 -3
2 8373 8390
2 8374 8382
2 8375 8378
2 8376 8377
0 0 -8
0 -10 -6
3 8379 8380 8381
0 6 0
0 -8 -1
0 4 -10
2 8383 8387
3 8384 8385 8386
0 -6 -3
0 -4 4
0 -2 -2
2 8388 8389
0 1 -1
0 2 -9
4 8391 8394 8400 8403
2 8392 8393
0 -8 -10
0 9 -4
2 8395 8396
0 -3 4
3 8397 8398 8399
0 -8 2
0 5 -6
0 8 -3
2 8401 8402
0 -1 -6
0 7 -5
2 8404 8405
0 6 7
0 -8 -10
2 8407 8441
4 8408 8416 8425 8433
3 8409 8410 8411
0 -4 0
0 0 0
2 8412 8415
2 8413 8414
0 9 -1
0 -1 -1
0 -9 3
3 8417 8423 8424
2 8418 8422
3 8419 8420 8421
0 -4 -2
0 6 4
0 -7 3
0 8 0
0 -3 0
0 -6 3
2 8426 8430
3 8427 8428 8429
0 2 1
0 -2 3
0 -10 -6
2 8431 8432
0 -3 -4
0 2 -5
2 8434 8438
3 8435 8436 8437
0 6 -1
0 -6 10
0 -8 -5
2 8439 8440
0 0 -9
0 -9 -7
4 8442 8451 8459 8467
2 8443 8447
3 8444 8445 8446
0 -3 3
0 8 2
0 -7 -3
3 8448 8449 8450
0 -5 -3
0 -2 -6
0 4 -8
2 8452 8456
3 8453 8454 8455
0 -4 -1
0 -2 8
0 -9 -6
2 8457 8458
0 4 -2
0 3 -8
2 8460 8463
2 8461 8462
0 -3 5
0 10 -8
3 8464 8465 8466
0 9 -9
0 0 -1
0 1 5
2 8468 8472
3 8469 8470 8471
0 10 3
0 4 -1
0 5 0
2 8473 8474
0 -1 9
0 -3 -8
3 8476 8498 8522
3 8477 8484 8491
2 8478 8481
2 8479 8480
0 1 5
0 1 7
2 8482 8483
0 -9 9
0 4 5
2 8485 8488
2 8486 8487
0 0 9
0 -1 -5
2 8489 8490
0 3 -7
0 8 -8
2 8492 8495
2 8493 8494
0 -4 -1
0 -4 10
2 8496 8497
0 -2 8
0 1 6
3 8499 8506 8515
2 8500 8503
2 8501 8502
0 7 1
0 -7 -4
2 8504 8505
0 0 -9
0 -1 0
3 8507 8508 8514
0 -7 -6
2 8509 8513
3 8510 8511 8512
0 3 1
0 -2 -4
0 -7 -1
0 -8 -7
0 6 8
2 8516 8519
2 8517 8518
0 -9 0
0 5 3
2 8520 8521
0 -4 -10
0 9 1
2 8523 8533
3 8524 8527 8530
2 8525 8526
0 -9 3
0 -6 -4
2 8528 8529
0 3 -8
0 10 -3
2 8531 8532
0 3 2
0 -6 -2
4 8534 8535 8542 8543
0 -8 -4
2 8536 8539
2 8537 8538
0 -1 -1
0 -3 5
2 8540 8541
0 -9 -6
0 8 9
0 -5 1
0 2 -1
3 8545 8567 8591
2 8546 8556
4 8547 8548 8549 8555
0 9 4
0 7 10
2 8550 8554
3 8551 8552 8553
0 7 9
0 3 -8
0 0 4
0 6 10
0 8 5
2 8557 8562
2 8558 8561
2 8559 8560
0 -3 5
0 7 -10
0 1 6
2 8563 8566
2 8564 8565
0 -7 0
0 0 -2
0 -9 9
3 8568 8575 8582
2 8569 8572
2 8570 8571
0 2 -10
0 9 -3
2 8573 8574
0 5 -2
0 9 3
2 8576 8579
2 8577 8578
0 -8 10
0 -2 -7
2 8580 8581
0 -6 9
0 -1 -1
2 8583 8587
3 8584 8585 8586
0 1 -8
0 -3 5
0 2 -6
3 8588 8589 8590
0 1 9
0 -10 3
0 3 -2
2 8592 8603
2 8593 8598
2 8594 8595
0 3 3
2 8596 8597
0 -3 7
0 6 -4
2 8599 8602
2 8600 8601
0 -4 2
0 0 10
0 2 -4
4 8604 8610 8611 8612
2 8605 8606
0 0 7
3 8607 8608 8609
0 8 8
0 -4 2
0 10 -5
0 7 -5
0 -9 10
0 -3 -2
4 8614 8683 8752 8821
4 8615 8632 8649 8666
2 8616 8624
2 8617 8620
2 8618 8619
0 10 -4
0 -6 -7
3 8621 8622 8623
0 9 5
0 -8 5
0 -2 3
2 8625 8629
3 8626 8627 8628
0 -3 2
0 7 -2
0 -6 4
2 8630 8631
0 10 2
0 -6 7
3 8633 8639 8644
2 8634 8638
3 8635 8636 8637
0 2 5
0 -6 8
0 -7 -6
0 6 8
2 8640 8641
0 -7 3
2 8642 8643
0 4 0
0 3 10
2 8645 8646
0 -8 -1
2 8647 8648
0 -10 -3
0 -10 9
3 8650 8655 8660
2 8651 8654
2 8652 8653
0 6 0
0 4 10
0 9 1
2 8656 8659
2 8657 8658
0 -5 -9
0 -6 8
0 -1 5
2 8661 8665
3 8662 8663 8664
0 -5 10
0 -2 -10
0 -8 -6
0 -10 -4
4 8667 8671 8675 8679
3 8668 8669 8670
0 9 7
0 5 -6
0 0 -3
3 8672 8673 8674
0 -1 -7
0 -1 -3
0 -6 -6
3 8676 8677 8678
0 -6 -8
0 10 8
0 -5 -9
3 8680 8681 8682
0 -9 7
0 -1 -6
0 -5 6
4 8684 8701 8718 8735
2 8685 8693
2 8686 8690
3 8687 8688 8689
0 -7 -7
0 -2 9
0 -4 1
2 8691 8692
0 -9 -2
0 -2 -8
2 8694 8697
2 8695 8696
0 6 9
0 5 1
3 8698 8699 8700
0 -10 8
0 4 3
0 -4 -5
4 8702 8706 8710 8714
3 8703 8704 8705
0 -7 -8
0 -7 -4
0 -8 -10
3 8707 8708 8709
0 8 -2
0 -3 4
0 6 -6
3 8711 8712 8713
0 7 1
0 4 0
0 5 -10
3 8715 8716 8717
0 -6 5
0 -7 -8
0 -6 -8
2 8719 8727
2 8720 8724
3 8721 8722 8723
0 8 -10
0 5 9
0 9 -2
2 8725 8726
0 7 -9
0 2 2
3 8728 8729 8730
0 2 0
0 10 9
2 8731 8732
0 -2 7
2 8733 8734
0 6 -8
0 10 9
4 8736 8740 8744 8748
3 8737 8738 8739
0 -10 8
0 -5 -9
0 -7 -5
3 8741 8742 8743
0 4 -1
0 8 8
0 0 -2
3 8745 8746 8747
0 -10 3
0 4 -8
0 -10 6
3 8749 8750 8751
0 -5 0
0 4 5
0 -4 7
2 8753 8787
2 8754 8770
2 8755 8763
2 8756 8760
3 8757 8758 8759
0 4 7
0 9 9
0 -2 3
2 8761 8762
0 10 -5
0 1 6
2 8764 8767
2 8765 8766
0 -10 -5
0 -9 0
2 8768 8769
0 -9 -7
0 4 -6
3 8771 8776 8781
2 8772 8773
0 8 -10
2 8774 8775
0 10 3
0 -9 0
2 8777 8780
2 8778 8779
0 -4 1
0 10 -10
0 10 -6
2 8782 8786
3 8783 8784 8785
0 -4 -1
0 1 -1
0 6 -4
0 4 2
3 8788 8799 8810
4 8789 8796 8797 8798
2 8790 8793
2 8791 8792
0 9 -2
0 6 -4
2 8794 8795
0 7 8
0 5 -10
0 9 -7
0 3 -7
0 0 0
2 8800 8805
2 8801 8804
2 8802 8803
0 3 3
0 -7 1
0 -7 -5
2 8806 8809
2 8807 8808
0 5 7
0 9 -8
0 -6 0
4 8811 8812 8819 8820
0 3 -4
2 8813 8816
2 8814 8815
0 2 2
0 -7 -4
2 8817 8818
0 9 1
0 8 6
0 -9 1
0 -2 -6
4 8822 8839 8856 8873
4 8823 8827 8831 8835
3 8824 8825 8826
0 -9 9
0 -1 -7
0 -9 -8
3 8828 8829 8830
0 -2 -4
0 -1 3
0 8 9
3 8832 8833 8834
0 -6 3
0 5 2
0 8 -10
3 8836 8837 8838
0 5 9
0 -9 -3
0 4 9
3 8840 8845 8850
2 8841 8844
2 8842 8843
0 7 0
0 -6 -5
0 -5 -7
2 8846 8847
0 -6 7
2 8848 8849
0 -8 -5
0 5 -1
2 8851 8852
0 -7 -6
3 8853 8854 8855
0 -3 7
0 -8 -8
0 -10 2
2 8857 8865
2 8858 8861
2 8859 8860
0 9 2
0 5 0
3 8862 8863 8864
0 9 -8
0 -5 -9
0 -7 5
3 8866 8867 8872
0 1 4
2 8868 8871
2 8869 8870
0 6 -8
0 -4 1
0 4 0
0 1 4
3 8874 8880 8885
2 8875 8879
3 8876 8877 8878
0 9 3
0 8 -6
0 -9 -9
0 -9 -1
2 8881 8882
0 -9 0
2 8883 8884
0 -3 8
0 10 -5
2 8886 8889
2 8887 8888
0 0 -10
0 6 -7
0 10 9
3 8891 8983 9076
3 8892 8922 8952
3 8893 8904 8913
2 8894 8899
2 8895 8898
2 8896 8897
0 10 4
0 -10 9
0 5 2
2 8900 8901
0 -5 9
2 8902 8903
0 -5 -10
0 10 5
2 8905 8909
3 8906 8907 8908
0 5 6
0 -9 -2
0 9 5
3 8910 8911 8912
0 8 5
0 -1 9
0 -9 -4
3 8914 8915 8916
0 7 0
0 10 -10
2 8917 8921
3 8918 8919 8920
0 10 6
0 3 -10
0 2 4
0 0 1
2 8923 8937
2 8924 8930
2 8925 8929
3 8926 8927 8928
0 -8 3
0 1 -6
0 -6 -9
0 6 -1
2 8931 8934
2 8932 8933
0 -9 5
0 -8 -4
2 8935 8936
0 8 -4
0 0 5
2 8938 8945
2 8939 8942
2 8940 8941
0 -7 -10
0 7 -7
2 8943 8944
0 7 5
0 -10 8
2 8946 8949
2 8947 8948
0 2 8
0 -7 -7
2 8950 8951
0 6 -10
0 -10 5
3 8953 8963 8973
4 8954 8960 8961 8962
2 8955 8959
3 8956 8957 8958
0 -7 0
0 3 -2
0 2 -9
0 4 -4
0 1 3
0 0 4
0 2 1
4 8964 8970 8971 8972
2 8965 8966
0 3 6
3 8967 8968 8969
0 10 -2
0 -2 -1
0 -10 3
0 -4 -9
0 10 3
0 0 -1
2 8974 8978
3 8975 8976 8977
0 -6 6
0 -4 4
0 9 6
2 8979 8980
0 1 -8
2 8981 8982
0 -1 3
0 -6 2
3 8984 9014 9044
3 8985 8994 9005
2 8986 8990
3 8987 8988 8989
0 -5 9
0 2 1
0 -4 5
3 8991 8992 8993
0 -2 9
0 2 10
0 8 9
3 8995 8999 9002
3 8996 8997 8998
0 10 -10
0 10 1
0 1 -7
2 9000 9001
0 -10 5
0 3 -1
2 9003 9004
0 -7 -8
0 -8 8
2 9006 9010
3 9007 9008 9009
0 -2 10
0 1 0
0 3 5
3 9011 9012 9013
0 -10 7
0 6 9
0 7 3
3 9015 9024 9035
2 9016 9020
3 9017 9018 9019
0 -2 4
0 -6 5
0 0 -9
3 9021 9022 9023
0 -8 1
0 5 5
0 -8 -4
3 9025 9028 9031
2 9026 9027
0 -10 10
0 -3 2
2 9029 9030
0 -8 8
0 2 -4
3 9032 9033 9034
0 3 -5
0 -7 -3
0 0 1
2 9036 9040
3 9037 9038 9039
0 4 -8
0 -9 -6
0 -8 -9
3 9041 9042 9043
0 6 -7
0 8 -3
0 -7 7
2 9045 9060
3 9046 9052 9056
2 9047 9048
0 4 -8
3 9049 9050 9051
0 -10 -7
0 0 1
0 -3 2
3 9053 9054 9055
0 -3 -7
0 0 9
0 -2 9
3 9057 9058 9059
0 -7 3
0 -8 -10
0 -6 -3
4 9061 9064 9067 9073
2 9062 9063
0 -6 5
0 4 6
2 9065 9066
0 2 -6
0 -3 -9
2 9068 9069
0 -6 3
3 9070 9071 9072
0 2 -8
0 0 -9
0 10 -9
2 9074 9075
0 -2 2
0 2 5
2 9077 9122
2 9078 9100
3 9079 9086 9093
2 9080 9083
2 9081 9082
0 -10 -7
0 9 6
2 9084 9085
0 -8 5
0 6 6
2 9087 9090
2 9088 9089
0 3 -6
0 2 -1
2 9091 9092
0 -8 -9
0 -3 -4
2 9094 9097
2 9095 9096
0 2 -10
0 1 9
2 9098 9099
0 1 -10
0 8 -8
4 9101 9106 9112 9117
2 9102 9105
2 9103 9104
0 0 7
0 9 -2
0 4 -3
2 9107 9111
3 9108 9109 9110
0 -7 10
0 -4 8
0 5 3
0 4 -8
2 9113 9116
2 9114 9115
0 -2 4
0 0 0
0 -6 -8
2 9118 9119
0 10 9
2 9120 9121
0 -9 -1
0 -7 9
4 9123 9135 9146 9157
2 9124 9129
2 9125 9126
0 7 -8
2 9127 9128
0 -4 -1
0 9 2
2 9130 9134
3 9131 9132 9133
0 -3 -5
0 -4 -4
0 2 -1
0 -8 -4
2 9136 9141
2 9137 9138
0 1 -7
2 9139 9140
0 9 3
0 8 -7
2 9142 9145
2 9143 9144
0 3 -8
0 1 -8
0 -5 -7
3 9147 9151 9154
3 9148 9149 9150
0 8 -6
0 6 8
0 0 9
2 9152 9153
0 -5 10
0 -1 8
2 9155 9156
0 -6 0
0 10 8
2 9158 9163
2 9159 9162
2 9160 9161
0 8 -6
0 0 -5
0 3 -8
2 9164 9165
0 -8 -6
2 9166 9167
0 -1 -6
0 8 -8
3 9169 9446 9723
3 9170 9262 9354
2 9171 9217
2 9172 9194
2 9173 9183
4 9174 9175 9181 9182
0 6 3
2 9176 9180
3 9177 9178 9179
0 -4 7
0 0 1
0 -10 -8
0 1 8
0 -10 -1
0 7 9
3 9184 9187 9190
2 9185 9186
0 -7 0
0 -5 -3
2 9188 9189
0 -4 -4
0 4 -10
3 9191 9192 9193
0 -7 5
0 -1 -5
0 2 5
2 9195 9206
3 9196 9200 9203
3 9197 9198 9199
0 10 6
0 9 3
0 -3 10
2 9201 9202
0 3 4
0 -5 6
2 9204 9205
0 6 2
0 -5 -3
3 9207 9210 9214
2 9208 9209
0 4 -10
0 -10 3
3 9211 9212 9213
0 10 6
0 8 6
0 4 8
2 9215 9216
0 -3 0
0 -9 6
3 9218 9232 9248
3 9219 9223 9228
3 9220 9221 9222
0 10 1
0 -2 -10
0 8 1
2 9224 9225
0 -10 -6
2 9226 9227
0 2 10
0 0 1
3 9229 9230 9231
0 -3 8
0 -7 4
0 -7 -3
4 9233 9239 9242 9245
2 9234 9238
3 9235 9236 9237
0 -5 -2
0 -1 -5
0 3 10
0 1 -6
2 9240 9241
0 10 -4
0 9 -2
2 9243 9244
0 1 6
0 8 -4
2 9246 9247
0 -1 -7
0 4 -1
4 9249 9252 9255 9259
2 9250 9251
0 7 -6
0 5 -8
2 9253 9254
0 10 4
0 5 10
3 9256 9257 9258
0 -5 1
0 0 -8
0 -10 -5
2 9260 9261
0 8 2
0 6 -3
3 9263 9293 9323
4 9264 9271 9279 9286
2 9265 9268
2 9266 9267
0 -10 -4
0 -1 -8
2 9269 9270
0 -6 5
0 -7 -6
2 9272 9275
2 9273 9274
0 1 -3
0 -2 -3
3 9276 9277 9278
0 -10 -6
0 4 6
0 2 -2
2 9280 9283
2 9281 9282
0 -6 -2
0 -5 0
2 9284 9285
0 -3 0
0 1 -4
2 9287 9290
2 9288 9289
0 -3 -7
0 -6 -1
2 9291 9292
0 -1 5
0 4 7
4 9294 9302 9309 9316
2 9295 9299
3 9296 9297 9298
0 9 7
0 4 10
0 -5 0
2 9300 9301
0 -10 -9
0 -10 -7
2 9303 9306
2 9304 9305
0 -7 2
0 -10 -1
2 9307 9308
0 -9 7
0 9 0
2 9310 9313
2 9311 9312
0 -9 -6
0 5 -6
2 9314 9315
0 10 -6
0 -8 5
2 9317 9320
2 9318 9319
0 -10 6
0 7 -6
2 9321 9322
0 1 6
0 9 1
4 9324 9331 9340 9347
2 9325 9328
2 9326 9327
0 -6 -10
0 5 2
2 9329 9330
0 -6 -5
0 6 10
3 9332 9333 9334
0 0 -9
0 2 9
2 9335 9339
3 9336 9337 9338
0 -4 -9
0 3 3
0 8 -7
0 3 -3
2 9341 9344
2 9342 9343
0 -1 10
0 -1 0
2 9345 9346
0 -8 -9
0 -10 4
2 9348 9351
2 9349 9350
0 5 0
0 -9 10
2 9352 9353
0 8 -1
0 -4 -3
4 9355 9377 9402 9424
4 9356 9361 9366 9371
2 9357 9360
2 9358 9359
0 -8 -4
0 5 -6
0 -3 -1
2 9362 9365
2 9363 9364
0 7 -6
0 -9 -10
0 -2 -7
2 9367 9368
0 2 6
2 9369 9370
0 10 -2
0 10 2
2 9372 9373
0 -8 2
3 9374 9375 9376
0 10 5
0 2 10
0 -4 -7
2 9378 9390
4 9379 9380 9381 9382
0 -2 9
0 6 2
0 -6 10
2 9383 9387
3 9384 9385 9386
0 2 -6
0 2 -3
0 -10 -6
2 9388 9389
0 -6 -3
0 0 1
2 9391 9396
2 9392 9395
2 9393 9394
0 -1 -1
0 4 2
0 9 -2
2 9397 9398
0 2 5
3 9399 9400 9401
0 4 -3
0 -6 -10
0 7 -8
4 9403 9408 9413 9419
2 9404 9405
0 2 0
2 9406 9407
0 -5 4
0 0 5
2 9409 9410
0 7 -2
2 9411 9412
0 -2 5
0 -9 -4
2 9414 9415
0 -3 -9
3 9416 9417 9418
0 -8 -7
0 -2 2
0 -8 4
2 9420 9423
2 9421 9422
0 3 -4
0 -4 -7
0 -3 -1
4 9425 9431 9436 9441
2 9426 9427
0 0 8
3 9428 9429 9430
0 3 5
0 -9 -2
0 2 -3
2 9432 9433
0 -6 -8
2 9434 9435
0 -9 9
0 4 6
2 9437 9440
2 9438 9439
0 -4 -4
0 -6 -2
0 -10 5
2 9442 9445
2 9443 9444
0 -2 -4
0 9 1
0 10 9
3 9447 9539 9631
4 9448 9470 9492 9517
4 9449 9454 9459 9464
2 9450 9453
2 9451 9452
0 3 2
0 8 -9
0 -3 5
2 9455 9458
2 9456 9457
0 8 10
0 -4 -9
0 10 0
2 9460 9463
2 9461 9462
0 -6 0
0 5 -3
0 -9 -2
2 9465 9469
3 9466 9467 9468
0 2 6
0 2 -10
0 6 -4
0 2 4
2 9471 9481
2 9472 9477
2 9473 9476
2 9474 9475
0 3 -7
0 2 1
0 -7 4
3 9478 9479 9480
0 -7 -8
0 -6 1
0 -10 -1
3 9482 9485 9489
2 9483 9484
0 -1 -4
0 2 0
3 9486 9487 9488
0 -6 4
0 0 4
0 -6 5
2 9490 9491
0 5 0
0 -7 7
2 9493 9505
3 9494 9497 9500
2 9495 9496
0 -7 -7
0 9 -10
2 9498 9499
0 3 -9
0 6 0
2 9501 9502
0 10 4
2 9503 9504
0 -8 -2
0 8 0
4 9506 9507 9515 9516
0 5 1
2 9508 9512
3 9509 9510 9511
0 10 -2
0 8 -2
0 4 10
2 9513 9514
0 7 3
0 -9 9
0 10 6
0 -4 -5
3 9518 9525 9532
2 9519 9522
2 9520 9521
0 -3 -8
0 -1 -4
2 9523 9524
0 -4 3
0 -4 7
2 9526 9529
2 9527 9528
0 2 6
0 5 -5
2 9530 9531
0 6 7
0 5 -4
2 9533 9536
2 9534 9535
0 6 -10
0 6 -2
2 9537 9538
0 7 8
0 1 -6
2 9540 9586
2 9541 9564
4 9542 9549 9554 9559
2 9543 9546
2 9544 9545
0 3 -3
0 2 2
2 9547 9548
0 -7 1
0 2 -10
2 9550 9553
2 9551 9552
0 1 7
0 -3 -5
0 -5 5
2 9555 9558
2 9556 9557
0 -9 -5
0 0 2
0 -5 9
2 9560 9561
0 4 -9
2 9562 9563
0 0 3
0 -6 8
4 9565 9570 9575 9581
2 9566 9569
2 9567 9568
0 3 0
0 -10 -7
0 9 4
2 9571 9572
0 1 2
2 9573 9574
0 3 1
0 -2 -3
2 9576 9580
3 9577 9578 9579
0 5 5
0 9 -7
0 1 -10
0 -7 -8
2 9582 9585
2 9583 9584
0 3 0
0 -4 6
0 -8 -9
4 9587 9598 9609 9620
3 9588 9591 9594
2 9589 9590
0 -5 5
0 -10 -4
2 9592 9593
0 -4 7
0 -4 1
3 9595 9596 9597
0 6 0
0 0 -5
0 1 7
4 9599 9600 9601 9602
0 4 9
0 -6 6
0 3 6
2 9603 9606
2 9604 9605
0 -6 2
0 -7 -9
2 9607 9608
0 -1 10
0 1 -2
3 9610 9614 9617
3 9611 9612 9613
0 -8 -5
0 6 -7
0 -3 3
2 9615 9616
0 -4 -5
0 6 9
2 9618 9619
0 6 -6
0 0 1
3 9621 9625 9628
3 9622 9623 9624
0 -10 8
0 9 -2
0 3 -7
2 9626 9627
0 2 10
0 6 -10
2 9629 9630
0 1 -8
0 7 -4
4 9632 9654 9676 9698
4 9633 9638 9643 9649
2 9634 9637
2 9635 9636
0 9 7
0 5 -10
0 0 7
2 9639 9642
2 9640 9641
0 -9 7
0 8 -1
0 5 -8
2 9644 9648
3 9645 9646 9647
0 -10 -2
0 4 -3
0 3 2
0 7 -6
2 9650 9651
0 -6 -5
2 9652 9653
0 0 1
0 -7 4
2 9655 9666
4 9656 9657 9658 9665
0 10 6
0 1 -4
2 9659 9662
2 9660 9661
0 -9 1
0 -4 9
2 9663 9664
0 1 8
0 -2 10
0 -9 10
4 9667 9668 9669 9670
0 -5 7
0 -6 1
0 2 -3
2 9671 9672
0 -1 5
3 9673 9674 9675
0 5 5
0 -4 4
0 -1 -2
3 9677 9684 9691
2 9678 9681
2 9679 9680
0 -10 -6
0 6 7
2 9682 9683
0 3 -10
0 -9 10
2 9685 9688
2 9686 9687
0 8 -8
0 -8 1
2 9689 9690
0 0 -8
0 -3 8
2 9692 9695
2 9693 9694
0 -10 -3
0 -7 -3
2 9696 9697
0 -3 7
0 -10 -3
3 9699 9707 9715
2 9700 9704
3 9701 9702 9703
0 6 1
0 -10 -6
0 -8 0
2 9705 9706
0 2 3
0 -8 -7
3 9708 9709 9714
0 8 -9
2 9710 9713
2 9711 9712
0 1 0
0 -4 -6
0 -9 -5
0 -4 -4
2 9716 9720
3 9717 9718 9719
0 5 4
0 -3 -10
0 10 -6
2 9721 9722
0 8 -3
0 -3 -4
4 9724 9793 9862 9931
3 9725 9747 9771
3 9726 9733 9740
2 9727 9730
2 9728 9729
0 1 -10
0 6 -6
2 9731 9732
0 -10 2
0 1 -2
2 9734 9737
2 9735 9736
0 9 -7
0 -3 -1
2 9738 9739
0 -6 -10
0 3 5
2 9741 9744
2 9742 9743
0 0 -4
0 1 -3
2 9745 9746
0 4 2
0 9 -5
3 9748 9755 9764
2 9749 9752
2 9750 9751
0 2 -3
0 3 1
2 9753 9754
0 0 5
0 -9 -4
2 9756 9760
3 9757 9758 9759
0 2 5
0 3 -10
0 -1 5
3 9761 9762 9763
0 1 -3
0 -4 -7
0 2 -2
2 9765 9768
2 9766 9767
0 8 -5
0 9 -10
2 9769 9770
0 10 -10
0 -7 1
3 9772 9779 9786
2 9773 9776
2 9774 9775
0 -8 6
0 9 -10
2 9777 9778
0 -3 9
0 5 8
2 9780 9783
2 9781 9782
0 -5 4
0 -1 -8
2 9784 9785
0 -10 -4
0 -2 -2
2 9787 9790
2 9788 9789
0 -7 -9
0 -6 -5
2 9791 9792
0 10 -3
0 -9 10
3 9794 9816 9838
4 9795 9800 9805 9811
2 9796 9799
2 9797 9798
0 -10 8
0 -3 -8
0 -4 -3
2 9801 9804
2 9802 9803
0 -6 5
0 -6 9
0 5 -10
2 9806 9810
3 9807 9808 9809
0 -4 -2
0 -2 -6
0 0 -4
0 -7 -8
2 9812 9813
0 -6 7
2 9814 9815
0 3 -9
0 -8 7
3 9817 9824 9831
2 9818 9821
2 9819 9820
0 -3 6
0 -10 -5
2 9822 9823
0 -10 -2
0 -5 -1
2 9825 9828
2 9826 9827
0 -5 -10
0 -8 -6
2 9829 9830
0 -9 4
0 9 -6
2 9832 9835
2 9833 9834
0 -10 -9
0 -5 -2
2 9836 9837
0 10 10
0 0 -6
4 9839 9844 9852 9857
2 9840 9843
2 9841 9842
0 1 4
0 10 -6
0 2 7
3 9845 9846 9851
0 -2 1
2 9847 9850
2 9848 9849
0 -8 -6
0 8 6
0 5 3
0 -5 10
2 9853 9854
0 5 -1
2 9855 9856
0 -6 9
0 -8 10
2 9858 9861
2 9859 9860
0 10 5
0 5 -4
0 -3 -6
4 9863 9880 9897 9914
3 9864 9869 9875
2 9865 9868
2 9866 9867
0 0 -4
0 5 -7
0 7 3
2 9870 9874
3 9871 9872 9873
0 -4 -1
0 -7 -6
0 7 2
0 4 6
2 9876 9879
2 9877 9878
0 -1 -6
0 5 -7
0 -10 7
2 9881 9889
2 9882 9885
2 9883 9884
0 9 7
0 -10 -2
3 9886 9887 9888
0 1 -3
0 3 -8
0 9 6
3 9890 9891 9896
0 -2 10
2 9892 9895
2 9893 9894
0 9 3
0 2 7
0 9 -5
0 -6 0
2 9898 9906
2 9899 9903
3 9900 9901 9902
0 -9 -2
0 2 4
0 5 0
2 9904 9905
0 10 1
0 -8 8
2 9907 9910
2 9908 9909
0 -6 -9
0 -2 -7
3 9911 9912 9913
0 8 0
0 0 -3
0 8 8
4 9915 9919 9923 9927
3 9916 9917 9918
0 -2 -6
0 10 -10
0 -7 -6
3 9920 9921 9922
0 -6 1
0 2 -9
0 0 -1
3 9924 9925 9926
0 3 -9
0 7 1
0 -6 6
3 9928 9929 9930
0 6 9
0 -3 -2
0 2 9
4 9932 9950 9967 9984
3 9933 9940 9945
2 9934 9937
2 9935 9936
0 9 10
0 -2 8
2 9938 9939
0 -3 6
0 -5 -9
2 9941 9944
2 9942 9943
0 5 5
0 0 0
0 -10 4
2 9946 9947
0 -7 -3
2 9948 9949
0 2 9
0 10 -2
4 9951 9955 9959 9963
3 9952 9953 9954
0 8 -2
0 5 3
0 -2 -7
3 9956 9957 9958
0 9 -10
0 4 -8
0 -10 5
3 9960 9961 9962
0 0 4
0 7 10
0 2 5
3 9964 9965 9966
0 4 -5
0 4 -5
0 2 -8
4 9968 9972 9976 9980
3 9969 9970 9971
0 9 6
0 4 6
0 -7 -9
3 9973 9974 9975
0 -6 3
0 2 10
0 8 -1
3 9977 9978 9979
0 0 6
0 -3 -5
0 8 9
3 9981 9982 9983
0 -5 -7
0 1 -5
0 6 -6
3 9985 9991 9996
2 9986 9990
3 9987 9988 9989
0 7 -10
0 4 -2
0 -6 -6
0 4 8
2 9992 9995
2 9993 9994
0 0 -6
0 9 -6
0 -6 -1
2 9997 10000
2 9998 9999
0 -6 1
0 9 10
0 -3 -6
