9841
3 2 3282 6562
3 3 1096 2189
3 4 368 732
3 5 126 247
3 6 46 86
3 7 20 33
3 8 12 16
3 9 10 11
0 1 1
0 1 0
0 1 1
3 13 14 15
0 0 0
0 -1 -1
0 1 -1
3 17 18 19
0 1 0
0 0 1
0 -1 0
3 21 25 29
3 22 23 24
0 0 0
0 -1 -1
0 0 -1
3 26 27 28
0 1 0
0 0 1
0 1 1
3 30 31 32
0 1 1
0 0 0
0 0 1
3 34 38 42
3 35 36 37
0 -1 0
0 -1 0
0 -1 0
3 39 40 41
0 1 0
0 -1 -1
0 -1 0
3 43 44 45
0 1 1
0 0 0
0 -1 -1
3 47 60 73
3 48 52 56
3 49 50 51
0 1 0
0 1 -1
0 1 -1
3 53 54 55
0 -1 1
0 1 -1
0 0 1
3 57 58 59
0 1 -1
0 0 0
0 1 -1
3 61 65 69
3 62 63 64
0 1 -1
0 1 -1
0 1 1
3 66 67 68
0 -1 0
0 1 0
0 -1 1
3 70 71 72
0 0 0
0 1 -1
0 1 1
3 74 78 82
3 75 76 77
0 0 -1
0 1 -1
0 0 1
3 79 80 81
0 -1 -1
0 1 0
0 0 1
3 83 84 85
0 1 0
0 -1 0
0 -1 0
3 87 100 113
3 88 92 96
3 89 90 91
0 -1 -1
0 1 1
0 0 0
3 93 94 95
0 0 0
0 -1 1
0 0 0
3 97 98 99
0 0 1
0 1 0
0 -1 1
3 101 105 109
3 102 103 104
0 -1 1
0 1 0
0 0 0
3 106 107 108
0 1 -1
0 -1 0
0 0 0
3 110 111 112
0 -1 0
0 0 -1
0 1 0
3 114 118 122
3 115 116 117
0 1 -1
0 1 1
0 1 0
3 119 120 121
0 1 0
0 -1 -1
0 0 0
3 123 124 125
0 -1 0
0 0 -1
0 0 1
3 127 167 207
3 128 141 154
3 129 133 137
3 130 131 132
0 1 0
0 1 -1
0 -1 1
3 134 135 136
0 0 -1
0 0 -1
0 1 1
3 138 139 140
0 0 0
0 -1 1
0 1 0
3 142 146 150
3 143 144 145
0 1 0
0 -1 1
0 1 -1
3 147 148 149
0 0 0
0 1 -1
0 0 0
3 151 152 153
0 -1 -1
0 1 -1
0 -1 -1
3 155 159 163
3 156 157 158
0 1 -1
0 0 -1
0 1 0
3 160 161 162
0 -1 -1
0 0 1
0 0 0
3 164 165 166
0 0 0
0 -1 0
0 1 1
3 168 181 194
3 169 173 177
3 170 171 172
0 -1 0
0 0 1
0 0 1
3 174 175 176
0 1 -1
0 1 0
0 0 0
3 178 179 180
0 1 0
0 1 1
0 1 1
3 182 186 190
3 183 184 185
0 0 0
0 -1 -1
0 1 -1
3 187 188 189
0 1 -1
0 -1 -1
0 0 0
3 191 192 193
0 1 -1
0 0 -1
0 0 -1
3 195 199 203
3 196 197 198
0 1 0
0 1 -1
0 -1 1
3 200 201 202
0 0 1
0 -1 -1
0 1 1
3 204 205 206
0 0 -1
0 0 1
0 0 -1
3 208 221 234
3 209 213 217
3 210 211 212
0 -1 1
0 0 0
0 1 1
3 214 215 216
0 1 0
0 1 0
0 -1 0
3 218 219 220
0 1 0
0 -1 0
0 1 0
3 222 226 230
3 223 224 225
0 1 1
0 1 0
0 -1 0
3 227 228 229
0 -1 1
0 0 0
0 1 1
3 231 232 233
0 -1 0
0 1 1
0 1 0
3 235 239 243
3 236 237 238
0 -1 1
0 -1 1
0 -1 1
3 240 241 242
0 0 1
0 1 -1
0 1 0
3 244 245 246
0 -1 -1
0 1 -1
0 1 1
3 248 288 328
3 249 262 275
3 250 254 258
3 251 252 253
0 1 -1
0 0 1
0 1 1
3 255 256 257
0 1 1
0 0 0
0 1 0
3 259 260 261
0 -1 -1
0 0 1
0 0 0
3 263 267 271
3 264 265 266
0 -1 -1
0 1 -1
0 -1 0
3 268 269 270
0 0 -1
0 0 1
0 -1 -1
3 272 273 274
0 1 1
0 -1 -1
0 0 -1
3 276 280 284
3 277 278 279
0 -1 -1
0 1 1
0 1 1
3 281 282 283
0 0 1
0 1 0
0 -1 0
3 285 286 287
0 -1 0
0 1 1
0 1 0
3 289 302 315
3 290 294 298
3 291 292 293
0 -1 0
0 -1 0
0 -1 0
3 295 296 297
0 0 1
0 1 0
0 0 -1
3 299 300 301
0 0 0
0 -1 0
0 0 1
3 303 307 311
3 304 305 306
0 1 -1
0 -1 -1
0 1 1
3 308 309 310
0 1 1
0 0 0
0 -1 0
3 312 313 314
0 -1 0
0 1 1
0 0 1
3 316 320 324
3 317 318 319
0 1 0
0 0 1
0 0 0
3 321 322 323
0 -1 -1
0 0 0
0 1 0
3 325 326 327
0 1 -1
0 1 0
0 0 -1
3 329 342 355
3 330 334 338
3 331 332 333
0 -1 0
0 1 1
0 0 0
3 335 336 337
0 -1 1
0 -1 -1
0 -1 0
3 339 340 341
0 -1 -1
0 1 -1
0 1 0
3 343 347 351
3 344 345 346
0 1 1
0 0 -1
0 -1 -1
3 348 349 350
0 1 1
0 -1 -1
0 1 1
3 352 353 354
0 0 1
0 -1 1
0 0 1
3 356 360 364
3 357 358 359
0 1 -1
0 0 0
0 1 1
3 361 362 363
0 1 1
0 0 -1
0 1 -1
3 365 366 367
0 1 0
0 0 -1
0 -1 -1
3 369 490 611
3 370 410 450
3 371 384 397
3 372 376 380
3 373 374 375
0 -1 1
0 -1 0
0 -1 0
3 377 378 379
0 1 -1
0 1 1
0 0 0
3 381 382 383
0 0 0
0 1 -1
0 0 0
3 385 389 393
3 386 387 388
0 1 1
0 -1 0
0 1 0
3 390 391 392
0 1 -1
0 1 0
0 0 0
3 394 395 396
0 1 1
0 0 1
0 1 1
3 398 402 406
3 399 400 401
0 1 -1
0 1 1
0 -1 0
3 403 404 405
0 1 0
0 -1 0
0 0 -1
3 407 408 409
0 1 -1
0 -1 1
0 -1 1
3 411 424 437
3 412 416 420
3 413 414 415
0 0 1
0 1 1
0 1 0
3 417 418 419
0 -1 1
0 -1 1
0 -1 1
3 421 422 423
0 1 0
0 0 1
0 0 -1
3 425 429 433
3 426 427 428
0 0 1
0 -1 1
0 -1 1
3 430 431 432
0 0 0
0 0 -1
0 1 1
3 434 435 436
0 0 0
0 0 1
0 0 0
3 438 442 446
3 439 440 441
0 -1 0
0 -1 0
0 1 0
3 443 444 445
0 1 0
0 -1 1
0 0 0
3 447 448 449
0 1 0
0 -1 1
0 -1 1
3 451 464 477
3 452 456 460
3 453 454 455
0 -1 -1
0 1 0
0 0 -1
3 457 458 459
0 1 1
0 1 1
0 1 1
3 461 462 463
0 -1 0
0 0 0
0 -1 0
3 465 469 473
3 466 467 468
0 0 0
0 0 -1
0 1 0
3 470 471 472
0 0 -1
0 -1 -1
0 1 -1
3 474 475 476
0 -1 0
0 0 -1
0 -1 0
3 478 482 486
3 479 480 481
0 -1 -1
0 -1 0
0 0 1
3 483 484 485
0 0 0
0 0 0
0 1 0
3 487 488 489
0 0 1
0 1 1
0 -1 -1
3 491 531 571
3 492 505 518
3 493 497 501
3 494 495 496
0 0 -1
0 0 -1
0 1 -1
3 498 499 500
0 1 0
0 1 -1
0 -1 0
3 502 503 504
0 1 -1
0 -1 1
0 0 -1
3 506 510 514
3 507 508 509
0 1 1
0 -1 -1
0 -1 -1
3 511 512 513
0 0 1
0 1 0
0 -1 -1
3 515 516 517
0 0 0
0 1 1
0 1 0
3 519 523 527
3 520 521 522
0 -1 1
0 0 0
0 -1 0
3 524 525 526
0 0 1
0 0 1
0 0 0
3 528 529 530
0 1 -1
0 -1 1
0 1 1
3 532 545 558
3 533 537 541
3 534 535 536
0 1 -1
0 0 -1
0 1 1
3 538 539 540
0 -1 0
0 1 1
0 -1 1
3 542 543 544
0 -1 0
0 -1 0
0 -1 0
3 546 550 554
3 547 548 549
0 0 -1
0 -1 -1
0 1 1
3 551 552 553
0 0 0
0 1 1
0 1 1
3 555 556 557
0 1 0
0 -1 0
0 1 1
3 559 563 567
3 560 561 562
0 1 -1
0 0 -1
0 1 1
3 564 565 566
0 -1 1
0 -1 0
0 -1 -1
3 568 569 570
0 0 1
0 -1 -1
0 1 -1
3 572 585 598
3 573 577 581
3 574 575 576
0 1 0
0 -1 0
0 -1 0
3 578 579 580
0 -1 -1
0 1 -1
0 1 -1
3 582 583 584
0 -1 -1
0 1 -1
0 1 0
3 586 590 594
3 587 588 589
0 1 1
0 -1 -1
0 1 -1
3 591 592 593
0 1 1
0 1 -1
0 0 0
3 595 596 597
0 1 -1
0 0 1
0 -1 0
3 599 603 607
3 600 601 602
0 -1 1
0 1 0
0 0 -1
3 604 605 606
0 1 -1
0 -1 1
0 0 0
3 608 609 610
0 0 -1
0 -1 1
0 -1 -1
3 612 652 692
3 613 626 639
3 614 618 622
3 615 616 617
0 1 -1
0 1 0
0 1 1
3 619 620 621
0 0 1
0 -1 1
0 0 -1
3 623 624 625
0 1 1
0 0 0
0 -1 0
3 627 631 635
3 628 629 630
0 0 1
0 -1 -1
0 -1 0
3 632 633 634
0 1 1
0 0 -1
0 0 -1
3 636 637 638
0 -1 1
0 -1 -1
0 -1 0
3 640 644 648
3 641 642 643
0 0 1
0 -1 1
0 1 1
3 645 646 647
0 0 1
0 1 0
0 0 -1
3 649 650 651
0 0 0
0 1 0
0 -1 0
3 653 666 679
3 654 658 662
3 655 656 657
0 0 -1
0 1 0
0 -1 0
3 659 660 661
0 0 0
0 0 0
0 -1 0
3 663 664 665
0 0 0
0 -1 1
0 0 1
3 667 671 675
3 668 669 670
0 0 1
0 -1 0
0 1 1
3 672 673 674
0 0 -1
0 1 1
0 -1 -1
3 676 677 678
0 -1 0
0 1 1
0 -1 0
3 680 684 688
3 681 682 683
0 -1 -1
0 1 0
0 1 -1
3 685 686 687
0 0 -1
0 1 1
0 1 1
3 689 690 691
0 0 1
0 0 -1
0 1 0
3 693 706 719
3 694 698 702
3 695 696 697
0 1 1
0 1 0
0 -1 1
3 699 700 701
0 -1 1
0 1 -1
0 0 0
3 703 704 705
0 1 1
0 0 0
0 1 0
3 707 711 715
3 708 709 710
0 -1 -1
0 -1 1
0 -1 1
3 712 713 714
0 -1 1
0 0 1
0 0 1
3 716 717 718
0 1 1
0 1 0
0 0 1
3 720 724 728
3 721 722 723
0 0 1
0 -1 0
0 1 -1
3 725 726 727
0 1 -1
0 0 0
0 -1 -1
3 729 730 731
0 1 1
0 0 0
0 0 0
3 733 854 975
3 734 774 814
3 735 748 761
3 736 740 744
3 737 738 739
0 -1 1
0 -1 1
0 0 -1
3 741 742 743
0 1 0
0 1 0
0 0 0
3 745 746 747
0 -1 0
0 1 0
0 -1 1
3 749 753 757
3 750 751 752
0 1 0
0 0 1
0 1 0
3 754 755 756
0 1 0
0 1 -1
0 0 0
3 758 759 760
0 -1 1
0 1 1
0 -1 0
3 762 766 770
3 763 764 765
0 -1 0
0 1 1
0 0 0
3 767 768 769
0 1 0
0 0 0
0 0 0
3 771 772 773
0 -1 1
0 1 1
0 -1 1
3 775 788 801
3 776 780 784
3 777 778 779
0 0 -1
0 -1 -1
0 1 1
3 781 782 783
0 1 0
0 0 1
0 1 0
3 785 786 787
0 1 0
0 -1 0
0 -1 -1
3 789 793 797
3 790 791 792
0 1 1
0 1 -1
0 0 1
3 794 795 796
0 -1 0
0 0 1
0 -1 0
3 798 799 800
0 0 1
0 -1 -1
0 1 1
3 802 806 810
3 803 804 805
0 1 0
0 0 1
0 -1 1
3 807 808 809
0 1 -1
0 -1 -1
0 0 -1
3 811 812 813
0 -1 1
0 0 -1
0 1 0
3 815 828 841
3 816 820 824
3 817 818 819
0 -1 0
0 -1 0
0 1 -1
3 821 822 823
0 0 -1
0 0 1
0 1 1
3 825 826 827
0 1 1
0 0 0
0 -1 -1
3 829 833 837
3 830 831 832
0 0 1
0 -1 1
0 1 0
3 834 835 836
0 1 1
0 -1 1
0 1 0
3 838 839 840
0 0 0
0 0 1
0 1 1
3 842 846 850
3 843 844 845
0 0 -1
0 0 -1
0 1 1
3 847 848 849
0 -1 0
0 1 -1
0 -1 0
3 851 852 853
0 1 1
0 -1 -1
0 -1 1
3 855 895 935
3 856 869 882
3 857 861 865
3 858 859 860
0 0 1
0 0 0
0 0 0
3 862 863 864
0 -1 -1
0 1 0
0 0 -1
3 866 867 868
0 -1 1
0 1 -1
0 0 1
3 870 874 878
3 871 872 873
0 1 1
0 0 1
0 -1 0
3 875 876 877
0 1 -1
0 0 -1
0 1 -1
3 879 880 881
0 0 0
0 -1 -1
0 0 0
3 883 887 891
3 884 885 886
0 -1 0
0 1 -1
0 0 0
3 888 889 890
0 1 1
0 1 -1
0 -1 1
3 892 893 894
0 -1 0
0 1 -1
0 1 0
3 896 909 922
3 897 901 905
3 898 899 900
0 0 1
0 0 1
0 0 -1
3 902 903 904
0 -1 0
0 0 -1
0 0 -1
3 906 907 908
0 0 1
0 -1 1
0 -1 0
3 910 914 918
3 911 912 913
0 1 -1
0 -1 -1
0 -1 0
3 915 916 917
0 0 1
0 -1 -1
0 1 -1
3 919 920 921
0 -1 1
0 0 0
0 -1 -1
3 923 927 931
3 924 925 926
0 1 0
0 0 0
0 0 0
3 928 929 930
0 -1 0
0 1 -1
0 0 -1
3 932 933 934
0 -1 -1
0 -1 -1
0 -1 0
3 936 949 962
3 937 941 945
3 938 939 940
0 -1 1
0 -1 0
0 0 -1
3 942 943 944
0 1 0
0 -1 0
0 0 -1
3 946 947 948
0 0 1
0 1 -1
0 1 -1
3 950 954 958
3 951 952 953
0 -1 1
0 -1 1
0 0 1
3 955 956 957
0 0 -1
0 -1 1
0 1 -1
3 959 960 961
0 1 -1
0 -1 -1
0 -1 1
3 963 967 971
3 964 965 966
0 0 1
0 0 1
0 -1 -1
3 968 969 970
0 1 0
0 1 1
0 -1 1
3 972 973 974
0 1 1
0 1 0
0 0 0
3 976 1016 1056
3 977 990 1003
3 978 982 986
3 979 980 981
0 0 1
0 1 0
0 0 1
3 983 984 985
0 1 -1
0 -1 1
0 0 1
3 987 988 989
0 1 0
0 -1 -1
0 1 1
3 991 995 999
3 992 993 994
0 0 -1
0 0 1
0 -1 0
3 996 997 998
0 1 0
0 0 1
0 0 0
3 1000 1001 1002
0 -1 0
0 -1 1
0 1 0
3 1004 1008 1012
3 1005 1006 1007
0 -1 -1
0 -1 1
0 0 0
3 1009 1010 1011
0 1 -1
0 -1 1
0 0 1
3 1013 1014 1015
0 1 0
0 -1 1
0 1 0
3 1017 1030 1043
3 1018 1022 1026
3 1019 1020 1021
0 0 1
0 1 1
0 1 -1
3 1023 1024 1025
0 -1 1
0 0 -1
0 -1 0
3 1027 1028 1029
0 0 1
0 0 -1
0 -1 1
3 1031 1035 1039
3 1032 1033 1034
0 1 1
0 0 -1
0 -1 1
3 1036 1037 1038
0 -1 1
0 -1 -1
0 1 0
3 1040 1041 1042
0 -1 1
0 0 -1
0 0 1
3 1044 1048 1052
3 1045 1046 1047
0 -1 0
0 -1 1
0 1 -1
3 1049 1050 1051
0 1 1
0 -1 1
0 0 -1
3 1053 1054 1055
0 0 0
0 0 -1
0 -1 0
3 1057 1070 1083
3 1058 1062 1066
3 1059 1060 1061
0 1 0
0 1 1
0 -1 1
3 1063 1064 1065
0 0 1
0 0 1
0 1 -1
3 1067 1068 1069
0 1 -1
0 1 1
0 0 1
3 1071 1075 1079
3 1072 1073 1074
0 -1 0
0 -1 -1
0 -1 1
3 1076 1077 1078
0 -1 1
0 -1 1
0 -1 0
3 1080 1081 1082
0 -1 -1
0 0 1
0 1 1
3 1084 1088 1092
3 1085 1086 1087
0 -1 1
0 1 1
0 -1 1
3 1089 1090 1091
0 1 -1
0 1 0
0 -1 -1
3 1093 1094 1095
0 -1 1
0 1 -1
0 0 -1
3 1097 1461 1825
3 1098 1219 1340
3 1099 1139 1179
3 1100 1113 1126
3 1101 1105 1109
3 1102 1103 1104
0 1 1
0 -1 1
0 1 -1
3 1106 1107 1108
0 0 -1
0 1 1
0 1 -1
3 1110 1111 1112
0 1 1
0 0 -1
0 0 1
3 1114 1118 1122
3 1115 1116 1117
0 0 -1
0 0 1
0 0 1
3 1119 1120 1121
0 -1 1
0 -1 -1
0 0 1
3 1123 1124 1125
0 0 1
0 -1 0
0 -1 1
3 1127 1131 1135
3 1128 1129 1130
0 -1 1
0 -1 0
0 0 1
3 1132 1133 1134
0 1 1
0 1 0
0 0 -1
3 1136 1137 1138
0 0 -1
0 -1 -1
0 -1 -1
3 1140 1153 1166
3 1141 1145 1149
3 1142 1143 1144
0 0 1
0 1 1
0 0 0
3 1146 1147 1148
0 1 -1
0 1 0
0 1 -1
3 1150 1151 1152
0 -1 1
0 -1 -1
0 0 0
3 1154 1158 1162
3 1155 1156 1157
0 0 0
0 -1 1
0 0 1
3 1159 1160 1161
0 1 0
0 0 1
0 0 0
3 1163 1164 1165
0 0 0
0 1 1
0 0 0
3 1167 1171 1175
3 1168 1169 1170
0 1 0
0 -1 1
0 0 -1
3 1172 1173 1174
0 1 1
0 1 0
0 -1 -1
3 1176 1177 1178
0 1 1
0 0 0
0 1 1
3 1180 1193 1206
3 1181 1185 1189
3 1182 1183 1184
0 1 0
0 -1 0
0 -1 0
3 1186 1187 1188
0 -1 -1
0 1 0
0 0 1
3 1190 1191 1192
0 -1 0
0 0 0
0 -1 1
3 1194 1198 1202
3 1195 1196 1197
0 1 -1
0 1 0
0 0 -1
3 1199 1200 1201
0 1 -1
0 0 1
0 1 1
3 1203 1204 1205
0 1 -1
0 0 1
0 1 0
3 1207 1211 1215
3 1208 1209 1210
0 -1 1
0 -1 0
0 -1 -1
3 1212 1213 1214
0 1 0
0 1 -1
0 1 -1
3 1216 1217 1218
0 1 0
0 0 0
0 -1 1
3 1220 1260 1300
3 1221 1234 1247
3 1222 1226 1230
3 1223 1224 1225
0 1 0
0 0 -1
0 -1 0
3 1227 1228 1229
0 0 1
0 1 1
0 -1 -1
3 1231 1232 1233
0 -1 1
0 -1 1
0 0 -1
3 1235 1239 1243
3 1236 1237 1238
0 0 -1
0 -1 1
0 0 -1
3 1240 1241 1242
0 1 0
0 1 1
0 1 0
3 1244 1245 1246
0 0 -1
0 0 1
0 -1 1
3 1248 1252 1256
3 1249 1250 1251
0 -1 1
0 0 0
0 -1 1
3 1253 1254 1255
0 0 -1
0 -1 -1
0 1 0
3 1257 1258 1259
0 1 0
0 -1 0
0 0 0
3 1261 1274 1287
3 1262 1266 1270
3 1263 1264 1265
0 1 1
0 0 0
0 -1 -1
3 1267 1268 1269
0 1 -1
0 -1 1
0 -1 0
3 1271 1272 1273
0 1 1
0 -1 0
0 0 1
3 1275 1279 1283
3 1276 1277 1278
0 -1 -1
0 0 0
0 0 1
3 1280 1281 1282
0 0 0
0 -1 -1
0 -1 1
3 1284 1285 1286
0 0 -1
0 1 1
0 -1 -1
3 1288 1292 1296
3 1289 1290 1291
0 1 -1
0 1 -1
0 -1 1
3 1293 1294 1295
0 0 -1
0 -1 -1
0 -1 -1
3 1297 1298 1299
0 -1 -1
0 1 1
0 -1 -1
3 1301 1314 1327
3 1302 1306 1310
3 1303 1304 1305
0 0 -1
0 -1 1
0 0 -1
3 1307 1308 1309
0 -1 -1
0 1 1
0 0 1
3 1311 1312 1313
0 0 1
0 0 -1
0 1 -1
3 1315 1319 1323
3 1316 1317 1318
0 -1 1
0 -1 0
0 1 0
3 1320 1321 1322
0 1 1
0 0 0
0 1 0
3 1324 1325 1326
0 1 0
0 -1 1
0 1 0
3 1328 1332 1336
3 1329 1330 1331
0 -1 0
0 -1 1
0 1 -1
3 1333 1334 1335
0 1 -1
0 0 0
0 -1 -1
3 1337 1338 1339
0 0 -1
0 0 1
0 0 0
3 1341 1381 1421
3 1342 1355 1368
3 1343 1347 1351
3 1344 1345 1346
0 -1 -1
0 0 -1
0 -1 1
3 1348 1349 1350
0 -1 0
0 -1 1
0 -1 0
3 1352 1353 1354
0 -1 -1
0 1 0
0 -1 0
3 1356 1360 1364
3 1357 1358 1359
0 -1 -1
0 0 -1
0 -1 -1
3 1361 1362 1363
0 -1 1
0 1 0
0 1 1
3 1365 1366 1367
0 1 1
0 0 0
0 0 -1
3 1369 1373 1377
3 1370 1371 1372
0 0 -1
0 1 1
0 -1 0
3 1374 1375 1376
0 -1 0
0 -1 -1
0 0 -1
3 1378 1379 1380
0 -1 -1
0 -1 1
0 0 -1
3 1382 1395 1408
3 1383 1387 1391
3 1384 1385 1386
0 -1 1
0 1 0
0 0 1
3 1388 1389 1390
0 1 -1
0 0 -1
0 0 1
3 1392 1393 1394
0 0 -1
0 -1 -1
0 -1 -1
3 1396 1400 1404
3 1397 1398 1399
0 0 1
0 1 -1
0 0 0
3 1401 1402 1403
0 -1 1
0 -1 1
0 -1 0
3 1405 1406 1407
0 0 -1
0 1 -1
0 0 1
3 1409 1413 1417
3 1410 1411 1412
0 -1 0
0 -1 -1
0 -1 -1
3 1414 1415 1416
0 0 -1
0 1 -1
0 1 0
3 1418 1419 1420
0 0 0
0 1 1
0 1 -1
3 1422 1435 1448
3 1423 1427 1431
3 1424 1425 1426
0 0 0
0 -1 1
0 1 -1
3 1428 1429 1430
0 1 -1
0 -1 -1
0 0 -1
3 1432 1433 1434
0 1 0
0 0 -1
0 1 -1
3 1436 1440 1444
3 1437 1438 1439
0 0 -1
0 0 1
0 -1 1
3 1441 1442 1443
0 1 -1
0 -1 0
0 1 0
3 1445 1446 1447
0 1 -1
0 1 0
0 1 0
3 1449 1453 1457
3 1450 1451 1452
0 1 0
0 -1 -1
0 0 1
3 1454 1455 1456
0 0 0
0 0 -1
0 1 1
3 1458 1459 1460
0 -1 0
0 1 0
0 1 -1
3 1462 1583 1704
3 1463 1503 1543
3 1464 1477 1490
3 1465 1469 1473
3 1466 1467 1468
0 -1 1
0 0 1
0 -1 1
3 1470 1471 1472
0 -1 -1
0 -1 0
0 1 0
3 1474 1475 1476
0 1 1
0 -1 0
0 0 1
3 1478 1482 1486
3 1479 1480 1481
0 -1 0
0 -1 0
0 1 1
3 1483 1484 1485
0 0 0
0 -1 -1
0 -1 -1
3 1487 1488 1489
0 0 1
0 0 -1
0 -1 1
3 1491 1495 1499
3 1492 1493 1494
0 -1 1
0 -1 1
0 0 0
3 1496 1497 1498
0 -1 -1
0 0 1
0 1 -1
3 1500 1501 1502
0 -1 0
0 1 -1
0 1 1
3 1504 1517 1530
3 1505 1509 1513
3 1506 1507 1508
0 1 -1
0 0 1
0 0 0
3 1510 1511 1512
0 0 -1
0 1 -1
0 -1 1
3 1514 1515 1516
0 1 -1
0 -1 0
0 1 1
3 1518 1522 1526
3 1519 1520 1521
0 1 -1
0 -1 0
0 0 1
3 1523 1524 1525
0 1 0
0 -1 0
0 -1 -1
3 1527 1528 1529
0 0 1
0 0 1
0 -1 -1
3 1531 1535 1539
3 1532 1533 1534
0 0 0
0 0 0
0 1 0
3 1536 1537 1538
0 1 1
0 0 1
0 -1 -1
3 1540 1541 1542
0 -1 -1
0 -1 1
0 1 0
3 1544 1557 1570
3 1545 1549 1553
3 1546 1547 1548
0 0 1
0 0 -1
0 1 1
3 1550 1551 1552
0 0 1
0 0 0
0 0 -1
3 1554 1555 1556
0 0 -1
0 0 -1
0 1 1
3 1558 1562 1566
3 1559 1560 1561
0 -1 -1
0 -1 -1
0 -1 1
3 1563 1564 1565
0 -1 -1
0 -1 1
0 0 0
3 1567 1568 1569
0 -1 1
0 -1 -1
0 1 1
3 1571 1575 1579
3 1572 1573 1574
0 -1 -1
0 0 -1
0 0 0
3 1576 1577 1578
0 0 1
0 1 -1
0 0 1
3 1580 1581 1582
0 1 -1
0 0 -1
0 -1 0
3 1584 1624 1664
3 1585 1598 1611
3 1586 1590 1594
3 1587 1588 1589
0 0 -1
0 -1 -1
0 1 1
3 1591 1592 1593
0 0 0
0 -1 0
0 0 0
3 1595 1596 1597
0 0 -1
0 1 1
0 -1 0
3 1599 1603 1607
3 1600 1601 1602
0 1 1
0 1 1
0 -1 1
3 1604 1605 1606
0 -1 1
0 -1 1
0 1 1
3 1608 1609 1610
0 1 -1
0 0 1
0 0 1
3 1612 1616 1620
3 1613 1614 1615
0 0 -1
0 0 1
0 1 -1
3 1617 1618 1619
0 1 0
0 0 0
0 -1 -1
3 1621 1622 1623
0 -1 -1
0 -1 -1
0 0 1
3 1625 1638 1651
3 1626 1630 1634
3 1627 1628 1629
0 -1 1
0 -1 0
0 -1 -1
3 1631 1632 1633
0 1 -1
0 1 0
0 -1 0
3 1635 1636 1637
0 -1 0
0 0 0
0 1 -1
3 1639 1643 1647
3 1640 1641 1642
0 0 1
0 -1 1
0 -1 -1
3 1644 1645 1646
0 0 -1
0 1 1
0 -1 0
3 1648 1649 1650
0 1 0
0 1 1
0 0 0
3 1652 1656 1660
3 1653 1654 1655
0 -1 -1
0 -1 0
0 0 0
3 1657 1658 1659
0 0 1
0 1 1
0 -1 0
3 1661 1662 1663
0 0 -1
0 -1 1
0 -1 0
3 1665 1678 1691
3 1666 1670 1674
3 1667 1668 1669
0 -1 1
0 -1 0
0 -1 -1
3 1671 1672 1673
0 0 -1
0 1 -1
0 1 -1
3 1675 1676 1677
0 1 0
0 -1 -1
0 1 0
3 1679 1683 1687
3 1680 1681 1682
0 1 0
0 -1 1
0 0 1
3 1684 1685 1686
0 0 0
0 1 1
0 0 1
3 1688 1689 1690
0 -1 0
0 0 0
0 0 0
3 1692 1696 1700
3 1693 1694 1695
0 1 0
0 0 -1
0 1 -1
3 1697 1698 1699
0 -1 1
0 -1 0
0 0 -1
3 1701 1702 1703
0 0 1
0 1 -1
0 -1 1
3 1705 1745 1785
3 1706 1719 1732
3 1707 1711 1715
3 1708 1709 1710
0 1 1
0 -1 1
0 -1 -1
3 1712 1713 1714
0 1 1
0 0 1
0 -1 -1
3 1716 1717 1718
0 -1 -1
0 0 1
0 0 1
3 1720 1724 1728
3 1721 1722 1723
0 -1 0
0 0 1
0 0 -1
3 1725 1726 1727
0 1 -1
0 0 -1
0 1 -1
3 1729 1730 1731
0 0 0
0 1 1
0 0 0
3 1733 1737 1741
3 1734 1735 1736
0 0 1
0 -1 -1
0 0 -1
3 1738 1739 1740
0 -1 0
0 -1 0
0 0 1
3 1742 1743 1744
0 0 -1
0 -1 0
0 -1 -1
3 1746 1759 1772
3 1747 1751 1755
3 1748 1749 1750
0 -1 0
0 -1 0
0 1 0
3 1752 1753 1754
0 -1 1
0 -1 0
0 0 0
3 1756 1757 1758
0 1 -1
0 0 -1
0 0 -1
3 1760 1764 1768
3 1761 1762 1763
0 0 1
0 -1 1
0 1 -1
3 1765 1766 1767
0 0 1
0 1 0
0 0 -1
3 1769 1770 1771
0 1 -1
0 0 0
0 -1 1
3 1773 1777 1781
3 1774 1775 1776
0 0 1
0 0 -1
0 0 1
3 1778 1779 1780
0 -1 0
0 0 1
0 -1 1
3 1782 1783 1784
0 1 0
0 -1 0
0 0 -1
3 1786 1799 1812
3 1787 1791 1795
3 1788 1789 1790
0 1 -1
0 1 -1
0 1 0
3 1792 1793 1794
0 1 -1
0 0 -1
0 -1 -1
3 1796 1797 1798
0 0 -1
0 0 -1
0 0 1
3 1800 1804 1808
3 1801 1802 1803
0 -1 0
0 -1 -1
0 -1 1
3 1805 1806 1807
0 0 1
0 1 -1
0 1 0
3 1809 1810 1811
0 -1 -1
0 0 1
0 1 -1
3 1813 1817 1821
3 1814 1815 1816
0 -1 1
0 1 0
0 1 0
3 1818 1819 1820
0 1 1
0 -1 1
0 -1 1
3 1822 1823 1824
0 1 0
0 0 1
0 0 0
3 1826 1947 2068
3 1827 1867 1907
3 1828 1841 1854
3 1829 1833 1837
3 1830 1831 1832
0 0 1
0 1 1
0 0 0
3 1834 1835 1836
0 1 0
0 -1 1
0 -1 -1
3 1838 1839 1840
0 -1 1
0 1 0
0 0 -1
3 1842 1846 1850
3 1843 1844 1845
0 1 0
0 -1 0
0 0 -1
3 1847 1848 1849
0 1 -1
0 0 -1
0 1 -1
3 1851 1852 1853
0 -1 -1
0 1 1
0 1 -1
3 1855 1859 1863
3 1856 1857 1858
0 -1 0
0 0 0
0 1 1
3 1860 1861 1862
0 0 -1
0 1 1
0 0 -1
3 1864 1865 1866
0 1 0
0 -1 1
0 -1 0
3 1868 1881 1894
3 1869 1873 1877
3 1870 1871 1872
0 -1 -1
0 0 1
0 0 -1
3 1874 1875 1876
0 -1 0
0 1 1
0 -1 0
3 1878 1879 1880
0 0 0
0 1 -1
0 -1 1
3 1882 1886 1890
3 1883 1884 1885
0 1 1
0 1 1
0 0 0
3 1887 1888 1889
0 -1 0
0 1 -1
0 0 0
3 1891 1892 1893
0 -1 -1
0 0 0
0 0 -1
3 1895 1899 1903
3 1896 1897 1898
0 1 0
0 -1 0
0 0 1
3 1900 1901 1902
0 1 -1
0 0 0
0 1 1
3 1904 1905 1906
0 1 0
0 0 -1
0 -1 1
3 1908 1921 1934
3 1909 1913 1917
3 1910 1911 1912
0 1 0
0 -1 -1
0 -1 1
3 1914 1915 1916
0 0 -1
0 -1 -1
0 0 1
3 1918 1919 1920
0 -1 -1
0 -1 0
0 0 -1
3 1922 1926 1930
3 1923 1924 1925
0 -1 0
0 0 -1
0 1 0
3 1927 1928 1929
0 0 1
0 -1 1
0 0 0
3 1931 1932 1933
0 0 0
0 0 -1
0 -1 1
3 1935 1939 1943
3 1936 1937 1938
0 0 0
0 0 1
0 0 0
3 1940 1941 1942
0 1 1
0 0 0
0 -1 0
3 1944 1945 1946
0 1 1
0 0 0
0 -1 0
3 1948 1988 2028
3 1949 1962 1975
3 1950 1954 1958
3 1951 1952 1953
0 -1 0
0 -1 0
0 0 0
3 1955 1956 1957
0 1 -1
0 1 0
0 -1 0
3 1959 1960 1961
0 0 1
0 0 0
0 1 0
3 1963 1967 1971
3 1964 1965 1966
0 0 -1
0 1 -1
0 -1 -1
3 1968 1969 1970
0 1 1
0 1 0
0 0 0
3 1972 1973 1974
0 1 -1
0 0 -1
0 0 -1
3 1976 1980 1984
3 1977 1978 1979
0 0 0
0 0 -1
0 0 0
3 1981 1982 1983
0 1 1
0 0 0
0 0 -1
3 1985 1986 1987
0 1 1
0 1 0
0 -1 -1
3 1989 2002 2015
3 1990 1994 1998
3 1991 1992 1993
0 1 0
0 0 0
0 -1 0
3 1995 1996 1997
0 1 0
0 -1 1
0 0 1
3 1999 2000 2001
0 -1 0
0 1 1
0 -1 1
3 2003 2007 2011
3 2004 2005 2006
0 1 0
0 0 1
0 0 -1
3 2008 2009 2010
0 -1 0
0 0 1
0 0 0
3 2012 2013 2014
0 1 1
0 0 1
0 0 0
3 2016 2020 2024
3 2017 2018 2019
0 -1 1
0 1 1
0 1 1
3 2021 2022 2023
0 -1 -1
0 1 0
0 0 -1
3 2025 2026 2027
0 -1 -1
0 0 1
0 -1 0
3 2029 2042 2055
3 2030 2034 2038
3 2031 2032 2033
0 -1 1
0 -1 1
0 1 0
3 2035 2036 2037
0 -1 1
0 0 0
0 0 1
3 2039 2040 2041
0 -1 -1
0 1 -1
0 1 -1
3 2043 2047 2051
3 2044 2045 2046
0 0 -1
0 -1 0
0 0 1
3 2048 2049 2050
0 0 1
0 0 -1
0 -1 1
3 2052 2053 2054
0 -1 0
0 1 -1
0 0 1
3 2056 2060 2064
3 2057 2058 2059
0 0 -1
0 0 0
0 1 -1
3 2061 2062 2063
0 -1 1
0 1 0
0 -1 -1
3 2065 2066 2067
0 0 1
0 -1 1
0 1 -1
3 2069 2109 2149
3 2070 2083 2096
3 2071 2075 2079
3 2072 2073 2074
0 -1 -1
0 -1 0
0 -1 1
3 2076 2077 2078
0 -1 0
0 1 0
0 0 0
3 2080 2081 2082
0 1 1
0 -1 -1
0 -1 1
3 2084 2088 2092
3 2085 2086 2087
0 1 -1
0 1 0
0 -1 -1
3 2089 2090 2091
0 -1 1
0 1 0
0 -1 1
3 2093 2094 2095
0 0 -1
0 1 -1
0 0 -1
3 2097 2101 2105
3 2098 2099 2100
0 0 1
0 1 -1
0 0 -1
3 2102 2103 2104
0 -1 0
0 1 -1
0 0 -1
3 2106 2107 2108
0 0 0
0 0 1
0 1 -1
3 2110 2123 2136
3 2111 2115 2119
3 2112 2113 2114
0 1 -1
0 -1 0
0 0 0
3 2116 2117 2118
0 1 0
0 1 0
0 0 0
3 2120 2121 2122
0 1 0
0 1 1
0 1 -1
3 2124 2128 2132
3 2125 2126 2127
0 -1 1
0 -1 1
0 0 -1
3 2129 2130 2131
0 -1 1
0 -1 1
0 1 0
3 2133 2134 2135
0 0 0
0 1 0
0 0 0
3 2137 2141 2145
3 2138 2139 2140
0 0 0
0 0 1
0 0 -1
3 2142 2143 2144
0 -1 0
0 1 1
0 0 -1
3 2146 2147 2148
0 1 1
0 -1 -1
0 -1 1
3 2150 2163 2176
3 2151 2155 2159
3 2152 2153 2154
0 1 -1
0 0 0
0 1 -1
3 2156 2157 2158
0 1 1
0 -1 1
0 -1 1
3 2160 2161 2162
0 0 1
0 -1 1
0 0 1
3 2164 2168 2172
3 2165 2166 2167
0 -1 -1
0 -1 1
0 -1 -1
3 2169 2170 2171
0 -1 1
0 0 0
0 -1 -1
3 2173 2174 2175
0 -1 1
0 0 -1
0 0 1
3 2177 2181 2185
3 2178 2179 2180
0 -1 -1
0 -1 0
0 0 1
3 2182 2183 2184
0 0 1
0 1 -1
0 1 -1
3 2186 2187 2188
0 1 0
0 1 0
0 1 -1
3 2190 2554 2918
3 2191 2312 2433
3 2192 2232 2272
3 2193 2206 2219
3 2194 2198 2202
3 2195 2196 2197
0 0 -1
0 1 -1
0 -1 1
3 2199 2200 2201
0 0 1
0 1 1
0 -1 1
3 2203 2204 2205
0 1 0
0 1 1
0 -1 0
3 2207 2211 2215
3 2208 2209 2210
0 0 1
0 0 1
0 0 0
3 2212 2213 2214
0 0 0
0 -1 -1
0 0 0
3 2216 2217 2218
0 0 -1
0 1 0
0 1 -1
3 2220 2224 2228
3 2221 2222 2223
0 -1 0
0 0 0
0 -1 0
3 2225 2226 2227
0 1 1
0 1 1
0 1 -1
3 2229 2230 2231
0 -1 -1
0 1 1
0 1 1
3 2233 2246 2259
3 2234 2238 2242
3 2235 2236 2237
0 1 0
0 1 0
0 0 1
3 2239 2240 2241
0 1 0
0 -1 0
0 -1 1
3 2243 2244 2245
0 -1 -1
0 0 1
0 0 0
3 2247 2251 2255
3 2248 2249 2250
0 1 0
0 -1 1
0 1 0
3 2252 2253 2254
0 1 0
0 1 0
0 -1 1
3 2256 2257 2258
0 0 -1
0 1 1
0 1 1
3 2260 2264 2268
3 2261 2262 2263
0 -1 -1
0 -1 0
0 1 -1
3 2265 2266 2267
0 0 -1
0 0 1
0 1 1
3 2269 2270 2271
0 -1 0
0 -1 1
0 -1 1
3 2273 2286 2299
3 2274 2278 2282
3 2275 2276 2277
0 0 0
0 -1 1
0 0 -1
3 2279 2280 2281
0 -1 1
0 1 -1
0 0 0
3 2283 2284 2285
0 1 -1
0 0 0
0 0 1
3 2287 2291 2295
3 2288 2289 2290
0 -1 0
0 0 -1
0 1 -1
3 2292 2293 2294
0 1 -1
0 -1 0
0 1 1
3 2296 2297 2298
0 1 0
0 0 1
0 -1 -1
3 2300 2304 2308
3 2301 2302 2303
0 1 -1
0 0 1
0 1 -1
3 2305 2306 2307
0 -1 0
0 0 0
0 1 0
3 2309 2310 2311
0 0 -1
0 0 -1
0 -1 -1
3 2313 2353 2393
3 2314 2327 2340
3 2315 2319 2323
3 2316 2317 2318
0 -1 -1
0 1 0
0 1 0
3 2320 2321 2322
0 -1 0
0 -1 1
0 1 1
3 2324 2325 2326
0 1 1
0 0 -1
0 0 1
3 2328 2332 2336
3 2329 2330 2331
0 0 -1
0 1 -1
0 0 1
3 2333 2334 2335
0 0 1
0 0 -1
0 0 1
3 2337 2338 2339
0 1 1
0 0 -1
0 0 0
3 2341 2345 2349
3 2342 2343 2344
0 0 1
0 0 0
0 1 -1
3 2346 2347 2348
0 0 -1
0 0 -1
0 1 1
3 2350 2351 2352
0 1 1
0 -1 0
0 -1 0
3 2354 2367 2380
3 2355 2359 2363
3 2356 2357 2358
0 0 1
0 1 1
0 0 1
3 2360 2361 2362
0 0 0
0 1 -1
0 -1 1
3 2364 2365 2366
0 0 0
0 -1 -1
0 0 -1
3 2368 2372 2376
3 2369 2370 2371
0 0 1
0 0 -1
0 -1 -1
3 2373 2374 2375
0 -1 1
0 1 0
0 -1 1
3 2377 2378 2379
0 -1 0
0 -1 0
0 -1 -1
3 2381 2385 2389
3 2382 2383 2384
0 -1 1
0 -1 1
0 -1 0
3 2386 2387 2388
0 0 -1
0 1 1
0 -1 1
3 2390 2391 2392
0 0 0
0 -1 0
0 0 1
3 2394 2407 2420
3 2395 2399 2403
3 2396 2397 2398
0 0 1
0 -1 1
0 1 0
3 2400 2401 2402
0 -1 -1
0 1 0
0 1 1
3 2404 2405 2406
0 -1 0
0 1 0
0 1 -1
3 2408 2412 2416
3 2409 2410 2411
0 1 1
0 1 0
0 1 0
3 2413 2414 2415
0 1 0
0 0 0
0 1 -1
3 2417 2418 2419
0 1 1
0 0 1
0 1 -1
3 2421 2425 2429
3 2422 2423 2424
0 1 0
0 0 -1
0 1 1
3 2426 2427 2428
0 0 1
0 0 0
0 0 1
3 2430 2431 2432
0 0 1
0 -1 0
0 1 1
3 2434 2474 2514
3 2435 2448 2461
3 2436 2440 2444
3 2437 2438 2439
0 -1 0
0 -1 -1
0 0 1
3 2441 2442 2443
0 0 -1
0 1 1
0 0 -1
3 2445 2446 2447
0 1 -1
0 0 -1
0 -1 1
3 2449 2453 2457
3 2450 2451 2452
0 0 -1
0 -1 -1
0 0 1
3 2454 2455 2456
0 1 1
0 1 -1
0 1 1
3 2458 2459 2460
0 -1 1
0 0 1
0 0 -1
3 2462 2466 2470
3 2463 2464 2465
0 1 0
0 1 1
0 1 0
3 2467 2468 2469
0 0 1
0 -1 1
0 1 -1
3 2471 2472 2473
0 -1 1
0 0 0
0 1 0
3 2475 2488 2501
3 2476 2480 2484
3 2477 2478 2479
0 0 -1
0 -1 1
0 0 0
3 2481 2482 2483
0 0 -1
0 0 -1
0 -1 1
3 2485 2486 2487
0 0 0
0 0 -1
0 1 -1
3 2489 2493 2497
3 2490 2491 2492
0 0 -1
0 -1 -1
0 -1 -1
3 2494 2495 2496
0 0 -1
0 1 -1
0 1 -1
3 2498 2499 2500
0 1 1
0 1 0
0 -1 1
3 2502 2506 2510
3 2503 2504 2505
0 1 1
0 1 -1
0 0 1
3 2507 2508 2509
0 -1 1
0 0 1
0 -1 -1
3 2511 2512 2513
0 1 -1
0 -1 1
0 1 1
3 2515 2528 2541
3 2516 2520 2524
3 2517 2518 2519
0 1 -1
0 -1 0
0 0 1
3 2521 2522 2523
0 1 1
0 -1 1
0 0 0
3 2525 2526 2527
0 1 -1
0 0 0
0 0 -1
3 2529 2533 2537
3 2530 2531 2532
0 0 1
0 0 0
0 -1 1
3 2534 2535 2536
0 0 -1
0 0 -1
0 1 -1
3 2538 2539 2540
0 -1 0
0 -1 1
0 0 0
3 2542 2546 2550
3 2543 2544 2545
0 0 0
0 1 1
0 -1 1
3 2547 2548 2549
0 1 -1
0 -1 -1
0 -1 1
3 2551 2552 2553
0 1 -1
0 0 -1
0 -1 0
3 2555 2676 2797
3 2556 2596 2636
3 2557 2570 2583
3 2558 2562 2566
3 2559 2560 2561
0 -1 -1
0 -1 -1
0 0 1
3 2563 2564 2565
0 0 -1
0 -1 0
0 0 1
3 2567 2568 2569
0 1 -1
0 0 0
0 -1 0
3 2571 2575 2579
3 2572 2573 2574
0 1 1
0 0 -1
0 1 -1
3 2576 2577 2578
0 -1 0
0 -1 1
0 0 1
3 2580 2581 2582
0 1 0
0 0 0
0 1 -1
3 2584 2588 2592
3 2585 2586 2587
0 1 0
0 0 -1
0 1 -1
3 2589 2590 2591
0 -1 1
0 -1 -1
0 -1 1
3 2593 2594 2595
0 1 -1
0 1 0
0 1 0
3 2597 2610 2623
3 2598 2602 2606
3 2599 2600 2601
0 1 -1
0 1 0
0 -1 -1
3 2603 2604 2605
0 0 -1
0 -1 0
0 -1 -1
3 2607 2608 2609
0 1 1
0 1 0
0 -1 -1
3 2611 2615 2619
3 2612 2613 2614
0 0 -1
0 1 1
0 -1 -1
3 2616 2617 2618
0 0 1
0 -1 1
0 -1 1
3 2620 2621 2622
0 0 1
0 -1 1
0 1 0
3 2624 2628 2632
3 2625 2626 2627
0 -1 -1
0 -1 0
0 0 -1
3 2629 2630 2631
0 1 0
0 0 1
0 1 1
3 2633 2634 2635
0 1 1
0 1 -1
0 0 0
3 2637 2650 2663
3 2638 2642 2646
3 2639 2640 2641
0 0 1
0 -1 -1
0 -1 -1
3 2643 2644 2645
0 1 0
0 1 1
0 -1 0
3 2647 2648 2649
0 0 1
0 1 -1
0 1 -1
3 2651 2655 2659
3 2652 2653 2654
0 1 1
0 1 -1
0 -1 1
3 2656 2657 2658
0 -1 1
0 -1 1
0 0 1
3 2660 2661 2662
0 1 1
0 0 -1
0 1 1
3 2664 2668 2672
3 2665 2666 2667
0 0 0
0 0 -1
0 -1 0
3 2669 2670 2671
0 -1 1
0 0 -1
0 -1 -1
3 2673 2674 2675
0 0 1
0 1 0
0 -1 1
3 2677 2717 2757
3 2678 2691 2704
3 2679 2683 2687
3 2680 2681 2682
0 -1 1
0 0 0
0 0 1
3 2684 2685 2686
0 1 1
0 1 0
0 0 -1
3 2688 2689 2690
0 -1 1
0 0 0
0 1 -1
3 2692 2696 2700
3 2693 2694 2695
0 0 0
0 1 0
0 0 1
3 2697 2698 2699
0 0 -1
0 1 1
0 1 0
3 2701 2702 2703
0 0 1
0 -1 -1
0 -1 -1
3 2705 2709 2713
3 2706 2707 2708
0 0 1
0 0 -1
0 -1 1
3 2710 2711 2712
0 -1 0
0 1 1
0 -1 1
3 2714 2715 2716
0 0 -1
0 1 0
0 -1 1
3 2718 2731 2744
3 2719 2723 2727
3 2720 2721 2722
0 1 0
0 0 0
0 -1 -1
3 2724 2725 2726
0 0 1
0 1 0
0 1 0
3 2728 2729 2730
0 1 1
0 -1 1
0 0 -1
3 2732 2736 2740
3 2733 2734 2735
0 1 -1
0 0 0
0 0 1
3 2737 2738 2739
0 0 1
0 1 1
0 -1 1
3 2741 2742 2743
0 1 0
0 1 1
0 -1 0
3 2745 2749 2753
3 2746 2747 2748
0 -1 1
0 1 -1
0 0 1
3 2750 2751 2752
0 -1 -1
0 0 1
0 -1 1
3 2754 2755 2756
0 -1 -1
0 -1 1
0 -1 1
3 2758 2771 2784
3 2759 2763 2767
3 2760 2761 2762
0 -1 0
0 -1 -1
0 0 1
3 2764 2765 2766
0 1 0
0 1 1
0 0 1
3 2768 2769 2770
0 1 0
0 -1 0
0 1 -1
3 2772 2776 2780
3 2773 2774 2775
0 -1 1
0 1 -1
0 -1 1
3 2777 2778 2779
0 -1 0
0 0 0
0 1 -1
3 2781 2782 2783
0 1 0
0 -1 1
0 0 0
3 2785 2789 2793
3 2786 2787 2788
0 1 -1
0 -1 0
0 1 -1
3 2790 2791 2792
0 1 0
0 -1 1
0 1 0
3 2794 2795 2796
0 1 0
0 0 1
0 0 0
3 2798 2838 2878
3 2799 2812 2825
3 2800 2804 2808
3 2801 2802 2803
0 -1 0
0 1 0
0 -1 0
3 2805 2806 2807
0 -1 0
0 1 0
0 -1 1
3 2809 2810 2811
0 -1 1
0 0 -1
0 0 1
3 2813 2817 2821
3 2814 2815 2816
0 0 -1
0 1 0
0 1 -1
3 2818 2819 2820
0 -1 1
0 -1 0
0 0 1
3 2822 2823 2824
0 -1 1
0 -1 -1
0 0 0
3 2826 2830 2834
3 2827 2828 2829
0 0 0
0 -1 1
0 1 0
3 2831 2832 2833
0 -1 -1
0 -1 -1
0 0 0
3 2835 2836 2837
0 1 0
0 -1 0
0 1 0
3 2839 2852 2865
3 2840 2844 2848
3 2841 2842 2843
0 0 -1
0 1 -1
0 -1 -1
3 2845 2846 2847
0 1 0
0 0 1
0 -1 -1
3 2849 2850 2851
0 -1 0
0 -1 -1
0 1 0
3 2853 2857 2861
3 2854 2855 2856
0 -1 -1
0 0 0
0 0 1
3 2858 2859 2860
0 0 -1
0 1 0
0 0 -1
3 2862 2863 2864
0 1 -1
0 -1 1
0 -1 1
3 2866 2870 2874
3 2867 2868 2869
0 0 0
0 0 -1
0 1 0
3 2871 2872 2873
0 1 1
0 -1 1
0 0 1
3 2875 2876 2877
0 -1 -1
0 0 0
0 0 -1
3 2879 2892 2905
3 2880 2884 2888
3 2881 2882 2883
0 -1 0
0 1 -1
0 0 -1
3 2885 2886 2887
0 -1 0
0 1 -1
0 0 1
3 2889 2890 2891
0 -1 1
0 0 -1
0 1 -1
3 2893 2897 2901
3 2894 2895 2896
0 -1 -1
0 0 0
0 1 0
3 2898 2899 2900
0 1 1
0 1 1
0 -1 1
3 2902 2903 2904
0 0 -1
0 0 -1
0 1 0
3 2906 2910 2914
3 2907 2908 2909
0 1 0
0 1 1
0 0 1
3 2911 2912 2913
0 -1 0
0 1 -1
0 -1 0
3 2915 2916 2917
0 -1 1
0 1 0
0 1 0
3 2919 3040 3161
3 2920 2960 3000
3 2921 2934 2947
3 2922 2926 2930
3 2923 2924 2925
0 0 0
0 1 -1
0 -1 0
3 2927 2928 2929
0 -1 -1
0 1 -1
0 0 0
3 2931 2932 2933
0 0 1
0 -1 0
0 1 -1
3 2935 2939 2943
3 2936 2937 2938
0 0 -1
0 1 1
0 1 -1
3 2940 2941 2942
0 0 1
0 1 1
0 0 -1
3 2944 2945 2946
0 1 -1
0 -1 -1
0 1 1
3 2948 2952 2956
3 2949 2950 2951
0 -1 0
0 0 -1
0 0 -1
3 2953 2954 2955
0 1 0
0 -1 0
0 -1 0
3 2957 2958 2959
0 0 0
0 0 -1
0 1 0
3 2961 2974 2987
3 2962 2966 2970
3 2963 2964 2965
0 1 1
0 -1 0
0 0 0
3 2967 2968 2969
0 1 1
0 -1 0
0 1 -1
3 2971 2972 2973
0 0 0
0 -1 0
0 1 -1
3 2975 2979 2983
3 2976 2977 2978
0 0 1
0 -1 0
0 -1 -1
3 2980 2981 2982
0 0 0
0 0 -1
0 -1 0
3 2984 2985 2986
0 -1 1
0 -1 -1
0 1 0
3 2988 2992 2996
3 2989 2990 2991
0 -1 1
0 1 1
0 0 0
3 2993 2994 2995
0 0 0
0 1 -1
0 0 1
3 2997 2998 2999
0 -1 1
0 -1 -1
0 1 -1
3 3001 3014 3027
3 3002 3006 3010
3 3003 3004 3005
0 0 0
0 0 -1
0 -1 -1
3 3007 3008 3009
0 0 1
0 -1 1
0 0 -1
3 3011 3012 3013
0 0 1
0 -1 -1
0 -1 1
3 3015 3019 3023
3 3016 3017 3018
0 -1 0
0 -1 1
0 0 -1
3 3020 3021 3022
0 1 0
0 1 0
0 -1 0
3 3024 3025 3026
0 -1 0
0 1 1
0 1 -1
3 3028 3032 3036
3 3029 3030 3031
0 0 0
0 0 -1
0 0 1
3 3033 3034 3035
0 0 -1
0 -1 -1
0 -1 -1
3 3037 3038 3039
0 1 1
0 -1 0
0 1 1
3 3041 3081 3121
3 3042 3055 3068
3 3043 3047 3051
3 3044 3045 3046
0 -1 1
0 1 -1
0 1 1
3 3048 3049 3050
0 1 1
0 0 0
0 -1 0
3 3052 3053 3054
0 0 1
0 0 0
0 0 0
3 3056 3060 3064
3 3057 3058 3059
0 0 -1
0 -1 0
0 -1 0
3 3061 3062 3063
0 -1 0
0 1 0
0 0 0
3 3065 3066 3067
0 1 -1
0 -1 0
0 1 0
3 3069 3073 3077
3 3070 3071 3072
0 -1 1
0 0 1
0 1 0
3 3074 3075 3076
0 -1 0
0 0 -1
0 1 1
3 3078 3079 3080
0 -1 1
0 -1 -1
0 1 -1
3 3082 3095 3108
3 3083 3087 3091
3 3084 3085 3086
0 -1 -1
0 0 1
0 1 1
3 3088 3089 3090
0 0 1
0 -1 1
0 1 0
3 3092 3093 3094
0 0 -1
0 1 0
0 0 0
3 3096 3100 3104
3 3097 3098 3099
0 -1 -1
0 0 0
0 0 0
3 3101 3102 3103
0 1 0
0 1 1
0 0 1
3 3105 3106 3107
0 1 0
0 -1 -1
0 0 -1
3 3109 3113 3117
3 3110 3111 3112
0 -1 1
0 0 0
0 1 0
3 3114 3115 3116
0 -1 0
0 -1 -1
0 1 0
3 3118 3119 3120
0 1 0
0 -1 1
0 0 -1
3 3122 3135 3148
3 3123 3127 3131
3 3124 3125 3126
0 -1 1
0 0 0
0 0 0
3 3128 3129 3130
0 -1 -1
0 0 -1
0 1 -1
3 3132 3133 3134
0 1 -1
0 0 1
0 -1 1
3 3136 3140 3144
3 3137 3138 3139
0 1 -1
0 -1 0
0 -1 1
3 3141 3142 3143
0 0 1
0 1 -1
0 0 0
3 3145 3146 3147
0 -1 1
0 -1 -1
0 -1 1
3 3149 3153 3157
3 3150 3151 3152
0 0 0
0 1 1
0 0 0
3 3154 3155 3156
0 -1 -1
0 0 0
0 0 0
3 3158 3159 3160
0 -1 -1
0 1 1
0 -1 -1
3 3162 3202 3242
3 3163 3176 3189
3 3164 3168 3172
3 3165 3166 3167
0 0 0
0 0 -1
0 -1 1
3 3169 3170 3171
0 0 -1
0 -1 -1
0 -1 -1
3 3173 3174 3175
0 0 0
0 1 1
0 0 0
3 3177 3181 3185
3 3178 3179 3180
0 0 -1
0 0 -1
0 -1 0
3 3182 3183 3184
0 1 0
0 1 1
0 1 -1
3 3186 3187 3188
0 0 -1
0 -1 1
0 1 0
3 3190 3194 3198
3 3191 3192 3193
0 -1 1
0 -1 1
0 1 0
3 3195 3196 3197
0 0 0
0 1 -1
0 1 -1
3 3199 3200 3201
0 0 0
0 -1 0
0 1 0
3 3203 3216 3229
3 3204 3208 3212
3 3205 3206 3207
0 0 0
0 0 0
0 1 0
3 3209 3210 3211
0 -1 0
0 -1 0
0 1 0
3 3213 3214 3215
0 0 1
0 0 0
0 1 1
3 3217 3221 3225
3 3218 3219 3220
0 0 -1
0 -1 -1
0 0 -1
3 3222 3223 3224
0 -1 0
0 0 -1
0 -1 0
3 3226 3227 3228
0 1 -1
0 -1 1
0 -1 1
3 3230 3234 3238
3 3231 3232 3233
0 -1 -1
0 -1 0
0 1 -1
3 3235 3236 3237
0 0 0
0 1 1
0 0 0
3 3239 3240 3241
0 1 -1
0 -1 0
0 1 1
3 3243 3256 3269
3 3244 3248 3252
3 3245 3246 3247
0 0 1
0 -1 -1
0 -1 0
3 3249 3250 3251
0 0 -1
0 0 -1
0 1 -1
3 3253 3254 3255
0 -1 1
0 -1 0
0 -1 0
3 3257 3261 3265
3 3258 3259 3260
0 0 -1
0 -1 -1
0 1 0
3 3262 3263 3264
0 1 1
0 0 -1
0 0 1
3 3266 3267 3268
0 1 1
0 0 -1
0 1 1
3 3270 3274 3278
3 3271 3272 3273
0 1 1
0 1 1
0 -1 -1
3 3275 3276 3277
0 -1 0
0 1 0
0 1 1
3 3279 3280 3281
0 1 0
0 -1 1
0 1 -1
3 3283 4376 5469
3 3284 3648 4012
3 3285 3406 3527
3 3286 3326 3366
3 3287 3300 3313
3 3288 3292 3296
3 3289 3290 3291
0 1 -1
0 -1 1
0 0 1
3 3293 3294 3295
0 1 0
0 0 0
0 1 -1
3 3297 3298 3299
0 -1 0
0 1 1
0 1 0
3 3301 3305 3309
3 3302 3303 3304
0 1 0
0 1 1
0 0 0
3 3306 3307 3308
0 0 -1
0 -1 1
0 -1 -1
3 3310 3311 3312
0 1 1
0 0 -1
0 -1 1
3 3314 3318 3322
3 3315 3316 3317
0 0 -1
0 0 0
0 0 0
3 3319 3320 3321
0 0 -1
0 0 1
0 0 1
3 3323 3324 3325
0 1 1
0 -1 1
0 -1 0
3 3327 3340 3353
3 3328 3332 3336
3 3329 3330 3331
0 0 0
0 0 0
0 -1 1
3 3333 3334 3335
0 -1 1
0 -1 -1
0 0 -1
3 3337 3338 3339
0 0 -1
0 1 -1
0 0 1
3 3341 3345 3349
3 3342 3343 3344
0 0 1
0 0 1
0 0 -1
3 3346 3347 3348
0 1 0
0 -1 0
0 -1 -1
3 3350 3351 3352
0 -1 -1
0 0 0
0 0 1
3 3354 3358 3362
3 3355 3356 3357
0 -1 -1
0 -1 1
0 -1 -1
3 3359 3360 3361
0 0 1
0 1 1
0 -1 0
3 3363 3364 3365
0 0 0
0 0 -1
0 1 0
3 3367 3380 3393
3 3368 3372 3376
3 3369 3370 3371
0 -1 0
0 0 1
0 0 -1
3 3373 3374 3375
0 0 0
0 -1 1
0 0 1
3 3377 3378 3379
0 -1 0
0 0 0
0 0 1
3 3381 3385 3389
3 3382 3383 3384
0 1 0
0 1 -1
0 -1 0
3 3386 3387 3388
0 1 -1
0 0 1
0 -1 0
3 3390 3391 3392
0 -1 0
0 1 0
0 1 -1
3 3394 3398 3402
3 3395 3396 3397
0 0 -1
0 1 -1
0 1 1
3 3399 3400 3401
0 -1 1
0 1 1
0 -1 0
3 3403 3404 3405
0 -1 0
0 -1 0
0 1 -1
3 3407 3447 3487
3 3408 3421 3434
3 3409 3413 3417
3 3410 3411 3412
0 1 0
0 -1 0
0 -1 1
3 3414 3415 3416
0 -1 0
0 0 1
0 0 1
3 3418 3419 3420
0 1 -1
0 1 0
0 1 -1
3 3422 3426 3430
3 3423 3424 3425
0 0 -1
0 0 -1
0 0 0
3 3427 3428 3429
0 -1 -1
0 1 -1
0 0 1
3 3431 3432 3433
0 0 1
0 1 1
0 -1 0
3 3435 3439 3443
3 3436 3437 3438
0 0 1
0 1 1
0 0 1
3 3440 3441 3442
0 -1 1
0 0 -1
0 -1 0
3 3444 3445 3446
0 -1 1
0 1 -1
0 0 -1
3 3448 3461 3474
3 3449 3453 3457
3 3450 3451 3452
0 1 -1
0 -1 0
0 1 1
3 3454 3455 3456
0 0 0
0 0 0
0 1 1
3 3458 3459 3460
0 -1 0
0 0 -1
0 1 -1
3 3462 3466 3470
3 3463 3464 3465
0 1 0
0 -1 -1
0 1 0
3 3467 3468 3469
0 -1 0
0 -1 -1
0 -1 1
3 3471 3472 3473
0 0 0
0 0 1
0 0 -1
3 3475 3479 3483
3 3476 3477 3478
0 0 0
0 -1 1
0 0 1
3 3480 3481 3482
0 -1 0
0 -1 0
0 1 0
3 3484 3485 3486
0 1 0
0 0 0
0 1 0
3 3488 3501 3514
3 3489 3493 3497
3 3490 3491 3492
0 0 1
0 1 0
0 0 1
3 3494 3495 3496
0 1 -1
0 1 -1
0 -1 -1
3 3498 3499 3500
0 1 1
0 -1 -1
0 1 -1
3 3502 3506 3510
3 3503 3504 3505
0 1 1
0 -1 0
0 -1 1
3 3507 3508 3509
0 1 -1
0 0 1
0 1 1
3 3511 3512 3513
0 -1 0
0 1 0
0 0 0
3 3515 3519 3523
3 3516 3517 3518
0 -1 0
0 0 1
0 0 0
3 3520 3521 3522
0 1 -1
0 0 1
0 -1 0
3 3524 3525 3526
0 1 1
0 0 0
0 -1 -1
3 3528 3568 3608
3 3529 3542 3555
3 3530 3534 3538
3 3531 3532 3533
0 -1 1
0 -1 1
0 0 0
3 3535 3536 3537
0 1 0
0 1 0
0 0 -1
3 3539 3540 3541
0 -1 -1
0 -1 1
0 1 1
3 3543 3547 3551
3 3544 3545 3546
0 1 0
0 0 0
0 0 -1
3 3548 3549 3550
0 -1 1
0 0 0
0 0 -1
3 3552 3553 3554
0 1 -1
0 1 1
0 1 -1
3 3556 3560 3564
3 3557 3558 3559
0 -1 0
0 -1 -1
0 -1 -1
3 3561 3562 3563
0 -1 -1
0 0 -1
0 -1 0
3 3565 3566 3567
0 1 -1
0 1 0
0 0 1
3 3569 3582 3595
3 3570 3574 3578
3 3571 3572 3573
0 1 -1
0 -1 -1
0 1 -1
3 3575 3576 3577
0 0 1
0 1 1
0 0 0
3 3579 3580 3581
0 1 0
0 -1 0
0 0 0
3 3583 3587 3591
3 3584 3585 3586
0 0 0
0 1 -1
0 0 -1
3 3588 3589 3590
0 -1 1
0 1 -1
0 -1 -1
3 3592 3593 3594
0 -1 0
0 1 1
0 -1 -1
3 3596 3600 3604
3 3597 3598 3599
0 0 1
0 0 -1
0 -1 0
3 3601 3602 3603
0 1 1
0 -1 1
0 0 1
3 3605 3606 3607
0 -1 0
0 1 -1
0 -1 0
3 3609 3622 3635
3 3610 3614 3618
3 3611 3612 3613
0 1 -1
0 0 0
0 1 -1
3 3615 3616 3617
0 0 0
0 0 0
0 0 1
3 3619 3620 3621
0 -1 -1
0 0 -1
0 -1 1
3 3623 3627 3631
3 3624 3625 3626
0 0 0
0 1 1
0 0 1
3 3628 3629 3630
0 0 -1
0 0 1
0 0 1
3 3632 3633 3634
0 -1 -1
0 0 1
0 0 1
3 3636 3640 3644
3 3637 3638 3639
0 -1 0
0 -1 -1
0 1 0
3 3641 3642 3643
0 0 0
0 1 1
0 -1 0
3 3645 3646 3647
0 0 1
0 0 -1
0 -1 0
3 3649 3770 3891
3 3650 3690 3730
3 3651 3664 3677
3 3652 3656 3660
3 3653 3654 3655
0 0 1
0 0 -1
0 0 -1
3 3657 3658 3659
0 -1 -1
0 1 1
0 1 0
3 3661 3662 3663
0 -1 0
0 0 -1
0 0 0
3 3665 3669 3673
3 3666 3667 3668
0 -1 1
0 -1 1
0 0 0
3 3670 3671 3672
0 -1 0
0 0 1
0 -1 0
3 3674 3675 3676
0 1 0
0 -1 0
0 1 0
3 3678 3682 3686
3 3679 3680 3681
0 1 -1
0 -1 0
0 -1 0
3 3683 3684 3685
0 1 0
0 1 1
0 0 -1
3 3687 3688 3689
0 0 0
0 -1 -1
0 -1 -1
3 3691 3704 3717
3 3692 3696 3700
3 3693 3694 3695
0 -1 0
0 -1 -1
0 0 1
3 3697 3698 3699
0 1 -1
0 -1 0
0 1 1
3 3701 3702 3703
0 1 -1
0 0 1
0 0 1
3 3705 3709 3713
3 3706 3707 3708
0 0 0
0 -1 0
0 -1 -1
3 3710 3711 3712
0 1 0
0 1 0
0 -1 -1
3 3714 3715 3716
0 1 1
0 -1 1
0 -1 0
3 3718 3722 3726
3 3719 3720 3721
0 0 0
0 0 1
0 1 -1
3 3723 3724 3725
0 1 1
0 -1 0
0 -1 1
3 3727 3728 3729
0 1 1
0 0 0
0 -1 -1
3 3731 3744 3757
3 3732 3736 3740
3 3733 3734 3735
0 -1 0
0 1 0
0 -1 -1
3 3737 3738 3739
0 1 -1
0 0 1
0 0 -1
3 3741 3742 3743
0 0 1
0 -1 -1
0 0 0
3 3745 3749 3753
3 3746 3747 3748
0 0 0
0 0 -1
0 0 -1
3 3750 3751 3752
0 0 -1
0 -1 0
0 1 -1
3 3754 3755 3756
0 0 0
0 -1 1
0 0 1
3 3758 3762 3766
3 3759 3760 3761
0 1 1
0 1 -1
0 0 -1
3 3763 3764 3765
0 1 0
0 0 -1
0 0 0
3 3767 3768 3769
0 1 -1
0 -1 -1
0 -1 -1
3 3771 3811 3851
3 3772 3785 3798
3 3773 3777 3781
3 3774 3775 3776
0 -1 0
0 0 0
0 1 -1
3 3778 3779 3780
0 1 1
0 0 1
0 0 0
3 3782 3783 3784
0 0 0
0 0 -1
0 0 1
3 3786 3790 3794
3 3787 3788 3789
0 -1 0
0 0 0
0 -1 -1
3 3791 3792 3793
0 -1 -1
0 -1 0
0 1 -1
3 3795 3796 3797
0 1 1
0 -1 1
0 1 1
3 3799 3803 3807
3 3800 3801 3802
0 1 1
0 1 0
0 1 -1
3 3804 3805 3806
0 0 0
0 -1 -1
0 1 0
3 3808 3809 3810
0 -1 1
0 -1 1
0 0 0
3 3812 3825 3838
3 3813 3817 3821
3 3814 3815 3816
0 1 0
0 0 -1
0 0 1
3 3818 3819 3820
0 -1 1
0 0 0
0 0 0
3 3822 3823 3824
0 0 -1
0 -1 0
0 1 0
3 3826 3830 3834
3 3827 3828 3829
0 0 -1
0 -1 0
0 -1 -1
3 3831 3832 3833
0 0 -1
0 0 1
0 0 -1
3 3835 3836 3837
0 1 0
0 1 0
0 1 0
3 3839 3843 3847
3 3840 3841 3842
0 -1 0
0 1 1
0 -1 0
3 3844 3845 3846
0 -1 -1
0 -1 1
0 0 1
3 3848 3849 3850
0 1 0
0 -1 1
0 0 -1
3 3852 3865 3878
3 3853 3857 3861
3 3854 3855 3856
0 -1 1
0 1 1
0 -1 0
3 3858 3859 3860
0 -1 1
0 0 -1
0 1 0
3 3862 3863 3864
0 1 -1
0 0 1
0 -1 1
3 3866 3870 3874
3 3867 3868 3869
0 0 0
0 1 0
0 0 -1
3 3871 3872 3873
0 -1 0
0 1 1
0 1 0
3 3875 3876 3877
0 0 0
0 0 1
0 -1 0
3 3879 3883 3887
3 3880 3881 3882
0 0 -1
0 1 1
0 0 -1
3 3884 3885 3886
0 1 1
0 0 0
0 0 1
3 3888 3889 3890
0 0 1
0 1 1
0 1 0
3 3892 3932 3972
3 3893 3906 3919
3 3894 3898 3902
3 3895 3896 3897
0 0 -1
0 1 1
0 0 0
3 3899 3900 3901
0 -1 0
0 -1 0
0 -1 1
3 3903 3904 3905
0 -1 0
0 1 0
0 0 1
3 3907 3911 3915
3 3908 3909 3910
0 1 0
0 -1 -1
0 -1 0
3 3912 3913 3914
0 0 1
0 1 -1
0 1 1
3 3916 3917 3918
0 -1 0
0 -1 -1
0 0 1
3 3920 3924 3928
3 3921 3922 3923
0 0 0
0 0 1
0 1 0
3 3925 3926 3927
0 -1 0
0 0 0
0 0 0
3 3929 3930 3931
0 -1 -1
0 -1 1
0 1 -1
3 3933 3946 3959
3 3934 3938 3942
3 3935 3936 3937
0 1 1
0 1 -1
0 0 0
3 3939 3940 3941
0 -1 -1
0 -1 0
0 0 -1
3 3943 3944 3945
0 1 -1
0 -1 0
0 0 1
3 3947 3951 3955
3 3948 3949 3950
0 -1 -1
0 1 1
0 1 0
3 3952 3953 3954
0 -1 0
0 0 1
0 1 -1
3 3956 3957 3958
0 1 1
0 1 -1
0 1 -1
3 3960 3964 3968
3 3961 3962 3963
0 -1 1
0 1 0
0 0 0
3 3965 3966 3967
0 1 -1
0 0 -1
0 -1 -1
3 3969 3970 3971
0 -1 -1
0 0 0
0 -1 0
3 3973 3986 3999
3 3974 3978 3982
3 3975 3976 3977
0 1 -1
0 -1 0
0 1 0
3 3979 3980 3981
0 1 0
0 0 0
0 -1 0
3 3983 3984 3985
0 1 1
0 -1 -1
0 1 1
3 3987 3991 3995
3 3988 3989 3990
0 1 0
0 0 1
0 1 1
3 3992 3993 3994
0 -1 0
0 0 1
0 -1 1
3 3996 3997 3998
0 1 1
0 1 1
0 0 0
3 4000 4004 4008
3 4001 4002 4003
0 0 -1
0 0 1
0 0 1
3 4005 4006 4007
0 1 1
0 1 1
0 -1 -1
3 4009 4010 4011
0 0 1
0 0 0
0 -1 1
3 4013 4134 4255
3 4014 4054 4094
3 4015 4028 4041
3 4016 4020 4024
3 4017 4018 4019
0 0 1
0 -1 0
0 0 1
3 4021 4022 4023
0 -1 1
0 1 1
0 0 -1
3 4025 4026 4027
0 0 -1
0 0 -1
0 1 1
3 4029 4033 4037
3 4030 4031 4032
0 -1 0
0 1 -1
0 -1 -1
3 4034 4035 4036
0 1 1
0 -1 0
0 0 -1
3 4038 4039 4040
0 0 -1
0 1 0
0 0 -1
3 4042 4046 4050
3 4043 4044 4045
0 1 0
0 0 0
0 0 -1
3 4047 4048 4049
0 0 -1
0 -1 0
0 -1 0
3 4051 4052 4053
0 1 0
0 0 0
0 1 1
3 4055 4068 4081
3 4056 4060 4064
3 4057 4058 4059
0 0 0
0 0 0
0 0 1
3 4061 4062 4063
0 -1 1
0 1 -1
0 -1 0
3 4065 4066 4067
0 1 0
0 -1 -1
0 1 0
3 4069 4073 4077
3 4070 4071 4072
0 1 1
0 -1 0
0 0 1
3 4074 4075 4076
0 0 0
0 -1 1
0 -1 -1
3 4078 4079 4080
0 1 1
0 -1 -1
0 -1 1
3 4082 4086 4090
3 4083 4084 4085
0 -1 -1
0 1 0
0 0 1
3 4087 4088 4089
0 0 1
0 1 -1
0 0 0
3 4091 4092 4093
0 1 1
0 -1 1
0 0 0
3 4095 4108 4121
3 4096 4100 4104
3 4097 4098 4099
0 -1 -1
0 1 -1
0 0 0
3 4101 4102 4103
0 0 1
0 1 -1
0 -1 -1
3 4105 4106 4107
0 -1 -1
0 -1 0
0 1 -1
3 4109 4113 4117
3 4110 4111 4112
0 0 -1
0 -1 0
0 0 1
3 4114 4115 4116
0 0 0
0 1 -1
0 0 -1
3 4118 4119 4120
0 1 1
0 -1 0
0 1 0
3 4122 4126 4130
3 4123 4124 4125
0 0 -1
0 1 1
0 -1 0
3 4127 4128 4129
0 -1 1
0 -1 -1
0 0 1
3 4131 4132 4133
0 0 0
0 1 -1
0 -1 -1
3 4135 4175 4215
3 4136 4149 4162
3 4137 4141 4145
3 4138 4139 4140
0 0 -1
0 -1 -1
0 0 1
3 4142 4143 4144
0 1 1
0 -1 0
0 -1 0
3 4146 4147 4148
0 -1 0
0 1 0
0 0 0
3 4150 4154 4158
3 4151 4152 4153
0 0 0
0 0 0
0 -1 0
3 4155 4156 4157
0 -1 -1
0 1 -1
0 1 0
3 4159 4160 4161
0 -1 1
0 0 1
0 1 -1
3 4163 4167 4171
3 4164 4165 4166
0 1 1
0 1 -1
0 -1 0
3 4168 4169 4170
0 -1 1
0 -1 0
0 0 -1
3 4172 4173 4174
0 0 -1
0 1 0
0 0 0
3 4176 4189 4202
3 4177 4181 4185
3 4178 4179 4180
0 1 0
0 -1 1
0 1 -1
3 4182 4183 4184
0 0 0
0 1 0
0 -1 0
3 4186 4187 4188
0 1 -1
0 1 -1
0 1 -1
3 4190 4194 4198
3 4191 4192 4193
0 0 -1
0 -1 0
0 0 -1
3 4195 4196 4197
0 -1 -1
0 1 0
0 -1 1
3 4199 4200 4201
0 1 1
0 1 1
0 -1 0
3 4203 4207 4211
3 4204 4205 4206
0 -1 0
0 1 0
0 1 0
3 4208 4209 4210
0 1 -1
0 -1 -1
0 1 1
3 4212 4213 4214
0 0 -1
0 0 -1
0 -1 -1
3 4216 4229 4242
3 4217 4221 4225
3 4218 4219 4220
0 1 0
0 0 0
0 0 0
3 4222 4223 4224
0 -1 1
0 1 0
0 1 0
3 4226 4227 4228
0 -1 1
0 0 0
0 1 0
3 4230 4234 4238
3 4231 4232 4233
0 -1 1
0 -1 1
0 0 1
3 4235 4236 4237
0 -1 0
0 0 0
0 1 1
3 4239 4240 4241
0 1 -1
0 -1 -1
0 -1 -1
3 4243 4247 4251
3 4244 4245 4246
0 -1 0
0 1 -1
0 1 0
3 4248 4249 4250
0 1 1
0 1 0
0 0 0
3 4252 4253 4254
0 -1 1
0 -1 -1
0 0 0
3 4256 4296 4336
3 4257 4270 4283
3 4258 4262 4266
3 4259 4260 4261
0 0 0
0 -1 0
0 -1 0
3 4263 4264 4265
0 -1 0
0 0 1
0 0 -1
3 4267 4268 4269
0 -1 -1
0 0 1
0 -1 -1
3 4271 4275 4279
3 4272 4273 4274
0 0 0
0 0 -1
0 1 1
3 4276 4277 4278
0 0 -1
0 -1 1
0 -1 -1
3 4280 4281 4282
0 -1 1
0 1 0
0 1 0
3 4284 4288 4292
3 4285 4286 4287
0 1 0
0 -1 -1
0 1 0
3 4289 4290 4291
0 -1 1
0 -1 0
0 -1 1
3 4293 4294 4295
0 1 1
0 -1 0
0 -1 0
3 4297 4310 4323
3 4298 4302 4306
3 4299 4300 4301
0 -1 0
0 -1 1
0 0 0
3 4303 4304 4305
0 0 1
0 1 -1
0 0 1
3 4307 4308 4309
0 -1 1
0 0 -1
0 1 -1
3 4311 4315 4319
3 4312 4313 4314
0 0 -1
0 0 0
0 0 0
3 4316 4317 4318
0 1 -1
0 0 -1
0 -1 -1
3 4320 4321 4322
0 0 -1
0 1 0
0 0 -1
3 4324 4328 4332
3 4325 4326 4327
0 0 1
0 -1 1
0 -1 0
3 4329 4330 4331
0 0 -1
0 -1 1
0 1 -1
3 4333 4334 4335
0 0 -1
0 1 -1
0 0 1
3 4337 4350 4363
3 4338 4342 4346
3 4339 4340 4341
0 0 0
0 -1 0
0 -1 1
3 4343 4344 4345
0 0 -1
0 -1 1
0 0 0
3 4347 4348 4349
0 1 0
0 -1 -1
0 0 1
3 4351 4355 4359
3 4352 4353 4354
0 -1 1
0 0 -1
0 0 -1
3 4356 4357 4358
0 0 0
0 1 0
0 -1 0
3 4360 4361 4362
0 1 -1
0 1 1
0 1 0
3 4364 4368 4372
3 4365 4366 4367
0 -1 1
0 1 0
0 0 1
3 4369 4370 4371
0 0 -1
0 1 1
0 1 -1
3 4373 4374 4375
0 -1 1
0 1 1
0 1 1
3 4377 4741 5105
3 4378 4499 4620
3 4379 4419 4459
3 4380 4393 4406
3 4381 4385 4389
3 4382 4383 4384
0 1 -1
0 -1 0
0 1 -1
3 4386 4387 4388
0 1 1
0 0 0
0 1 1
3 4390 4391 4392
0 -1 -1
0 -1 -1
0 1 -1
3 4394 4398 4402
3 4395 4396 4397
0 -1 1
0 0 0
0 -1 -1
3 4399 4400 4401
0 1 0
0 1 0
0 1 -1
3 4403 4404 4405
0 -1 0
0 -1 1
0 -1 1
3 4407 4411 4415
3 4408 4409 4410
0 1 0
0 0 0
0 0 1
3 4412 4413 4414
0 1 1
0 -1 1
0 -1 1
3 4416 4417 4418
0 -1 0
0 0 -1
0 0 1
3 4420 4433 4446
3 4421 4425 4429
3 4422 4423 4424
0 1 -1
0 1 1
0 -1 1
3 4426 4427 4428
0 1 1
0 1 -1
0 -1 1
3 4430 4431 4432
0 1 -1
0 0 0
0 -1 1
3 4434 4438 4442
3 4435 4436 4437
0 0 0
0 -1 1
0 0 0
3 4439 4440 4441
0 0 1
0 0 0
0 1 -1
3 4443 4444 4445
0 0 1
0 0 -1
0 -1 1
3 4447 4451 4455
3 4448 4449 4450
0 0 1
0 0 0
0 -1 0
3 4452 4453 4454
0 -1 1
0 -1 -1
0 1 -1
3 4456 4457 4458
0 0 -1
0 1 -1
0 0 1
3 4460 4473 4486
3 4461 4465 4469
3 4462 4463 4464
0 -1 -1
0 0 1
0 0 -1
3 4466 4467 4468
0 0 -1
0 -1 -1
0 0 0
3 4470 4471 4472
0 0 -1
0 1 -1
0 1 0
3 4474 4478 4482
3 4475 4476 4477
0 1 1
0 0 0
0 0 0
3 4479 4480 4481
0 1 -1
0 1 1
0 -1 -1
3 4483 4484 4485
0 0 -1
0 1 -1
0 -1 0
3 4487 4491 4495
3 4488 4489 4490
0 -1 1
0 1 -1
0 -1 1
3 4492 4493 4494
0 0 0
0 -1 0
0 0 0
3 4496 4497 4498
0 1 1
0 1 0
0 0 1
3 4500 4540 4580
3 4501 4514 4527
3 4502 4506 4510
3 4503 4504 4505
0 1 1
0 1 -1
0 0 0
3 4507 4508 4509
0 1 1
0 -1 -1
0 0 -1
3 4511 4512 4513
0 1 -1
0 -1 0
0 0 0
3 4515 4519 4523
3 4516 4517 4518
0 1 0
0 -1 1
0 1 0
3 4520 4521 4522
0 1 -1
0 0 1
0 0 0
3 4524 4525 4526
0 0 1
0 1 1
0 -1 0
3 4528 4532 4536
3 4529 4530 4531
0 -1 -1
0 1 1
0 0 -1
3 4533 4534 4535
0 1 -1
0 1 0
0 1 1
3 4537 4538 4539
0 0 0
0 1 0
0 -1 -1
3 4541 4554 4567
3 4542 4546 4550
3 4543 4544 4545
0 -1 0
0 -1 0
0 -1 -1
3 4547 4548 4549
0 1 -1
0 1 -1
0 1 0
3 4551 4552 4553
0 1 0
0 0 0
0 -1 -1
3 4555 4559 4563
3 4556 4557 4558
0 -1 -1
0 1 0
0 -1 -1
3 4560 4561 4562
0 0 0
0 0 0
0 -1 -1
3 4564 4565 4566
0 1 -1
0 1 0
0 1 -1
3 4568 4572 4576
3 4569 4570 4571
0 -1 -1
0 1 1
0 1 -1
3 4573 4574 4575
0 1 0
0 0 0
0 1 1
3 4577 4578 4579
0 -1 0
0 1 -1
0 1 1
3 4581 4594 4607
3 4582 4586 4590
3 4583 4584 4585
0 0 -1
0 1 1
0 0 1
3 4587 4588 4589
0 -1 1
0 0 0
0 1 1
3 4591 4592 4593
0 1 1
0 0 0
0 0 -1
3 4595 4599 4603
3 4596 4597 4598
0 -1 -1
0 1 -1
0 1 -1
3 4600 4601 4602
0 -1 1
0 1 0
0 0 0
3 4604 4605 4606
0 0 1
0 0 0
0 -1 -1
3 4608 4612 4616
3 4609 4610 4611
0 1 0
0 1 -1
0 -1 1
3 4613 4614 4615
0 -1 0
0 0 1
0 -1 0
3 4617 4618 4619
0 -1 -1
0 1 0
0 0 0
3 4621 4661 4701
3 4622 4635 4648
3 4623 4627 4631
3 4624 4625 4626
0 -1 -1
0 0 0
0 1 -1
3 4628 4629 4630
0 1 0
0 0 1
0 1 -1
3 4632 4633 4634
0 1 -1
0 -1 1
0 1 1
3 4636 4640 4644
3 4637 4638 4639
0 0 0
0 -1 1
0 0 -1
3 4641 4642 4643
0 0 -1
0 -1 -1
0 -1 0
3 4645 4646 4647
0 -1 1
0 -1 -1
0 -1 1
3 4649 4653 4657
3 4650 4651 4652
0 -1 -1
0 0 -1
0 -1 -1
3 4654 4655 4656
0 1 1
0 -1 0
0 1 -1
3 4658 4659 4660
0 -1 0
0 -1 1
0 -1 1
3 4662 4675 4688
3 4663 4667 4671
3 4664 4665 4666
0 1 -1
0 1 0
0 1 1
3 4668 4669 4670
0 1 -1
0 -1 0
0 -1 0
3 4672 4673 4674
0 1 1
0 1 1
0 0 -1
3 4676 4680 4684
3 4677 4678 4679
0 -1 0
0 -1 1
0 0 0
3 4681 4682 4683
0 0 0
0 1 -1
0 0 -1
3 4685 4686 4687
0 -1 1
0 1 -1
0 1 0
3 4689 4693 4697
3 4690 4691 4692
0 0 -1
0 0 -1
0 -1 1
3 4694 4695 4696
0 1 0
0 0 1
0 -1 0
3 4698 4699 4700
0 -1 0
0 0 0
0 1 1
3 4702 4715 4728
3 4703 4707 4711
3 4704 4705 4706
0 1 1
0 1 -1
0 1 0
3 4708 4709 4710
0 0 0
0 0 0
0 -1 1
3 4712 4713 4714
0 -1 1
0 1 0
0 1 -1
3 4716 4720 4724
3 4717 4718 4719
0 -1 0
0 0 1
0 0 0
3 4721 4722 4723
0 1 1
0 -1 1
0 -1 0
3 4725 4726 4727
0 0 1
0 1 1
0 0 0
3 4729 4733 4737
3 4730 4731 4732
0 0 0
0 1 1
0 -1 1
3 4734 4735 4736
0 -1 -1
0 1 -1
0 1 -1
3 4738 4739 4740
0 1 -1
0 -1 -1
0 0 0
3 4742 4863 4984
3 4743 4783 4823
3 4744 4757 4770
3 4745 4749 4753
3 4746 4747 4748
0 0 0
0 0 -1
0 -1 0
3 4750 4751 4752
0 -1 -1
0 0 -1
0 0 0
3 4754 4755 4756
0 1 1
0 0 0
0 0 -1
3 4758 4762 4766
3 4759 4760 4761
0 0 1
0 0 -1
0 0 1
3 4763 4764 4765
0 -1 -1
0 1 1
0 0 -1
3 4767 4768 4769
0 0 -1
0 1 0
0 -1 0
3 4771 4775 4779
3 4772 4773 4774
0 1 -1
0 -1 1
0 1 1
3 4776 4777 4778
0 0 -1
0 0 -1
0 1 1
3 4780 4781 4782
0 -1 0
0 0 1
0 -1 1
3 4784 4797 4810
3 4785 4789 4793
3 4786 4787 4788
0 1 0
0 -1 0
0 0 -1
3 4790 4791 4792
0 -1 1
0 0 1
0 1 1
3 4794 4795 4796
0 -1 0
0 0 0
0 1 0
3 4798 4802 4806
3 4799 4800 4801
0 0 -1
0 1 0
0 1 -1
3 4803 4804 4805
0 0 1
0 0 -1
0 0 -1
3 4807 4808 4809
0 -1 0
0 0 0
0 -1 1
3 4811 4815 4819
3 4812 4813 4814
0 1 0
0 0 1
0 -1 -1
3 4816 4817 4818
0 1 1
0 1 1
0 1 0
3 4820 4821 4822
0 1 -1
0 1 1
0 -1 0
3 4824 4837 4850
3 4825 4829 4833
3 4826 4827 4828
0 1 -1
0 1 -1
0 0 0
3 4830 4831 4832
0 0 0
0 -1 0
0 0 0
3 4834 4835 4836
0 0 0
0 1 1
0 0 -1
3 4838 4842 4846
3 4839 4840 4841
0 1 1
0 0 -1
0 0 0
3 4843 4844 4845
0 0 -1
0 -1 0
0 1 1
3 4847 4848 4849
0 1 -1
0 -1 -1
0 -1 1
3 4851 4855 4859
3 4852 4853 4854
0 0 0
0 0 0
0 0 1
3 4856 4857 4858
0 -1 1
0 -1 0
0 0 0
3 4860 4861 4862
0 0 -1
0 1 1
0 1 0
3 4864 4904 4944
3 4865 4878 4891
3 4866 4870 4874
3 4867 4868 4869
0 0 0
0 0 0
0 1 1
3 4871 4872 4873
0 0 1
0 1 1
0 -1 -1
3 4875 4876 4877
0 -1 -1
0 1 -1
0 -1 0
3 4879 4883 4887
3 4880 4881 4882
0 1 1
0 0 1
0 1 0
3 4884 4885 4886
0 1 1
0 1 1
0 0 0
3 4888 4889 4890
0 0 1
0 -1 0
0 1 -1
3 4892 4896 4900
3 4893 4894 4895
0 -1 1
0 -1 0
0 -1 0
3 4897 4898 4899
0 0 1
0 0 0
0 1 1
3 4901 4902 4903
0 0 0
0 0 1
0 -1 -1
3 4905 4918 4931
3 4906 4910 4914
3 4907 4908 4909
0 -1 0
0 1 1
0 1 -1
3 4911 4912 4913
0 0 0
0 0 0
0 1 0
3 4915 4916 4917
0 0 0
0 -1 -1
0 -1 -1
3 4919 4923 4927
3 4920 4921 4922
0 -1 0
0 -1 -1
0 -1 -1
3 4924 4925 4926
0 -1 -1
0 1 -1
0 1 1
3 4928 4929 4930
0 0 1
0 -1 1
0 0 0
3 4932 4936 4940
3 4933 4934 4935
0 0 0
0 0 0
0 0 1
3 4937 4938 4939
0 1 -1
0 1 1
0 0 -1
3 4941 4942 4943
0 -1 0
0 0 1
0 -1 -1
3 4945 4958 4971
3 4946 4950 4954
3 4947 4948 4949
0 0 0
0 -1 1
0 -1 -1
3 4951 4952 4953
0 -1 1
0 0 0
0 -1 1
3 4955 4956 4957
0 1 1
0 1 0
0 -1 0
3 4959 4963 4967
3 4960 4961 4962
0 -1 -1
0 -1 -1
0 1 0
3 4964 4965 4966
0 -1 1
0 0 -1
0 1 0
3 4968 4969 4970
0 0 -1
0 1 0
0 1 1
3 4972 4976 4980
3 4973 4974 4975
0 -1 1
0 -1 1
0 1 1
3 4977 4978 4979
0 1 1
0 1 1
0 0 -1
3 4981 4982 4983
0 0 1
0 1 0
0 0 1
3 4985 5025 5065
3 4986 4999 5012
3 4987 4991 4995
3 4988 4989 4990
0 1 1
0 1 -1
0 -1 -1
3 4992 4993 4994
0 0 1
0 0 0
0 1 -1
3 4996 4997 4998
0 0 0
0 -1 1
0 1 0
3 5000 5004 5008
3 5001 5002 5003
0 1 1
0 -1 -1
0 1 0
3 5005 5006 5007
0 1 1
0 0 -1
0 -1 0
3 5009 5010 5011
0 0 1
0 0 0
0 1 1
3 5013 5017 5021
3 5014 5015 5016
0 0 0
0 0 1
0 0 1
3 5018 5019 5020
0 -1 -1
0 1 -1
0 -1 -1
3 5022 5023 5024
0 -1 1
0 -1 1
0 0 0
3 5026 5039 5052
3 5027 5031 5035
3 5028 5029 5030
0 1 1
0 1 -1
0 1 1
3 5032 5033 5034
0 0 1
0 0 0
0 0 0
3 5036 5037 5038
0 0 -1
0 0 -1
0 0 -1
3 5040 5044 5048
3 5041 5042 5043
0 1 1
0 1 1
0 1 0
3 5045 5046 5047
0 0 -1
0 -1 -1
0 0 1
3 5049 5050 5051
0 1 0
0 -1 -1
0 0 1
3 5053 5057 5061
3 5054 5055 5056
0 1 -1
0 -1 0
0 -1 -1
3 5058 5059 5060
0 -1 -1
0 0 0
0 0 0
3 5062 5063 5064
0 -1 1
0 -1 1
0 -1 0
3 5066 5079 5092
3 5067 5071 5075
3 5068 5069 5070
0 1 1
0 -1 -1
0 1 0
3 5072 5073 5074
0 0 1
0 1 0
0 0 1
3 5076 5077 5078
0 0 0
0 -1 1
0 1 1
3 5080 5084 5088
3 5081 5082 5083
0 -1 1
0 -1 0
0 0 1
3 5085 5086 5087
0 -1 -1
0 1 1
0 0 -1
3 5089 5090 5091
0 -1 1
0 1 1
0 -1 -1
3 5093 5097 5101
3 5094 5095 5096
0 -1 0
0 1 0
0 -1 1
3 5098 5099 5100
0 -1 1
0 1 0
0 1 0
3 5102 5103 5104
0 1 0
0 1 1
0 -1 -1
3 5106 5227 5348
3 5107 5147 5187
3 5108 5121 5134
3 5109 5113 5117
3 5110 5111 5112
0 0 -1
0 0 1
0 -1 -1
3 5114 5115 5116
0 0 0
0 -1 1
0 0 1
3 5118 5119 5120
0 0 0
0 -1 -1
0 -1 0
3 5122 5126 5130
3 5123 5124 5125
0 1 0
0 1 1
0 0 0
3 5127 5128 5129
0 -1 1
0 -1 0
0 -1 -1
3 5131 5132 5133
0 -1 1
0 0 1
0 -1 -1
3 5135 5139 5143
3 5136 5137 5138
0 0 1
0 -1 1
0 -1 -1
3 5140 5141 5142
0 0 0
0 1 0
0 0 0
3 5144 5145 5146
0 0 -1
0 1 1
0 0 0
3 5148 5161 5174
3 5149 5153 5157
3 5150 5151 5152
0 0 0
0 0 -1
0 0 -1
3 5154 5155 5156
0 -1 1
0 -1 0
0 1 0
3 5158 5159 5160
0 -1 0
0 -1 -1
0 -1 1
3 5162 5166 5170
3 5163 5164 5165
0 1 0
0 0 0
0 1 -1
3 5167 5168 5169
0 1 -1
0 -1 0
0 -1 1
3 5171 5172 5173
0 -1 -1
0 0 0
0 0 0
3 5175 5179 5183
3 5176 5177 5178
0 0 1
0 -1 1
0 0 -1
3 5180 5181 5182
0 0 0
0 0 -1
0 0 0
3 5184 5185 5186
0 1 0
0 -1 -1
0 0 1
3 5188 5201 5214
3 5189 5193 5197
3 5190 5191 5192
0 0 1
0 1 -1
0 1 0
3 5194 5195 5196
0 0 1
0 0 1
0 -1 0
3 5198 5199 5200
0 -1 1
0 0 1
0 0 -1
3 5202 5206 5210
3 5203 5204 5205
0 1 1
0 -1 0
0 0 -1
3 5207 5208 5209
0 0 -1
0 0 1
0 -1 -1
3 5211 5212 5213
0 -1 -1
0 -1 -1
0 1 0
3 5215 5219 5223
3 5216 5217 5218
0 1 1
0 -1 0
0 1 0
3 5220 5221 5222
0 1 0
0 1 0
0 1 -1
3 5224 5225 5226
0 -1 1
0 -1 1
0 0 0
3 5228 5268 5308
3 5229 5242 5255
3 5230 5234 5238
3 5231 5232 5233
0 0 0
0 1 0
0 -1 0
3 5235 5236 5237
0 0 0
0 1 -1
0 -1 0
3 5239 5240 5241
0 1 -1
0 -1 0
0 -1 -1
3 5243 5247 5251
3 5244 5245 5246
0 0 -1
0 0 1
0 1 0
3 5248 5249 5250
0 -1 -1
0 0 0
0 0 0
3 5252 5253 5254
0 1 0
0 -1 0
0 0 -1
3 5256 5260 5264
3 5257 5258 5259
0 -1 -1
0 0 -1
0 0 1
3 5261 5262 5263
0 -1 0
0 -1 0
0 1 -1
3 5265 5266 5267
0 1 0
0 1 1
0 0 1
3 5269 5282 5295
3 5270 5274 5278
3 5271 5272 5273
0 1 -1
0 0 -1
0 0 1
3 5275 5276 5277
0 1 1
0 -1 1
0 1 0
3 5279 5280 5281
0 -1 0
0 -1 0
0 -1 1
3 5283 5287 5291
3 5284 5285 5286
0 -1 0
0 0 -1
0 1 -1
3 5288 5289 5290
0 0 0
0 0 0
0 1 1
3 5292 5293 5294
0 1 1
0 0 -1
0 0 -1
3 5296 5300 5304
3 5297 5298 5299
0 0 0
0 -1 0
0 -1 0
3 5301 5302 5303
0 0 -1
0 0 1
0 -1 0
3 5305 5306 5307
0 0 0
0 0 -1
0 -1 -1
3 5309 5322 5335
3 5310 5314 5318
3 5311 5312 5313
0 0 -1
0 -1 0
0 -1 0
3 5315 5316 5317
0 -1 -1
0 -1 0
0 1 0
3 5319 5320 5321
0 -1 -1
0 -1 0
0 -1 1
3 5323 5327 5331
3 5324 5325 5326
0 1 -1
0 -1 1
0 -1 -1
3 5328 5329 5330
0 -1 1
0 1 1
0 -1 -1
3 5332 5333 5334
0 -1 -1
0 0 0
0 0 -1
3 5336 5340 5344
3 5337 5338 5339
0 1 -1
0 -1 1
0 1 -1
3 5341 5342 5343
0 -1 1
0 0 -1
0 1 -1
3 5345 5346 5347
0 -1 -1
0 1 0
0 -1 1
3 5349 5389 5429
3 5350 5363 5376
3 5351 5355 5359
3 5352 5353 5354
0 -1 1
0 0 -1
0 -1 1
3 5356 5357 5358
0 0 -1
0 -1 1
0 0 -1
3 5360 5361 5362
0 -1 1
0 -1 1
0 -1 -1
3 5364 5368 5372
3 5365 5366 5367
0 0 1
0 -1 -1
0 1 1
3 5369 5370 5371
0 1 -1
0 -1 0
0 1 -1
3 5373 5374 5375
0 -1 0
0 0 1
0 1 1
3 5377 5381 5385
3 5378 5379 5380
0 1 1
0 -1 -1
0 -1 1
3 5382 5383 5384
0 -1 -1
0 0 -1
0 0 -1
3 5386 5387 5388
0 -1 0
0 0 1
0 0 0
3 5390 5403 5416
3 5391 5395 5399
3 5392 5393 5394
0 -1 -1
0 0 0
0 -1 1
3 5396 5397 5398
0 -1 1
0 0 1
0 0 1
3 5400 5401 5402
0 0 1
0 0 1
0 -1 0
3 5404 5408 5412
3 5405 5406 5407
0 -1 1
0 -1 -1
0 0 0
3 5409 5410 5411
0 -1 0
0 1 -1
0 0 0
3 5413 5414 5415
0 -1 1
0 -1 0
0 1 -1
3 5417 5421 5425
3 5418 5419 5420
0 0 1
0 -1 0
0 -1 -1
3 5422 5423 5424
0 1 0
0 0 1
0 0 -1
3 5426 5427 5428
0 1 1
0 1 0
0 1 0
3 5430 5443 5456
3 5431 5435 5439
3 5432 5433 5434
0 1 0
0 -1 0
0 1 1
3 5436 5437 5438
0 0 0
0 0 0
0 1 -1
3 5440 5441 5442
0 1 0
0 -1 1
0 -1 -1
3 5444 5448 5452
3 5445 5446 5447
0 0 -1
0 0 -1
0 -1 1
3 5449 5450 5451
0 0 1
0 1 1
0 -1 -1
3 5453 5454 5455
0 -1 -1
0 -1 1
0 1 -1
3 5457 5461 5465
3 5458 5459 5460
0 1 -1
0 0 -1
0 1 -1
3 5462 5463 5464
0 0 -1
0 -1 -1
0 1 1
3 5466 5467 5468
0 0 -1
0 -1 1
0 1 -1
3 5470 5834 6198
3 5471 5592 5713
3 5472 5512 5552
3 5473 5486 5499
3 5474 5478 5482
3 5475 5476 5477
0 0 -1
0 0 1
0 1 1
3 5479 5480 5481
0 0 -1
0 0 0
0 -1 -1
3 5483 5484 5485
0 1 -1
0 -1 0
0 -1 -1
3 5487 5491 5495
3 5488 5489 5490
0 -1 -1
0 1 1
0 0 0
3 5492 5493 5494
0 1 -1
0 -1 0
0 -1 -1
3 5496 5497 5498
0 -1 0
0 0 0
0 0 0
3 5500 5504 5508
3 5501 5502 5503
0 0 0
0 0 -1
0 -1 -1
3 5505 5506 5507
0 -1 -1
0 1 0
0 0 -1
3 5509 5510 5511
0 -1 -1
0 0 1
0 0 -1
3 5513 5526 5539
3 5514 5518 5522
3 5515 5516 5517
0 0 -1
0 0 1
0 0 1
3 5519 5520 5521
0 1 1
0 0 1
0 1 -1
3 5523 5524 5525
0 -1 -1
0 -1 -1
0 -1 -1
3 5527 5531 5535
3 5528 5529 5530
0 1 -1
0 1 0
0 0 0
3 5532 5533 5534
0 -1 -1
0 1 1
0 -1 0
3 5536 5537 5538
0 1 -1
0 0 1
0 0 -1
3 5540 5544 5548
3 5541 5542 5543
0 -1 1
0 -1 -1
0 1 -1
3 5545 5546 5547
0 0 -1
0 1 0
0 1 0
3 5549 5550 5551
0 1 1
0 0 1
0 -1 0
3 5553 5566 5579
3 5554 5558 5562
3 5555 5556 5557
0 1 1
0 -1 -1
0 -1 -1
3 5559 5560 5561
0 1 1
0 0 0
0 0 0
3 5563 5564 5565
0 -1 0
0 1 0
0 1 -1
3 5567 5571 5575
3 5568 5569 5570
0 0 1
0 -1 -1
0 -1 1
3 5572 5573 5574
0 -1 0
0 -1 1
0 -1 0
3 5576 5577 5578
0 -1 -1
0 0 1
0 1 0
3 5580 5584 5588
3 5581 5582 5583
0 1 1
0 -1 0
0 0 0
3 5585 5586 5587
0 1 0
0 0 1
0 1 1
3 5589 5590 5591
0 1 -1
0 1 1
0 -1 -1
3 5593 5633 5673
3 5594 5607 5620
3 5595 5599 5603
3 5596 5597 5598
0 0 -1
0 0 -1
0 -1 -1
3 5600 5601 5602
0 0 -1
0 0 0
0 1 1
3 5604 5605 5606
0 1 1
0 0 1
0 0 0
3 5608 5612 5616
3 5609 5610 5611
0 0 -1
0 0 -1
0 -1 -1
3 5613 5614 5615
0 0 0
0 0 0
0 0 1
3 5617 5618 5619
0 0 1
0 1 -1
0 0 -1
3 5621 5625 5629
3 5622 5623 5624
0 -1 0
0 1 1
0 -1 0
3 5626 5627 5628
0 1 0
0 -1 0
0 1 0
3 5630 5631 5632
0 1 -1
0 1 -1
0 0 1
3 5634 5647 5660
3 5635 5639 5643
3 5636 5637 5638
0 0 1
0 0 0
0 1 0
3 5640 5641 5642
0 1 1
0 -1 0
0 1 0
3 5644 5645 5646
0 -1 1
0 0 1
0 1 0
3 5648 5652 5656
3 5649 5650 5651
0 0 1
0 1 1
0 0 1
3 5653 5654 5655
0 0 1
0 0 0
0 0 0
3 5657 5658 5659
0 -1 1
0 1 -1
0 1 0
3 5661 5665 5669
3 5662 5663 5664
0 -1 0
0 0 0
0 -1 -1
3 5666 5667 5668
0 1 1
0 1 -1
0 -1 -1
3 5670 5671 5672
0 1 1
0 1 0
0 -1 1
3 5674 5687 5700
3 5675 5679 5683
3 5676 5677 5678
0 1 1
0 0 0
0 0 -1
3 5680 5681 5682
0 1 -1
0 0 1
0 -1 0
3 5684 5685 5686
0 -1 -1
0 0 0
0 -1 1
3 5688 5692 5696
3 5689 5690 5691
0 0 1
0 0 1
0 -1 1
3 5693 5694 5695
0 1 1
0 1 1
0 1 -1
3 5697 5698 5699
0 0 -1
0 1 1
0 -1 0
3 5701 5705 5709
3 5702 5703 5704
0 -1 1
0 1 -1
0 0 0
3 5706 5707 5708
0 -1 0
0 1 1
0 1 0
3 5710 5711 5712
0 -1 1
0 -1 -1
0 -1 -1
3 5714 5754 5794
3 5715 5728 5741
3 5716 5720 5724
3 5717 5718 5719
0 -1 -1
0 -1 1
0 0 1
3 5721 5722 5723
0 -1 -1
0 1 1
0 -1 -1
3 5725 5726 5727
0 1 1
0 1 -1
0 1 0
3 5729 5733 5737
3 5730 5731 5732
0 0 1
0 -1 -1
0 0 -1
3 5734 5735 5736
0 0 0
0 1 1
0 -1 0
3 5738 5739 5740
0 -1 0
0 1 1
0 0 0
3 5742 5746 5750
3 5743 5744 5745
0 1 -1
0 -1 -1
0 1 1
3 5747 5748 5749
0 -1 -1
0 0 1
0 1 0
3 5751 5752 5753
0 0 -1
0 -1 -1
0 1 1
3 5755 5768 5781
3 5756 5760 5764
3 5757 5758 5759
0 0 1
0 -1 1
0 1 -1
3 5761 5762 5763
0 1 -1
0 1 -1
0 1 1
3 5765 5766 5767
0 0 0
0 -1 0
0 -1 0
3 5769 5773 5777
3 5770 5771 5772
0 0 1
0 1 -1
0 -1 0
3 5774 5775 5776
0 0 0
0 -1 -1
0 0 -1
3 5778 5779 5780
0 0 0
0 1 1
0 0 0
3 5782 5786 5790
3 5783 5784 5785
0 1 -1
0 1 1
0 -1 -1
3 5787 5788 5789
0 1 1
0 0 0
0 -1 1
3 5791 5792 5793
0 -1 1
0 0 0
0 -1 1
3 5795 5808 5821
3 5796 5800 5804
3 5797 5798 5799
0 -1 1
0 -1 1
0 -1 1
3 5801 5802 5803
0 1 0
0 1 0
0 1 0
3 5805 5806 5807
0 -1 1
0 1 0
0 0 1
3 5809 5813 5817
3 5810 5811 5812
0 1 0
0 0 0
0 0 -1
3 5814 5815 5816
0 1 0
0 0 0
0 1 0
3 5818 5819 5820
0 -1 1
0 1 1
0 -1 1
3 5822 5826 5830
3 5823 5824 5825
0 0 1
0 -1 1
0 0 0
3 5827 5828 5829
0 1 -1
0 0 0
0 1 1
3 5831 5832 5833
0 0 0
0 -1 -1
0 -1 0
3 5835 5956 6077
3 5836 5876 5916
3 5837 5850 5863
3 5838 5842 5846
3 5839 5840 5841
0 0 0
0 1 -1
0 0 0
3 5843 5844 5845
0 0 1
0 0 1
0 1 1
3 5847 5848 5849
0 -1 1
0 1 1
0 -1 1
3 5851 5855 5859
3 5852 5853 5854
0 -1 -1
0 0 -1
0 0 0
3 5856 5857 5858
0 -1 0
0 0 1
0 1 0
3 5860 5861 5862
0 1 0
0 -1 -1
0 0 -1
3 5864 5868 5872
3 5865 5866 5867
0 1 1
0 -1 -1
0 1 0
3 5869 5870 5871
0 0 -1
0 1 -1
0 -1 1
3 5873 5874 5875
0 -1 0
0 -1 1
0 -1 -1
3 5877 5890 5903
3 5878 5882 5886
3 5879 5880 5881
0 1 1
0 -1 0
0 -1 -1
3 5883 5884 5885
0 -1 0
0 -1 0
0 -1 0
3 5887 5888 5889
0 1 0
0 1 1
0 1 1
3 5891 5895 5899
3 5892 5893 5894
0 0 -1
0 1 1
0 -1 0
3 5896 5897 5898
0 0 -1
0 0 1
0 1 0
3 5900 5901 5902
0 1 0
0 1 -1
0 0 -1
3 5904 5908 5912
3 5905 5906 5907
0 1 -1
0 1 0
0 0 1
3 5909 5910 5911
0 1 1
0 1 -1
0 1 1
3 5913 5914 5915
0 0 1
0 0 0
0 0 1
3 5917 5930 5943
3 5918 5922 5926
3 5919 5920 5921
0 0 -1
0 1 1
0 0 1
3 5923 5924 5925
0 0 -1
0 -1 0
0 0 0
3 5927 5928 5929
0 1 -1
0 0 0
0 -1 0
3 5931 5935 5939
3 5932 5933 5934
0 1 -1
0 0 1
0 1 0
3 5936 5937 5938
0 1 0
0 1 -1
0 -1 -1
3 5940 5941 5942
0 -1 1
0 -1 1
0 -1 1
3 5944 5948 5952
3 5945 5946 5947
0 -1 1
0 1 0
0 1 -1
3 5949 5950 5951
0 1 1
0 0 1
0 -1 -1
3 5953 5954 5955
0 1 -1
0 0 0
0 1 0
3 5957 5997 6037
3 5958 5971 5984
3 5959 5963 5967
3 5960 5961 5962
0 -1 -1
0 -1 1
0 1 -1
3 5964 5965 5966
0 0 -1
0 -1 -1
0 0 -1
3 5968 5969 5970
0 1 0
0 -1 1
0 1 1
3 5972 5976 5980
3 5973 5974 5975
0 0 1
0 -1 1
0 -1 1
3 5977 5978 5979
0 -1 -1
0 1 0
0 1 -1
3 5981 5982 5983
0 -1 -1
0 -1 1
0 0 -1
3 5985 5989 5993
3 5986 5987 5988
0 -1 -1
0 1 0
0 1 0
3 5990 5991 5992
0 1 1
0 0 1
0 1 -1
3 5994 5995 5996
0 1 -1
0 1 -1
0 1 -1
3 5998 6011 6024
3 5999 6003 6007
3 6000 6001 6002
0 0 0
0 -1 1
0 1 -1
3 6004 6005 6006
0 -1 -1
0 -1 -1
0 -1 -1
3 6008 6009 6010
0 0 1
0 -1 0
0 -1 0
3 6012 6016 6020
3 6013 6014 6015
0 0 1
0 0 -1
0 0 1
3 6017 6018 6019
0 -1 -1
0 -1 0
0 0 0
3 6021 6022 6023
0 0 0
0 0 -1
0 0 -1
3 6025 6029 6033
3 6026 6027 6028
0 1 0
0 0 -1
0 -1 1
3 6030 6031 6032
0 0 0
0 1 1
0 0 0
3 6034 6035 6036
0 1 1
0 0 1
0 1 0
3 6038 6051 6064
3 6039 6043 6047
3 6040 6041 6042
0 1 0
0 -1 0
0 0 -1
3 6044 6045 6046
0 -1 0
0 -1 -1
0 -1 -1
3 6048 6049 6050
0 -1 0
0 -1 1
0 1 0
3 6052 6056 6060
3 6053 6054 6055
0 0 0
0 -1 -1
0 1 -1
3 6057 6058 6059
0 0 0
0 0 0
0 0 1
3 6061 6062 6063
0 0 1
0 1 1
0 0 1
3 6065 6069 6073
3 6066 6067 6068
0 1 1
0 1 1
0 -1 1
3 6070 6071 6072
0 -1 1
0 0 -1
0 -1 1
3 6074 6075 6076
0 -1 0
0 1 1
0 -1 1
3 6078 6118 6158
3 6079 6092 6105
3 6080 6084 6088
3 6081 6082 6083
0 -1 1
0 1 0
0 0 1
3 6085 6086 6087
0 -1 -1
0 0 -1
0 -1 1
3 6089 6090 6091
0 0 0
0 0 0
0 1 0
3 6093 6097 6101
3 6094 6095 6096
0 0 0
0 -1 0
0 0 0
3 6098 6099 6100
0 0 -1
0 0 -1
0 -1 -1
3 6102 6103 6104
0 -1 0
0 0 -1
0 -1 1
3 6106 6110 6114
3 6107 6108 6109
0 -1 0
0 -1 0
0 -1 0
3 6111 6112 6113
0 1 0
0 -1 1
0 -1 -1
3 6115 6116 6117
0 0 0
0 1 1
0 1 -1
3 6119 6132 6145
3 6120 6124 6128
3 6121 6122 6123
0 1 0
0 1 0
0 -1 0
3 6125 6126 6127
0 1 0
0 0 0
0 -1 0
3 6129 6130 6131
0 1 1
0 1 1
0 0 0
3 6133 6137 6141
3 6134 6135 6136
0 0 -1
0 1 -1
0 -1 1
3 6138 6139 6140
0 0 1
0 0 -1
0 1 -1
3 6142 6143 6144
0 -1 1
0 1 0
0 -1 0
3 6146 6150 6154
3 6147 6148 6149
0 1 1
0 0 -1
0 1 -1
3 6151 6152 6153
0 -1 1
0 1 0
0 1 -1
3 6155 6156 6157
0 -1 -1
0 1 -1
0 1 -1
3 6159 6172 6185
3 6160 6164 6168
3 6161 6162 6163
0 -1 0
0 -1 -1
0 -1 1
3 6165 6166 6167
0 0 1
0 0 1
0 1 -1
3 6169 6170 6171
0 -1 0
0 -1 1
0 1 1
3 6173 6177 6181
3 6174 6175 6176
0 0 -1
0 1 0
0 1 0
3 6178 6179 6180
0 1 -1
0 1 0
0 0 0
3 6182 6183 6184
0 -1 -1
0 0 1
0 -1 1
3 6186 6190 6194
3 6187 6188 6189
0 1 1
0 1 0
0 1 -1
3 6191 6192 6193
0 -1 1
0 -1 -1
0 0 0
3 6195 6196 6197
0 1 -1
0 -1 1
0 0 0
3 6199 6320 6441
3 6200 6240 6280
3 6201 6214 6227
3 6202 6206 6210
3 6203 6204 6205
0 1 -1
0 1 0
0 0 0
3 6207 6208 6209
0 -1 1
0 -1 -1
0 -1 -1
3 6211 6212 6213
0 1 0
0 1 -1
0 0 -1
3 6215 6219 6223
3 6216 6217 6218
0 0 0
0 -1 -1
0 -1 0
3 6220 6221 6222
0 0 0
0 -1 0
0 1 -1
3 6224 6225 6226
0 1 0
0 1 1
0 1 -1
3 6228 6232 6236
3 6229 6230 6231
0 -1 -1
0 1 1
0 0 0
3 6233 6234 6235
0 -1 1
0 -1 -1
0 1 1
3 6237 6238 6239
0 -1 0
0 0 1
0 1 1
3 6241 6254 6267
3 6242 6246 6250
3 6243 6244 6245
0 0 1
0 1 1
0 0 -1
3 6247 6248 6249
0 1 0
0 0 1
0 1 1
3 6251 6252 6253
0 -1 -1
0 1 0
0 0 1
3 6255 6259 6263
3 6256 6257 6258
0 0 0
0 -1 1
0 1 -1
3 6260 6261 6262
0 -1 0
0 0 -1
0 0 1
3 6264 6265 6266
0 -1 1
0 0 1
0 0 1
3 6268 6272 6276
3 6269 6270 6271
0 1 0
0 -1 0
0 1 1
3 6273 6274 6275
0 0 0
0 0 1
0 -1 0
3 6277 6278 6279
0 1 1
0 1 1
0 1 1
3 6281 6294 6307
3 6282 6286 6290
3 6283 6284 6285
0 -1 0
0 -1 1
0 0 1
3 6287 6288 6289
0 0 -1
0 1 -1
0 1 1
3 6291 6292 6293
0 -1 0
0 0 1
0 1 -1
3 6295 6299 6303
3 6296 6297 6298
0 1 -1
0 1 -1
0 -1 1
3 6300 6301 6302
0 0 -1
0 0 0
0 0 -1
3 6304 6305 6306
0 0 -1
0 0 0
0 1 1
3 6308 6312 6316
3 6309 6310 6311
0 1 1
0 -1 0
0 -1 0
3 6313 6314 6315
0 1 1
0 -1 1
0 -1 -1
3 6317 6318 6319
0 1 1
0 0 -1
0 1 0
3 6321 6361 6401
3 6322 6335 6348
3 6323 6327 6331
3 6324 6325 6326
0 0 1
0 -1 -1
0 0 0
3 6328 6329 6330
0 1 1
0 1 1
0 -1 1
3 6332 6333 6334
0 0 0
0 -1 1
0 1 -1
3 6336 6340 6344
3 6337 6338 6339
0 0 0
0 1 1
0 1 0
3 6341 6342 6343
0 -1 0
0 -1 -1
0 0 0
3 6345 6346 6347
0 -1 -1
0 0 -1
0 -1 0
3 6349 6353 6357
3 6350 6351 6352
0 1 -1
0 0 -1
0 0 0
3 6354 6355 6356
0 0 0
0 1 1
0 0 0
3 6358 6359 6360
0 -1 0
0 0 0
0 1 1
3 6362 6375 6388
3 6363 6367 6371
3 6364 6365 6366
0 0 1
0 -1 1
0 1 -1
3 6368 6369 6370
0 -1 -1
0 1 -1
0 -1 -1
3 6372 6373 6374
0 -1 1
0 -1 0
0 1 0
3 6376 6380 6384
3 6377 6378 6379
0 1 0
0 -1 0
0 0 0
3 6381 6382 6383
0 0 1
0 0 -1
0 0 0
3 6385 6386 6387
0 1 -1
0 -1 1
0 1 1
3 6389 6393 6397
3 6390 6391 6392
0 -1 1
0 1 1
0 0 -1
3 6394 6395 6396
0 -1 -1
0 1 0
0 -1 1
3 6398 6399 6400
0 1 1
0 0 -1
0 1 1
3 6402 6415 6428
3 6403 6407 6411
3 6404 6405 6406
0 -1 1
0 -1 1
0 0 0
3 6408 6409 6410
0 -1 0
0 0 -1
0 0 0
3 6412 6413 6414
0 0 0
0 0 1
0 -1 1
3 6416 6420 6424
3 6417 6418 6419
0 0 1
0 1 1
0 -1 1
3 6421 6422 6423
0 0 -1
0 1 -1
0 0 -1
3 6425 6426 6427
0 -1 -1
0 -1 1
0 0 0
3 6429 6433 6437
3 6430 6431 6432
0 0 -1
0 1 0
0 0 -1
3 6434 6435 6436
0 -1 1
0 1 0
0 0 0
3 6438 6439 6440
0 1 1
0 1 1
0 -1 -1
3 6442 6482 6522
3 6443 6456 6469
3 6444 6448 6452
3 6445 6446 6447
0 -1 0
0 0 0
0 -1 1
3 6449 6450 6451
0 -1 1
0 0 0
0 -1 0
3 6453 6454 6455
0 0 -1
0 -1 -1
0 0 1
3 6457 6461 6465
3 6458 6459 6460
0 -1 -1
0 0 0
0 1 -1
3 6462 6463 6464
0 -1 -1
0 1 1
0 1 -1
3 6466 6467 6468
0 0 -1
0 0 0
0 1 -1
3 6470 6474 6478
3 6471 6472 6473
0 -1 1
0 -1 1
0 0 1
3 6475 6476 6477
0 1 -1
0 0 0
0 1 -1
3 6479 6480 6481
0 -1 1
0 -1 1
0 -1 1
3 6483 6496 6509
3 6484 6488 6492
3 6485 6486 6487
0 -1 -1
0 1 0
0 0 0
3 6489 6490 6491
0 0 1
0 0 -1
0 -1 -1
3 6493 6494 6495
0 -1 0
0 1 0
0 1 1
3 6497 6501 6505
3 6498 6499 6500
0 0 1
0 1 1
0 -1 -1
3 6502 6503 6504
0 1 -1
0 1 0
0 0 0
3 6506 6507 6508
0 -1 -1
0 1 1
0 1 0
3 6510 6514 6518
3 6511 6512 6513
0 1 1
0 0 1
0 0 -1
3 6515 6516 6517
0 -1 1
0 1 -1
0 -1 1
3 6519 6520 6521
0 0 0
0 1 0
0 1 0
3 6523 6536 6549
3 6524 6528 6532
3 6525 6526 6527
0 1 -1
0 0 1
0 0 -1
3 6529 6530 6531
0 0 -1
0 1 0
0 0 1
3 6533 6534 6535
0 -1 1
0 1 -1
0 0 -1
3 6537 6541 6545
3 6538 6539 6540
0 -1 0
0 0 0
0 0 -1
3 6542 6543 6544
0 0 -1
0 1 1
0 1 1
3 6546 6547 6548
0 0 1
0 0 0
0 -1 0
3 6550 6554 6558
3 6551 6552 6553
0 0 0
0 1 0
0 -1 0
3 6555 6556 6557
0 -1 0
0 1 0
0 1 -1
3 6559 6560 6561
0 -1 1
0 1 1
0 -1 -1
3 6563 7656 8749
3 6564 6928 7292
3 6565 6686 6807
3 6566 6606 6646
3 6567 6580 6593
3 6568 6572 6576
3 6569 6570 6571
0 -1 1
0 0 -1
0 -1 -1
3 6573 6574 6575
0 1 1
0 1 -1
0 0 0
3 6577 6578 6579
0 -1 -1
0 -1 1
0 -1 0
3 6581 6585 6589
3 6582 6583 6584
0 -1 1
0 -1 0
0 -1 -1
3 6586 6587 6588
0 1 -1
0 0 0
0 0 0
3 6590 6591 6592
0 -1 1
0 0 1
0 -1 1
3 6594 6598 6602
3 6595 6596 6597
0 -1 1
0 1 1
0 -1 1
3 6599 6600 6601
0 1 -1
0 -1 -1
0 0 0
3 6603 6604 6605
0 -1 -1
0 0 -1
0 -1 -1
3 6607 6620 6633
3 6608 6612 6616
3 6609 6610 6611
0 0 -1
0 -1 0
0 -1 1
3 6613 6614 6615
0 0 1
0 0 -1
0 -1 -1
3 6617 6618 6619
0 0 1
0 1 0
0 0 -1
3 6621 6625 6629
3 6622 6623 6624
0 -1 1
0 1 0
0 -1 1
3 6626 6627 6628
0 1 1
0 -1 0
0 1 0
3 6630 6631 6632
0 0 -1
0 1 0
0 -1 1
3 6634 6638 6642
3 6635 6636 6637
0 0 0
0 0 1
0 -1 -1
3 6639 6640 6641
0 0 -1
0 -1 1
0 1 1
3 6643 6644 6645
0 1 0
0 0 -1
0 -1 1
3 6647 6660 6673
3 6648 6652 6656
3 6649 6650 6651
0 -1 0
0 0 0
0 -1 -1
3 6653 6654 6655
0 1 1
0 1 0
0 -1 0
3 6657 6658 6659
0 -1 0
0 -1 -1
0 0 0
3 6661 6665 6669
3 6662 6663 6664
0 0 -1
0 1 1
0 -1 1
3 6666 6667 6668
0 -1 -1
0 0 -1
0 -1 0
3 6670 6671 6672
0 -1 1
0 0 0
0 1 0
3 6674 6678 6682
3 6675 6676 6677
0 1 -1
0 0 -1
0 0 1
3 6679 6680 6681
0 0 1
0 1 0
0 1 0
3 6683 6684 6685
0 1 0
0 -1 0
0 1 -1
3 6687 6727 6767
3 6688 6701 6714
3 6689 6693 6697
3 6690 6691 6692
0 0 -1
0 -1 -1
0 0 -1
3 6694 6695 6696
0 0 0
0 -1 1
0 0 1
3 6698 6699 6700
0 1 1
0 1 -1
0 1 0
3 6702 6706 6710
3 6703 6704 6705
0 -1 0
0 1 0
0 -1 -1
3 6707 6708 6709
0 0 1
0 1 0
0 -1 -1
3 6711 6712 6713
0 1 0
0 1 0
0 -1 1
3 6715 6719 6723
3 6716 6717 6718
0 0 1
0 0 1
0 -1 1
3 6720 6721 6722
0 1 1
0 -1 0
0 1 1
3 6724 6725 6726
0 1 0
0 1 -1
0 -1 0
3 6728 6741 6754
3 6729 6733 6737
3 6730 6731 6732
0 -1 1
0 0 0
0 -1 0
3 6734 6735 6736
0 -1 -1
0 1 0
0 1 -1
3 6738 6739 6740
0 1 -1
0 1 -1
0 0 0
3 6742 6746 6750
3 6743 6744 6745
0 0 -1
0 1 0
0 -1 -1
3 6747 6748 6749
0 0 -1
0 -1 1
0 1 1
3 6751 6752 6753
0 1 0
0 -1 0
0 -1 1
3 6755 6759 6763
3 6756 6757 6758
0 -1 0
0 -1 -1
0 1 1
3 6760 6761 6762
0 0 -1
0 0 1
0 0 0
3 6764 6765 6766
0 0 0
0 -1 -1
0 0 1
3 6768 6781 6794
3 6769 6773 6777
3 6770 6771 6772
0 -1 -1
0 0 0
0 -1 1
3 6774 6775 6776
0 0 -1
0 1 0
0 0 -1
3 6778 6779 6780
0 -1 0
0 -1 1
0 0 1
3 6782 6786 6790
3 6783 6784 6785
0 0 0
0 0 -1
0 -1 1
3 6787 6788 6789
0 0 0
0 0 -1
0 -1 -1
3 6791 6792 6793
0 0 0
0 0 -1
0 0 -1
3 6795 6799 6803
3 6796 6797 6798
0 -1 -1
0 -1 0
0 1 -1
3 6800 6801 6802
0 -1 -1
0 -1 0
0 0 0
3 6804 6805 6806
0 0 -1
0 1 0
0 -1 0
3 6808 6848 6888
3 6809 6822 6835
3 6810 6814 6818
3 6811 6812 6813
0 -1 -1
0 0 0
0 1 1
3 6815 6816 6817
0 -1 -1
0 1 -1
0 1 -1
3 6819 6820 6821
0 0 1
0 1 1
0 -1 1
3 6823 6827 6831
3 6824 6825 6826
0 -1 1
0 -1 -1
0 0 0
3 6828 6829 6830
0 -1 1
0 0 1
0 -1 1
3 6832 6833 6834
0 1 0
0 -1 0
0 1 1
3 6836 6840 6844
3 6837 6838 6839
0 -1 0
0 1 1
0 -1 1
3 6841 6842 6843
0 -1 1
0 1 -1
0 0 0
3 6845 6846 6847
0 -1 0
0 -1 0
0 -1 1
3 6849 6862 6875
3 6850 6854 6858
3 6851 6852 6853
0 -1 -1
0 -1 -1
0 0 -1
3 6855 6856 6857
0 0 0
0 -1 0
0 -1 1
3 6859 6860 6861
0 0 -1
0 1 -1
0 0 -1
3 6863 6867 6871
3 6864 6865 6866
0 0 1
0 1 1
0 0 -1
3 6868 6869 6870
0 1 1
0 -1 -1
0 0 1
3 6872 6873 6874
0 -1 1
0 -1 -1
0 0 -1
3 6876 6880 6884
3 6877 6878 6879
0 -1 0
0 0 -1
0 -1 -1
3 6881 6882 6883
0 0 -1
0 1 -1
0 1 -1
3 6885 6886 6887
0 0 0
0 1 -1
0 -1 0
3 6889 6902 6915
3 6890 6894 6898
3 6891 6892 6893
0 1 0
0 -1 0
0 1 -1
3 6895 6896 6897
0 -1 -1
0 -1 0
0 0 0
3 6899 6900 6901
0 1 1
0 1 0
0 -1 -1
3 6903 6907 6911
3 6904 6905 6906
0 1 0
0 -1 1
0 0 -1
3 6908 6909 6910
0 -1 0
0 1 1
0 1 -1
3 6912 6913 6914
0 0 0
0 -1 1
0 -1 0
3 6916 6920 6924
3 6917 6918 6919
0 0 0
0 -1 1
0 1 0
3 6921 6922 6923
0 0 1
0 1 1
0 -1 -1
3 6925 6926 6927
0 0 0
0 0 0
0 -1 -1
3 6929 7050 7171
3 6930 6970 7010
3 6931 6944 6957
3 6932 6936 6940
3 6933 6934 6935
0 1 -1
0 -1 -1
0 1 -1
3 6937 6938 6939
0 -1 0
0 0 0
0 -1 -1
3 6941 6942 6943
0 0 0
0 -1 1
0 1 1
3 6945 6949 6953
3 6946 6947 6948
0 -1 -1
0 0 0
0 -1 0
3 6950 6951 6952
0 0 0
0 0 1
0 0 1
3 6954 6955 6956
0 -1 1
0 0 0
0 0 1
3 6958 6962 6966
3 6959 6960 6961
0 0 0
0 -1 1
0 -1 0
3 6963 6964 6965
0 1 1
0 1 1
0 0 1
3 6967 6968 6969
0 1 0
0 1 1
0 1 -1
3 6971 6984 6997
3 6972 6976 6980
3 6973 6974 6975
0 1 0
0 -1 -1
0 -1 0
3 6977 6978 6979
0 -1 -1
0 0 0
0 0 -1
3 6981 6982 6983
0 -1 1
0 0 -1
0 0 0
3 6985 6989 6993
3 6986 6987 6988
0 0 -1
0 1 1
0 1 1
3 6990 6991 6992
0 1 1
0 -1 0
0 0 -1
3 6994 6995 6996
0 -1 0
0 1 0
0 0 0
3 6998 7002 7006
3 6999 7000 7001
0 0 1
0 -1 -1
0 0 0
3 7003 7004 7005
0 1 0
0 0 0
0 1 -1
3 7007 7008 7009
0 -1 0
0 1 0
0 1 -1
3 7011 7024 7037
3 7012 7016 7020
3 7013 7014 7015
0 0 -1
0 0 0
0 1 -1
3 7017 7018 7019
0 -1 -1
0 -1 1
0 -1 -1
3 7021 7022 7023
0 0 -1
0 -1 -1
0 0 -1
3 7025 7029 7033
3 7026 7027 7028
0 -1 -1
0 0 1
0 -1 -1
3 7030 7031 7032
0 -1 -1
0 0 0
0 -1 -1
3 7034 7035 7036
0 -1 0
0 0 -1
0 0 -1
3 7038 7042 7046
3 7039 7040 7041
0 1 0
0 -1 0
0 1 -1
3 7043 7044 7045
0 -1 1
0 0 -1
0 1 0
3 7047 7048 7049
0 0 0
0 0 1
0 -1 0
3 7051 7091 7131
3 7052 7065 7078
3 7053 7057 7061
3 7054 7055 7056
0 1 -1
0 -1 -1
0 1 1
3 7058 7059 7060
0 1 1
0 0 1
0 -1 -1
3 7062 7063 7064
0 1 1
0 -1 0
0 1 0
3 7066 7070 7074
3 7067 7068 7069
0 1 1
0 0 0
0 1 1
3 7071 7072 7073
0 -1 1
0 -1 0
0 1 0
3 7075 7076 7077
0 -1 -1
0 -1 -1
0 0 1
3 7079 7083 7087
3 7080 7081 7082
0 1 0
0 -1 -1
0 1 -1
3 7084 7085 7086
0 1 -1
0 1 0
0 -1 0
3 7088 7089 7090
0 -1 -1
0 0 0
0 1 0
3 7092 7105 7118
3 7093 7097 7101
3 7094 7095 7096
0 1 1
0 1 1
0 -1 1
3 7098 7099 7100
0 0 1
0 0 1
0 1 0
3 7102 7103 7104
0 1 -1
0 0 1
0 1 1
3 7106 7110 7114
3 7107 7108 7109
0 1 -1
0 -1 -1
0 0 1
3 7111 7112 7113
0 -1 1
0 0 0
0 -1 -1
3 7115 7116 7117
0 0 1
0 1 1
0 -1 -1
3 7119 7123 7127
3 7120 7121 7122
0 0 1
0 -1 0
0 1 1
3 7124 7125 7126
0 -1 0
0 1 -1
0 0 0
3 7128 7129 7130
0 -1 1
0 -1 1
0 0 -1
3 7132 7145 7158
3 7133 7137 7141
3 7134 7135 7136
0 -1 -1
0 0 1
0 0 1
3 7138 7139 7140
0 0 -1
0 1 1
0 0 1
3 7142 7143 7144
0 -1 -1
0 1 1
0 -1 0
3 7146 7150 7154
3 7147 7148 7149
0 1 -1
0 -1 -1
0 1 0
3 7151 7152 7153
0 1 -1
0 1 0
0 1 1
3 7155 7156 7157
0 0 0
0 -1 0
0 1 1
3 7159 7163 7167
3 7160 7161 7162
0 0 0
0 -1 0
0 0 0
3 7164 7165 7166
0 -1 1
0 -1 1
0 0 -1
3 7168 7169 7170
0 1 1
0 -1 -1
0 -1 0
3 7172 7212 7252
3 7173 7186 7199
3 7174 7178 7182
3 7175 7176 7177
0 1 -1
0 0 -1
0 0 1
3 7179 7180 7181
0 0 0
0 -1 -1
0 1 -1
3 7183 7184 7185
0 0 0
0 1 -1
0 0 0
3 7187 7191 7195
3 7188 7189 7190
0 0 0
0 0 -1
0 -1 1
3 7192 7193 7194
0 0 -1
0 -1 -1
0 0 1
3 7196 7197 7198
0 0 -1
0 1 1
0 -1 1
3 7200 7204 7208
3 7201 7202 7203
0 1 -1
0 -1 -1
0 -1 1
3 7205 7206 7207
0 0 0
0 -1 0
0 1 -1
3 7209 7210 7211
0 1 -1
0 0 1
0 -1 0
3 7213 7226 7239
3 7214 7218 7222
3 7215 7216 7217
0 0 1
0 0 0
0 -1 0
3 7219 7220 7221
0 -1 1
0 0 1
0 1 0
3 7223 7224 7225
0 -1 1
0 1 0
0 -1 -1
3 7227 7231 7235
3 7228 7229 7230
0 1 -1
0 1 1
0 -1 1
3 7232 7233 7234
0 -1 1
0 0 1
0 -1 -1
3 7236 7237 7238
0 1 -1
0 0 0
0 0 -1
3 7240 7244 7248
3 7241 7242 7243
0 1 1
0 1 -1
0 1 0
3 7245 7246 7247
0 -1 -1
0 1 0
0 0 0
3 7249 7250 7251
0 1 1
0 -1 0
0 1 0
3 7253 7266 7279
3 7254 7258 7262
3 7255 7256 7257
0 0 -1
0 -1 -1
0 1 1
3 7259 7260 7261
0 0 0
0 0 -1
0 -1 1
3 7263 7264 7265
0 -1 1
0 -1 -1
0 -1 0
3 7267 7271 7275
3 7268 7269 7270
0 0 -1
0 0 -1
0 1 0
3 7272 7273 7274
0 -1 0
0 0 0
0 1 1
3 7276 7277 7278
0 -1 0
0 0 1
0 0 1
3 7280 7284 7288
3 7281 7282 7283
0 0 1
0 0 0
0 0 0
3 7285 7286 7287
0 0 0
0 0 1
0 0 1
3 7289 7290 7291
0 0 -1
0 0 1
0 0 1
3 7293 7414 7535
3 7294 7334 7374
3 7295 7308 7321
3 7296 7300 7304
3 7297 7298 7299
0 0 -1
0 -1 -1
0 1 0
3 7301 7302 7303
0 1 1
0 0 0
0 1 0
3 7305 7306 7307
0 -1 -1
0 0 -1
0 -1 -1
3 7309 7313 7317
3 7310 7311 7312
0 -1 0
0 -1 1
0 1 -1
3 7314 7315 7316
0 0 -1
0 1 0
0 0 1
3 7318 7319 7320
0 -1 0
0 -1 1
0 0 0
3 7322 7326 7330
3 7323 7324 7325
0 -1 0
0 0 1
0 0 1
3 7327 7328 7329
0 1 -1
0 1 0
0 1 0
3 7331 7332 7333
0 1 -1
0 0 0
0 0 -1
3 7335 7348 7361
3 7336 7340 7344
3 7337 7338 7339
0 -1 -1
0 1 -1
0 1 1
3 7341 7342 7343
0 -1 0
0 0 -1
0 -1 0
3 7345 7346 7347
0 1 0
0 1 0
0 0 0
3 7349 7353 7357
3 7350 7351 7352
0 -1 -1
0 0 -1
0 0 1
3 7354 7355 7356
0 1 1
0 0 1
0 0 0
3 7358 7359 7360
0 0 -1
0 1 1
0 1 1
3 7362 7366 7370
3 7363 7364 7365
0 1 1
0 1 1
0 0 1
3 7367 7368 7369
0 0 -1
0 -1 1
0 1 -1
3 7371 7372 7373
0 1 -1
0 1 -1
0 0 -1
3 7375 7388 7401
3 7376 7380 7384
3 7377 7378 7379
0 0 1
0 1 -1
0 -1 1
3 7381 7382 7383
0 0 1
0 0 1
0 0 1
3 7385 7386 7387
0 0 -1
0 -1 0
0 0 1
3 7389 7393 7397
3 7390 7391 7392
0 0 1
0 0 -1
0 0 0
3 7394 7395 7396
0 -1 0
0 -1 -1
0 1 1
3 7398 7399 7400
0 0 1
0 0 -1
0 0 1
3 7402 7406 7410
3 7403 7404 7405
0 1 -1
0 1 -1
0 0 1
3 7407 7408 7409
0 0 -1
0 0 -1
0 1 -1
3 7411 7412 7413
0 -1 0
0 0 1
0 1 1
3 7415 7455 7495
3 7416 7429 7442
3 7417 7421 7425
3 7418 7419 7420
0 1 1
0 -1 0
0 0 0
3 7422 7423 7424
0 0 0
0 1 0
0 1 0
3 7426 7427 7428
0 -1 1
0 1 0
0 0 0
3 7430 7434 7438
3 7431 7432 7433
0 1 0
0 0 1
0 1 -1
3 7435 7436 7437
0 0 1
0 1 1
0 -1 1
3 7439 7440 7441
0 -1 -1
0 1 -1
0 1 0
3 7443 7447 7451
3 7444 7445 7446
0 0 1
0 1 -1
0 0 -1
3 7448 7449 7450
0 1 0
0 0 1
0 0 1
3 7452 7453 7454
0 0 1
0 0 0
0 0 1
3 7456 7469 7482
3 7457 7461 7465
3 7458 7459 7460
0 -1 0
0 1 -1
0 -1 1
3 7462 7463 7464
0 1 1
0 1 -1
0 0 0
3 7466 7467 7468
0 1 -1
0 0 0
0 1 -1
3 7470 7474 7478
3 7471 7472 7473
0 -1 1
0 1 0
0 1 -1
3 7475 7476 7477
0 0 0
0 1 1
0 0 -1
3 7479 7480 7481
0 0 1
0 1 1
0 -1 -1
3 7483 7487 7491
3 7484 7485 7486
0 0 -1
0 -1 0
0 1 -1
3 7488 7489 7490
0 0 0
0 0 0
0 1 -1
3 7492 7493 7494
0 0 0
0 -1 0
0 1 1
3 7496 7509 7522
3 7497 7501 7505
3 7498 7499 7500
0 1 0
0 1 0
0 0 -1
3 7502 7503 7504
0 1 0
0 1 0
0 1 -1
3 7506 7507 7508
0 0 1
0 -1 1
0 1 1
3 7510 7514 7518
3 7511 7512 7513
0 1 1
0 -1 -1
0 -1 1
3 7515 7516 7517
0 1 -1
0 1 -1
0 1 0
3 7519 7520 7521
0 0 -1
0 1 0
0 0 -1
3 7523 7527 7531
3 7524 7525 7526
0 0 1
0 -1 0
0 1 1
3 7528 7529 7530
0 1 0
0 1 1
0 -1 -1
3 7532 7533 7534
0 1 0
0 -1 0
0 -1 -1
3 7536 7576 7616
3 7537 7550 7563
3 7538 7542 7546
3 7539 7540 7541
0 0 0
0 -1 0
0 1 0
3 7543 7544 7545
0 -1 0
0 1 0
0 1 0
3 7547 7548 7549
0 -1 -1
0 -1 1
0 -1 -1
3 7551 7555 7559
3 7552 7553 7554
0 1 -1
0 1 -1
0 0 1
3 7556 7557 7558
0 1 -1
0 -1 -1
0 1 1
3 7560 7561 7562
0 -1 1
0 -1 -1
0 0 0
3 7564 7568 7572
3 7565 7566 7567
0 0 -1
0 -1 -1
0 1 -1
3 7569 7570 7571
0 0 -1
0 -1 0
0 -1 1
3 7573 7574 7575
0 0 1
0 0 -1
0 -1 1
3 7577 7590 7603
3 7578 7582 7586
3 7579 7580 7581
0 0 1
0 0 1
0 -1 0
3 7583 7584 7585
0 0 0
0 1 1
0 -1 0
3 7587 7588 7589
0 0 1
0 0 -1
0 1 1
3 7591 7595 7599
3 7592 7593 7594
0 0 0
0 0 0
0 -1 0
3 7596 7597 7598
0 -1 0
0 0 -1
0 0 1
3 7600 7601 7602
0 1 -1
0 1 -1
0 -1 0
3 7604 7608 7612
3 7605 7606 7607
0 -1 0
0 -1 1
0 -1 1
3 7609 7610 7611
0 -1 -1
0 1 0
0 -1 1
3 7613 7614 7615
0 1 1
0 1 -1
0 -1 -1
3 7617 7630 7643
3 7618 7622 7626
3 7619 7620 7621
0 0 1
0 1 1
0 -1 1
3 7623 7624 7625
0 0 -1
0 0 0
0 0 0
3 7627 7628 7629
0 1 -1
0 1 -1
0 0 1
3 7631 7635 7639
3 7632 7633 7634
0 -1 -1
0 0 0
0 0 0
3 7636 7637 7638
0 0 1
0 1 1
0 0 0
3 7640 7641 7642
0 0 0
0 -1 1
0 -1 1
3 7644 7648 7652
3 7645 7646 7647
0 1 1
0 0 -1
0 -1 1
3 7649 7650 7651
0 1 -1
0 0 0
0 1 1
3 7653 7654 7655
0 1 1
0 0 1
0 0 -1
3 7657 8021 8385
3 7658 7779 7900
3 7659 7699 7739
3 7660 7673 7686
3 7661 7665 7669
3 7662 7663 7664
0 1 -1
0 -1 1
0 1 1
3 7666 7667 7668
0 1 0
0 -1 -1
0 -1 -1
3 7670 7671 7672
0 0 -1
0 1 0
0 -1 1
3 7674 7678 7682
3 7675 7676 7677
0 -1 -1
0 -1 1
0 -1 1
3 7679 7680 7681
0 1 1
0 -1 0
0 0 1
3 7683 7684 7685
0 1 -1
0 1 -1
0 -1 -1
3 7687 7691 7695
3 7688 7689 7690
0 1 0
0 -1 -1
0 1 0
3 7692 7693 7694
0 1 -1
0 1 1
0 1 -1
3 7696 7697 7698
0 0 1
0 0 -1
0 1 1
3 7700 7713 7726
3 7701 7705 7709
3 7702 7703 7704
0 1 1
0 1 0
0 -1 0
3 7706 7707 7708
0 0 0
0 -1 0
0 0 1
3 7710 7711 7712
0 -1 -1
0 0 -1
0 -1 0
3 7714 7718 7722
3 7715 7716 7717
0 -1 0
0 1 -1
0 1 0
3 7719 7720 7721
0 0 1
0 -1 0
0 0 -1
3 7723 7724 7725
0 0 1
0 0 1
0 -1 0
3 7727 7731 7735
3 7728 7729 7730
0 1 -1
0 0 -1
0 -1 0
3 7732 7733 7734
0 -1 -1
0 1 -1
0 1 0
3 7736 7737 7738
0 -1 -1
0 1 -1
0 1 -1
3 7740 7753 7766
3 7741 7745 7749
3 7742 7743 7744
0 0 1
0 -1 1
0 -1 0
3 7746 7747 7748
0 1 -1
0 1 0
0 1 1
3 7750 7751 7752
0 -1 0
0 -1 0
0 -1 0
3 7754 7758 7762
3 7755 7756 7757
0 -1 0
0 -1 0
0 -1 0
3 7759 7760 7761
0 -1 -1
0 1 -1
0 -1 -1
3 7763 7764 7765
0 1 -1
0 1 1
0 -1 -1
3 7767 7771 7775
3 7768 7769 7770
0 0 1
0 0 0
0 -1 0
3 7772 7773 7774
0 1 -1
0 0 -1
0 -1 -1
3 7776 7777 7778
0 0 -1
0 -1 -1
0 -1 1
3 7780 7820 7860
3 7781 7794 7807
3 7782 7786 7790
3 7783 7784 7785
0 -1 -1
0 -1 1
0 -1 1
3 7787 7788 7789
0 -1 -1
0 0 1
0 1 -1
3 7791 7792 7793
0 -1 -1
0 -1 1
0 -1 1
3 7795 7799 7803
3 7796 7797 7798
0 -1 0
0 -1 1
0 1 0
3 7800 7801 7802
0 -1 -1
0 1 0
0 0 0
3 7804 7805 7806
0 0 -1
0 0 1
0 -1 -1
3 7808 7812 7816
3 7809 7810 7811
0 0 0
0 0 1
0 0 1
3 7813 7814 7815
0 1 1
0 -1 1
0 0 1
3 7817 7818 7819
0 0 0
0 0 1
0 1 1
3 7821 7834 7847
3 7822 7826 7830
3 7823 7824 7825
0 0 1
0 0 -1
0 0 0
3 7827 7828 7829
0 0 1
0 -1 -1
0 -1 -1
3 7831 7832 7833
0 1 -1
0 -1 0
0 0 0
3 7835 7839 7843
3 7836 7837 7838
0 1 0
0 0 1
0 -1 0
3 7840 7841 7842
0 -1 1
0 0 -1
0 -1 0
3 7844 7845 7846
0 1 0
0 -1 1
0 -1 0
3 7848 7852 7856
3 7849 7850 7851
0 -1 -1
0 0 -1
0 -1 0
3 7853 7854 7855
0 0 0
0 -1 -1
0 0 0
3 7857 7858 7859
0 -1 0
0 -1 -1
0 -1 0
3 7861 7874 7887
3 7862 7866 7870
3 7863 7864 7865
0 -1 1
0 0 0
0 0 1
3 7867 7868 7869
0 0 0
0 0 -1
0 1 -1
3 7871 7872 7873
0 1 1
0 -1 1
0 -1 0
3 7875 7879 7883
3 7876 7877 7878
0 0 -1
0 0 0
0 -1 1
3 7880 7881 7882
0 0 0
0 0 1
0 0 0
3 7884 7885 7886
0 -1 0
0 1 1
0 1 1
3 7888 7892 7896
3 7889 7890 7891
0 1 1
0 0 0
0 -1 0
3 7893 7894 7895
0 1 0
0 1 0
0 -1 -1
3 7897 7898 7899
0 0 1
0 0 0
0 1 -1
3 7901 7941 7981
3 7902 7915 7928
3 7903 7907 7911
3 7904 7905 7906
0 1 1
0 0 0
0 0 1
3 7908 7909 7910
0 -1 -1
0 1 0
0 0 0
3 7912 7913 7914
0 1 -1
0 0 1
0 -1 1
3 7916 7920 7924
3 7917 7918 7919
0 -1 1
0 0 0
0 -1 0
3 7921 7922 7923
0 -1 0
0 0 0
0 0 1
3 7925 7926 7927
0 1 -1
0 -1 0
0 0 1
3 7929 7933 7937
3 7930 7931 7932
0 0 1
0 1 0
0 1 0
3 7934 7935 7936
0 0 0
0 0 0
0 0 0
3 7938 7939 7940
0 1 -1
0 1 0
0 -1 -1
3 7942 7955 7968
3 7943 7947 7951
3 7944 7945 7946
0 -1 1
0 1 -1
0 1 1
3 7948 7949 7950
0 0 1
0 1 0
0 -1 1
3 7952 7953 7954
0 1 -1
0 0 0
0 0 0
3 7956 7960 7964
3 7957 7958 7959
0 0 -1
0 -1 -1
0 -1 0
3 7961 7962 7963
0 -1 0
0 -1 1
0 -1 0
3 7965 7966 7967
0 1 -1
0 -1 -1
0 0 -1
3 7969 7973 7977
3 7970 7971 7972
0 1 1
0 0 -1
0 1 1
3 7974 7975 7976
0 1 -1
0 -1 0
0 1 0
3 7978 7979 7980
0 0 1
0 1 0
0 -1 1
3 7982 7995 8008
3 7983 7987 7991
3 7984 7985 7986
0 0 1
0 0 0
0 -1 1
3 7988 7989 7990
0 1 0
0 -1 -1
0 0 -1
3 7992 7993 7994
0 1 1
0 1 0
0 0 -1
3 7996 8000 8004
3 7997 7998 7999
0 0 -1
0 0 1
0 0 0
3 8001 8002 8003
0 0 1
0 1 1
0 0 -1
3 8005 8006 8007
0 -1 1
0 1 -1
0 -1 -1
3 8009 8013 8017
3 8010 8011 8012
0 1 0
0 -1 -1
0 -1 1
3 8014 8015 8016
0 1 -1
0 -1 1
0 -1 1
3 8018 8019 8020
0 0 0
0 -1 -1
0 0 1
3 8022 8143 8264
3 8023 8063 8103
3 8024 8037 8050
3 8025 8029 8033
3 8026 8027 8028
0 0 0
0 -1 0
0 0 -1
3 8030 8031 8032
0 0 0
0 0 0
0 0 0
3 8034 8035 8036
0 1 -1
0 0 0
0 1 1
3 8038 8042 8046
3 8039 8040 8041
0 -1 -1
0 0 -1
0 -1 -1
3 8043 8044 8045
0 1 -1
0 0 -1
0 -1 1
3 8047 8048 8049
0 -1 0
0 0 0
0 0 0
3 8051 8055 8059
3 8052 8053 8054
0 0 0
0 -1 1
0 -1 1
3 8056 8057 8058
0 -1 0
0 -1 1
0 -1 -1
3 8060 8061 8062
0 0 1
0 1 -1
0 0 -1
3 8064 8077 8090
3 8065 8069 8073
3 8066 8067 8068
0 0 -1
0 -1 0
0 -1 1
3 8070 8071 8072
0 -1 1
0 0 -1
0 0 0
3 8074 8075 8076
0 -1 -1
0 1 0
0 -1 1
3 8078 8082 8086
3 8079 8080 8081
0 0 -1
0 -1 -1
0 0 -1
3 8083 8084 8085
0 0 1
0 0 -1
0 0 -1
3 8087 8088 8089
0 -1 0
0 0 -1
0 -1 0
3 8091 8095 8099
3 8092 8093 8094
0 1 -1
0 -1 1
0 -1 1
3 8096 8097 8098
0 0 1
0 0 1
0 0 0
3 8100 8101 8102
0 -1 0
0 -1 1
0 0 0
3 8104 8117 8130
3 8105 8109 8113
3 8106 8107 8108
0 0 1
0 1 0
0 -1 0
3 8110 8111 8112
0 1 0
0 1 0
0 0 -1
3 8114 8115 8116
0 0 0
0 1 0
0 1 1
3 8118 8122 8126
3 8119 8120 8121
0 -1 -1
0 1 0
0 -1 -1
3 8123 8124 8125
0 -1 -1
0 1 -1
0 0 -1
3 8127 8128 8129
0 -1 0
0 1 0
0 0 -1
3 8131 8135 8139
3 8132 8133 8134
0 -1 -1
0 1 -1
0 0 -1
3 8136 8137 8138
0 -1 1
0 0 -1
0 1 -1
3 8140 8141 8142
0 1 -1
0 0 -1
0 -1 -1
3 8144 8184 8224
3 8145 8158 8171
3 8146 8150 8154
3 8147 8148 8149
0 1 0
0 0 1
0 -1 -1
3 8151 8152 8153
0 1 1
0 -1 0
0 1 -1
3 8155 8156 8157
0 1 0
0 -1 -1
0 0 0
3 8159 8163 8167
3 8160 8161 8162
0 0 0
0 1 0
0 1 1
3 8164 8165 8166
0 1 0
0 0 0
0 0 1
3 8168 8169 8170
0 0 1
0 0 0
0 1 1
3 8172 8176 8180
3 8173 8174 8175
0 1 -1
0 1 -1
0 -1 1
3 8177 8178 8179
0 -1 1
0 0 -1
0 1 1
3 8181 8182 8183
0 -1 -1
0 1 1
0 0 0
3 8185 8198 8211
3 8186 8190 8194
3 8187 8188 8189
0 1 1
0 -1 -1
0 -1 0
3 8191 8192 8193
0 0 0
0 0 -1
0 0 1
3 8195 8196 8197
0 1 -1
0 0 1
0 1 -1
3 8199 8203 8207
3 8200 8201 8202
0 -1 0
0 1 1
0 1 1
3 8204 8205 8206
0 1 0
0 1 -1
0 1 0
3 8208 8209 8210
0 0 1
0 0 1
0 1 1
3 8212 8216 8220
3 8213 8214 8215
0 -1 -1
0 0 -1
0 0 0
3 8217 8218 8219
0 0 1
0 1 -1
0 1 -1
3 8221 8222 8223
0 -1 -1
0 -1 -1
0 1 0
3 8225 8238 8251
3 8226 8230 8234
3 8227 8228 8229
0 -1 0
0 0 0
0 0 -1
3 8231 8232 8233
0 1 1
0 1 1
0 -1 1
3 8235 8236 8237
0 1 1
0 1 -1
0 -1 -1
3 8239 8243 8247
3 8240 8241 8242
0 -1 0
0 -1 0
0 -1 -1
3 8244 8245 8246
0 0 1
0 0 1
0 -1 -1
3 8248 8249 8250
0 1 1
0 1 0
0 -1 1
3 8252 8256 8260
3 8253 8254 8255
0 0 0
0 0 1
0 1 0
3 8257 8258 8259
0 0 1
0 1 1
0 -1 0
3 8261 8262 8263
0 1 -1
0 1 -1
0 -1 -1
3 8265 8305 8345
3 8266 8279 8292
3 8267 8271 8275
3 8268 8269 8270
0 0 1
0 -1 1
0 1 0
3 8272 8273 8274
0 0 1
0 0 1
0 0 0
3 8276 8277 8278
0 0 -1
0 0 0
0 0 0
3 8280 8284 8288
3 8281 8282 8283
0 0 0
0 -1 -1
0 -1 -1
3 8285 8286 8287
0 1 1
0 0 -1
0 0 1
3 8289 8290 8291
0 0 -1
0 0 0
0 1 1
3 8293 8297 8301
3 8294 8295 8296
0 -1 -1
0 -1 1
0 0 -1
3 8298 8299 8300
0 0 1
0 0 0
0 0 -1
3 8302 8303 8304
0 1 -1
0 1 1
0 1 1
3 8306 8319 8332
3 8307 8311 8315
3 8308 8309 8310
0 0 1
0 0 1
0 -1 0
3 8312 8313 8314
0 1 -1
0 -1 1
0 -1 1
3 8316 8317 8318
0 1 0
0 -1 -1
0 1 1
3 8320 8324 8328
3 8321 8322 8323
0 0 -1
0 1 -1
0 -1 1
3 8325 8326 8327
0 0 0
0 0 -1
0 1 1
3 8329 8330 8331
0 -1 0
0 1 0
0 -1 0
3 8333 8337 8341
3 8334 8335 8336
0 -1 1
0 -1 0
0 -1 -1
3 8338 8339 8340
0 -1 1
0 -1 -1
0 -1 -1
3 8342 8343 8344
0 0 -1
0 0 0
0 1 0
3 8346 8359 8372
3 8347 8351 8355
3 8348 8349 8350
0 0 -1
0 0 0
0 1 1
3 8352 8353 8354
0 -1 0
0 1 1
0 0 -1
3 8356 8357 8358
0 1 -1
0 1 0
0 -1 -1
3 8360 8364 8368
3 8361 8362 8363
0 -1 -1
0 -1 1
0 -1 0
3 8365 8366 8367
0 0 0
0 1 1
0 -1 -1
3 8369 8370 8371
0 -1 1
0 0 1
0 0 0
3 8373 8377 8381
3 8374 8375 8376
0 1 -1
0 -1 1
0 0 -1
3 8378 8379 8380
0 -1 1
0 0 1
0 0 0
3 8382 8383 8384
0 0 0
0 0 1
0 -1 1
3 8386 8507 8628
3 8387 8427 8467
3 8388 8401 8414
3 8389 8393 8397
3 8390 8391 8392
0 1 1
0 0 0
0 0 0
3 8394 8395 8396
0 1 1
0 -1 0
0 0 -1
3 8398 8399 8400
0 -1 -1
0 1 1
0 -1 -1
3 8402 8406 8410
3 8403 8404 8405
0 0 1
0 1 1
0 -1 0
3 8407 8408 8409
0 0 -1
0 1 0
0 1 -1
3 8411 8412 8413
0 0 0
0 -1 -1
0 0 -1
3 8415 8419 8423
3 8416 8417 8418
0 -1 1
0 1 -1
0 0 1
3 8420 8421 8422
0 -1 0
0 1 1
0 0 -1
3 8424 8425 8426
0 1 0
0 1 -1
0 1 -1
3 8428 8441 8454
3 8429 8433 8437
3 8430 8431 8432
0 1 1
0 1 0
0 0 -1
3 8434 8435 8436
0 0 -1
0 -1 1
0 1 1
3 8438 8439 8440
0 -1 0
0 -1 1
0 0 -1
3 8442 8446 8450
3 8443 8444 8445
0 1 -1
0 1 -1
0 -1 -1
3 8447 8448 8449
0 1 -1
0 -1 -1
0 0 1
3 8451 8452 8453
0 0 1
0 -1 0
0 1 -1
3 8455 8459 8463
3 8456 8457 8458
0 1 0
0 -1 1
0 -1 -1
3 8460 8461 8462
0 0 -1
0 1 0
0 -1 0
3 8464 8465 8466
0 0 0
0 0 1
0 1 0
3 8468 8481 8494
3 8469 8473 8477
3 8470 8471 8472
0 -1 0
0 1 0
0 -1 1
3 8474 8475 8476
0 0 0
0 -1 0
0 1 0
3 8478 8479 8480
0 -1 -1
0 -1 -1
0 0 -1
3 8482 8486 8490
3 8483 8484 8485
0 1 1
0 0 -1
0 -1 -1
3 8487 8488 8489
0 0 0
0 -1 0
0 -1 -1
3 8491 8492 8493
0 -1 -1
0 0 0
0 -1 -1
3 8495 8499 8503
3 8496 8497 8498
0 0 1
0 -1 0
0 -1 1
3 8500 8501 8502
0 -1 1
0 -1 0
0 -1 0
3 8504 8505 8506
0 -1 1
0 1 -1
0 -1 1
3 8508 8548 8588
3 8509 8522 8535
3 8510 8514 8518
3 8511 8512 8513
0 1 0
0 0 1
0 -1 1
3 8515 8516 8517
0 0 0
0 -1 0
0 1 -1
3 8519 8520 8521
0 1 -1
0 1 1
0 -1 0
3 8523 8527 8531
3 8524 8525 8526
0 1 1
0 1 1
0 -1 1
3 8528 8529 8530
0 -1 0
0 1 1
0 -1 -1
3 8532 8533 8534
0 1 -1
0 0 0
0 1 0
3 8536 8540 8544
3 8537 8538 8539
0 -1 -1
0 -1 -1
0 -1 1
3 8541 8542 8543
0 -1 1
0 1 0
0 0 -1
3 8545 8546 8547
0 1 0
0 0 0
0 -1 0
3 8549 8562 8575
3 8550 8554 8558
3 8551 8552 8553
0 1 -1
0 0 -1
0 1 0
3 8555 8556 8557
0 0 1
0 1 -1
0 1 -1
3 8559 8560 8561
0 -1 -1
0 1 1
0 0 0
3 8563 8567 8571
3 8564 8565 8566
0 -1 1
0 -1 0
0 1 0
3 8568 8569 8570
0 -1 0
0 -1 1
0 1 -1
3 8572 8573 8574
0 -1 -1
0 1 1
0 -1 1
3 8576 8580 8584
3 8577 8578 8579
0 1 -1
0 1 -1
0 -1 -1
3 8581 8582 8583
0 1 -1
0 -1 -1
0 -1 1
3 8585 8586 8587
0 -1 -1
0 -1 1
0 -1 0
3 8589 8602 8615
3 8590 8594 8598
3 8591 8592 8593
0 -1 1
0 0 -1
0 0 0
3 8595 8596 8597
0 -1 -1
0 0 1
0 1 0
3 8599 8600 8601
0 1 -1
0 0 1
0 -1 1
3 8603 8607 8611
3 8604 8605 8606
0 0 0
0 -1 1
0 1 0
3 8608 8609 8610
0 0 1
0 -1 -1
0 0 0
3 8612 8613 8614
0 -1 1
0 0 1
0 -1 0
3 8616 8620 8624
3 8617 8618 8619
0 -1 1
0 1 -1
0 0 -1
3 8621 8622 8623
0 -1 0
0 1 -1
0 1 0
3 8625 8626 8627
0 -1 1
0 -1 -1
0 0 1
3 8629 8669 8709
3 8630 8643 8656
3 8631 8635 8639
3 8632 8633 8634
0 0 0
0 0 0
0 -1 1
3 8636 8637 8638
0 1 -1
0 -1 0
0 1 0
3 8640 8641 8642
0 1 0
0 -1 0
0 1 -1
3 8644 8648 8652
3 8645 8646 8647
0 1 0
0 0 1
0 0 1
3 8649 8650 8651
0 1 -1
0 1 -1
0 0 1
3 8653 8654 8655
0 1 0
0 -1 1
0 1 -1
3 8657 8661 8665
3 8658 8659 8660
0 -1 -1
0 1 -1
0 -1 -1
3 8662 8663 8664
0 0 0
0 -1 0
0 -1 -1
3 8666 8667 8668
0 -1 1
0 1 -1
0 0 0
3 8670 8683 8696
3 8671 8675 8679
3 8672 8673 8674
0 1 1
0 -1 1
0 0 0
3 8676 8677 8678
0 1 1
0 -1 0
0 1 -1
3 8680 8681 8682
0 0 0
0 1 0
0 -1 -1
3 8684 8688 8692
3 8685 8686 8687
0 0 1
0 0 1
0 -1 0
3 8689 8690 8691
0 0 1
0 0 1
0 0 0
3 8693 8694 8695
0 -1 -1
0 0 1
0 -1 1
3 8697 8701 8705
3 8698 8699 8700
0 0 -1
0 0 0
0 -1 0
3 8702 8703 8704
0 0 0
0 1 0
0 1 0
3 8706 8707 8708
0 1 1
0 1 0
0 -1 0
3 8710 8723 8736
3 8711 8715 8719
3 8712 8713 8714
0 -1 0
0 1 -1
0 -1 0
3 8716 8717 8718
0 1 0
0 1 1
0 0 -1
3 8720 8721 8722
0 0 -1
0 0 1
0 1 0
3 8724 8728 8732
3 8725 8726 8727
0 1 -1
0 -1 0
0 0 -1
3 8729 8730 8731
0 0 1
0 -1 1
0 0 0
3 8733 8734 8735
0 0 -1
0 -1 0
0 0 1
3 8737 8741 8745
3 8738 8739 8740
0 -1 1
0 1 -1
0 1 1
3 8742 8743 8744
0 -1 -1
0 -1 -1
0 -1 0
3 8746 8747 8748
0 1 0
0 0 -1
0 1 0
3 8750 9114 9478
3 8751 8872 8993
3 8752 8792 8832
3 8753 8766 8779
3 8754 8758 8762
3 8755 8756 8757
0 -1 -1
0 0 -1
0 1 0
3 8759 8760 8761
0 -1 1
0 -1 -1
0 1 -1
3 8763 8764 8765
0 1 -1
0 0 0
0 1 -1
3 8767 8771 8775
3 8768 8769 8770
0 1 1
0 0 1
0 1 0
3 8772 8773 8774
0 0 -1
0 1 -1
0 0 0
3 8776 8777 8778
0 -1 0
0 0 -1
0 1 0
3 8780 8784 8788
3 8781 8782 8783
0 1 1
0 -1 -1
0 -1 -1
3 8785 8786 8787
0 1 1
0 -1 1
0 0 -1
3 8789 8790 8791
0 0 1
0 1 1
0 -1 -1
3 8793 8806 8819
3 8794 8798 8802
3 8795 8796 8797
0 1 0
0 -1 -1
0 -1 -1
3 8799 8800 8801
0 0 1
0 0 1
0 1 0
3 8803 8804 8805
0 0 -1
0 -1 1
0 0 1
3 8807 8811 8815
3 8808 8809 8810
0 -1 1
0 1 1
0 0 -1
3 8812 8813 8814
0 1 1
0 0 1
0 0 0
3 8816 8817 8818
0 0 0
0 -1 -1
0 0 1
3 8820 8824 8828
3 8821 8822 8823
0 0 -1
0 0 -1
0 -1 -1
3 8825 8826 8827
0 1 1
0 0 1
0 0 0
3 8829 8830 8831
0 -1 1
0 0 -1
0 0 0
3 8833 8846 8859
3 8834 8838 8842
3 8835 8836 8837
0 -1 1
0 0 1
0 0 0
3 8839 8840 8841
0 0 1
0 -1 1
0 -1 1
3 8843 8844 8845
0 -1 0
0 1 0
0 0 -1
3 8847 8851 8855
3 8848 8849 8850
0 -1 -1
0 1 0
0 0 1
3 8852 8853 8854
0 0 -1
0 1 0
0 -1 1
3 8856 8857 8858
0 1 0
0 1 1
0 1 0
3 8860 8864 8868
3 8861 8862 8863
0 1 1
0 -1 -1
0 0 1
3 8865 8866 8867
0 1 1
0 0 -1
0 -1 0
3 8869 8870 8871
0 1 -1
0 1 1
0 0 1
3 8873 8913 8953
3 8874 8887 8900
3 8875 8879 8883
3 8876 8877 8878
0 -1 0
0 0 1
0 -1 -1
3 8880 8881 8882
0 1 -1
0 0 -1
0 1 0
3 8884 8885 8886
0 1 -1
0 0 0
0 0 -1
3 8888 8892 8896
3 8889 8890 8891
0 -1 1
0 0 0
0 1 1
3 8893 8894 8895
0 0 1
0 0 -1
0 0 0
3 8897 8898 8899
0 1 1
0 0 1
0 -1 1
3 8901 8905 8909
3 8902 8903 8904
0 1 1
0 -1 -1
0 1 0
3 8906 8907 8908
0 1 0
0 0 -1
0 -1 0
3 8910 8911 8912
0 -1 -1
0 -1 -1
0 -1 0
3 8914 8927 8940
3 8915 8919 8923
3 8916 8917 8918
0 1 -1
0 1 0
0 -1 -1
3 8920 8921 8922
0 1 0
0 0 -1
0 1 -1
3 8924 8925 8926
0 -1 0
0 -1 1
0 1 0
3 8928 8932 8936
3 8929 8930 8931
0 0 -1
0 0 1
0 1 0
3 8933 8934 8935
0 1 -1
0 0 1
0 -1 1
3 8937 8938 8939
0 1 0
0 0 0
0 0 0
3 8941 8945 8949
3 8942 8943 8944
0 -1 1
0 -1 0
0 -1 0
3 8946 8947 8948
0 0 0
0 -1 1
0 0 0
3 8950 8951 8952
0 0 -1
0 -1 -1
0 0 0
3 8954 8967 8980
3 8955 8959 8963
3 8956 8957 8958
0 0 -1
0 0 -1
0 -1 -1
3 8960 8961 8962
0 -1 0
0 -1 -1
0 1 1
3 8964 8965 8966
0 -1 1
0 -1 0
0 0 -1
3 8968 8972 8976
3 8969 8970 8971
0 0 1
0 1 -1
0 1 1
3 8973 8974 8975
0 1 1
0 0 1
0 0 0
3 8977 8978 8979
0 0 -1
0 1 -1
0 1 1
3 8981 8985 8989
3 8982 8983 8984
0 0 1
0 -1 1
0 0 0
3 8986 8987 8988
0 0 1
0 0 1
0 0 0
3 8990 8991 8992
0 0 -1
0 -1 0
0 1 -1
3 8994 9034 9074
3 8995 9008 9021
3 8996 9000 9004
3 8997 8998 8999
0 0 1
0 1 0
0 1 1
3 9001 9002 9003
0 -1 1
0 -1 0
0 -1 0
3 9005 9006 9007
0 -1 1
0 0 -1
0 1 -1
3 9009 9013 9017
3 9010 9011 9012
0 0 0
0 1 -1
0 -1 -1
3 9014 9015 9016
0 -1 1
0 -1 0
0 0 -1
3 9018 9019 9020
0 0 0
0 0 -1
0 0 1
3 9022 9026 9030
3 9023 9024 9025
0 -1 -1
0 1 1
0 1 0
3 9027 9028 9029
0 -1 -1
0 0 -1
0 -1 -1
3 9031 9032 9033
0 1 0
0 1 1
0 -1 0
3 9035 9048 9061
3 9036 9040 9044
3 9037 9038 9039
0 -1 0
0 -1 -1
0 -1 -1
3 9041 9042 9043
0 0 1
0 -1 -1
0 1 1
3 9045 9046 9047
0 1 0
0 -1 1
0 0 0
3 9049 9053 9057
3 9050 9051 9052
0 -1 0
0 1 1
0 -1 -1
3 9054 9055 9056
0 1 1
0 -1 -1
0 1 -1
3 9058 9059 9060
0 1 0
0 1 -1
0 -1 0
3 9062 9066 9070
3 9063 9064 9065
0 -1 1
0 0 -1
0 1 0
3 9067 9068 9069
0 0 0
0 0 1
0 1 1
3 9071 9072 9073
0 0 0
0 0 1
0 0 1
3 9075 9088 9101
3 9076 9080 9084
3 9077 9078 9079
0 1 -1
0 -1 0
0 -1 1
3 9081 9082 9083
0 1 1
0 1 0
0 -1 -1
3 9085 9086 9087
0 0 -1
0 1 -1
0 0 0
3 9089 9093 9097
3 9090 9091 9092
0 1 -1
0 1 1
0 1 1
3 9094 9095 9096
0 -1 -1
0 -1 1
0 1 1
3 9098 9099 9100
0 -1 -1
0 0 1
0 0 -1
3 9102 9106 9110
3 9103 9104 9105
0 1 0
0 1 -1
0 1 0
3 9107 9108 9109
0 -1 -1
0 0 -1
0 1 -1
3 9111 9112 9113
0 1 1
0 -1 1
0 0 1
3 9115 9236 9357
3 9116 9156 9196
3 9117 9130 9143
3 9118 9122 9126
3 9119 9120 9121
0 -1 0
0 0 -1
0 0 0
3 9123 9124 9125
0 -1 1
0 1 1
0 1 0
3 9127 9128 9129
0 0 1
0 0 -1
0 0 1
3 9131 9135 9139
3 9132 9133 9134
0 0 1
0 0 0
0 0 -1
3 9136 9137 9138
0 -1 0
0 0 0
0 0 0
3 9140 9141 9142
0 0 0
0 -1 0
0 1 1
3 9144 9148 9152
3 9145 9146 9147
0 0 1
0 1 1
0 0 -1
3 9149 9150 9151
0 1 -1
0 -1 1
0 -1 -1
3 9153 9154 9155
0 0 0
0 1 0
0 -1 0
3 9157 9170 9183
3 9158 9162 9166
3 9159 9160 9161
0 -1 -1
0 1 0
0 0 1
3 9163 9164 9165
0 -1 -1
0 1 0
0 -1 -1
3 9167 9168 9169
0 1 -1
0 0 0
0 -1 -1
3 9171 9175 9179
3 9172 9173 9174
0 1 1
0 1 0
0 0 0
3 9176 9177 9178
0 1 0
0 0 1
0 0 0
3 9180 9181 9182
0 1 -1
0 -1 0
0 0 -1
3 9184 9188 9192
3 9185 9186 9187
0 -1 1
0 0 -1
0 -1 1
3 9189 9190 9191
0 0 0
0 0 1
0 -1 1
3 9193 9194 9195
0 1 0
0 0 -1
0 -1 1
3 9197 9210 9223
3 9198 9202 9206
3 9199 9200 9201
0 1 -1
0 1 -1
0 0 1
3 9203 9204 9205
0 -1 -1
0 1 1
0 0 1
3 9207 9208 9209
0 1 1
0 -1 -1
0 -1 -1
3 9211 9215 9219
3 9212 9213 9214
0 -1 1
0 0 -1
0 1 0
3 9216 9217 9218
0 -1 -1
0 0 1
0 1 0
3 9220 9221 9222
0 -1 1
0 -1 0
0 0 1
3 9224 9228 9232
3 9225 9226 9227
0 -1 -1
0 0 0
0 -1 0
3 9229 9230 9231
0 0 0
0 -1 0
0 -1 -1
3 9233 9234 9235
0 0 1
0 0 -1
0 1 -1
3 9237 9277 9317
3 9238 9251 9264
3 9239 9243 9247
3 9240 9241 9242
0 -1 -1
0 0 1
0 -1 0
3 9244 9245 9246
0 0 1
0 -1 0
0 -1 1
3 9248 9249 9250
0 1 -1
0 1 1
0 0 -1
3 9252 9256 9260
3 9253 9254 9255
0 1 0
0 1 1
0 1 1
3 9257 9258 9259
0 0 1
0 -1 0
0 0 -1
3 9261 9262 9263
0 1 1
0 0 1
0 0 1
3 9265 9269 9273
3 9266 9267 9268
0 1 -1
0 0 -1
0 -1 1
3 9270 9271 9272
0 0 0
0 0 1
0 1 1
3 9274 9275 9276
0 0 -1
0 -1 0
0 0 -1
3 9278 9291 9304
3 9279 9283 9287
3 9280 9281 9282
0 1 1
0 0 -1
0 -1 0
3 9284 9285 9286
0 0 1
0 1 1
0 -1 0
3 9288 9289 9290
0 0 1
0 -1 1
0 1 0
3 9292 9296 9300
3 9293 9294 9295
0 1 1
0 0 0
0 1 -1
3 9297 9298 9299
0 1 1
0 1 0
0 0 1
3 9301 9302 9303
0 -1 0
0 -1 -1
0 1 1
3 9305 9309 9313
3 9306 9307 9308
0 -1 1
0 0 1
0 -1 -1
3 9310 9311 9312
0 1 1
0 -1 0
0 -1 -1
3 9314 9315 9316
0 0 1
0 0 0
0 0 0
3 9318 9331 9344
3 9319 9323 9327
3 9320 9321 9322
0 1 0
0 0 -1
0 1 1
3 9324 9325 9326
0 1 1
0 0 0
0 0 -1
3 9328 9329 9330
0 1 0
0 1 1
0 0 1
3 9332 9336 9340
3 9333 9334 9335
0 -1 0
0 0 0
0 0 0
3 9337 9338 9339
0 1 -1
0 1 1
0 1 -1
3 9341 9342 9343
0 0 -1
0 -1 1
0 0 0
3 9345 9349 9353
3 9346 9347 9348
0 1 -1
0 -1 0
0 0 0
3 9350 9351 9352
0 -1 -1
0 1 0
0 -1 1
3 9354 9355 9356
0 -1 0
0 0 0
0 0 -1
3 9358 9398 9438
3 9359 9372 9385
3 9360 9364 9368
3 9361 9362 9363
0 1 -1
0 -1 0
0 -1 0
3 9365 9366 9367
0 0 -1
0 0 1
0 -1 -1
3 9369 9370 9371
0 -1 -1
0 -1 1
0 1 1
3 9373 9377 9381
3 9374 9375 9376
0 1 0
0 1 1
0 1 1
3 9378 9379 9380
0 1 0
0 1 0
0 0 -1
3 9382 9383 9384
0 0 0
0 1 0
0 0 1
3 9386 9390 9394
3 9387 9388 9389
0 -1 1
0 1 1
0 1 -1
3 9391 9392 9393
0 0 0
0 0 1
0 -1 0
3 9395 9396 9397
0 0 0
0 1 1
0 -1 -1
3 9399 9412 9425
3 9400 9404 9408
3 9401 9402 9403
0 1 0
0 0 -1
0 1 -1
3 9405 9406 9407
0 0 -1
0 0 -1
0 0 0
3 9409 9410 9411
0 0 1
0 1 -1
0 0 1
3 9413 9417 9421
3 9414 9415 9416
0 0 -1
0 1 -1
0 0 1
3 9418 9419 9420
0 0 1
0 -1 -1
0 -1 1
3 9422 9423 9424
0 1 1
0 0 -1
0 1 -1
3 9426 9430 9434
3 9427 9428 9429
0 0 -1
0 0 1
0 0 -1
3 9431 9432 9433
0 1 0
0 -1 0
0 -1 0
3 9435 9436 9437
0 1 0
0 0 0
0 -1 1
3 9439 9452 9465
3 9440 9444 9448
3 9441 9442 9443
0 0 0
0 -1 0
0 -1 0
3 9445 9446 9447
0 1 1
0 0 1
0 1 0
3 9449 9450 9451
0 0 1
0 -1 1
0 1 1
3 9453 9457 9461
3 9454 9455 9456
0 0 0
0 -1 0
0 -1 0
3 9458 9459 9460
0 0 0
0 0 1
0 0 -1
3 9462 9463 9464
0 -1 0
0 1 -1
0 -1 -1
3 9466 9470 9474
3 9467 9468 9469
0 -1 0
0 1 -1
0 -1 -1
3 9471 9472 9473
0 1 1
0 1 -1
0 1 1
3 9475 9476 9477
0 -1 0
0 1 1
0 -1 -1
3 9479 9600 9721
3 9480 9520 9560
3 9481 9494 9507
3 9482 9486 9490
3 9483 9484 9485
0 0 1
0 1 -1
0 1 -1
3 9487 9488 9489
0 1 1
0 -1 0
0 0 0
3 9491 9492 9493
0 -1 -1
0 1 -1
0 -1 -1
3 9495 9499 9503
3 9496 9497 9498
0 0 0
0 -1 -1
0 -1 1
3 9500 9501 9502
0 0 1
0 0 -1
0 1 0
3 9504 9505 9506
0 0 0
0 0 0
0 1 0
3 9508 9512 9516
3 9509 9510 9511
0 1 0
0 -1 1
0 1 0
3 9513 9514 9515
0 -1 -1
0 1 -1
0 -1 -1
3 9517 9518 9519
0 1 1
0 -1 1
0 1 0
3 9521 9534 9547
3 9522 9526 9530
3 9523 9524 9525
0 0 0
0 -1 0
0 1 -1
3 9527 9528 9529
0 -1 1
0 0 0
0 -1 1
3 9531 9532 9533
0 1 0
0 0 1
0 0 0
3 9535 9539 9543
3 9536 9537 9538
0 0 0
0 1 0
0 1 -1
3 9540 9541 9542
0 -1 1
0 1 -1
0 0 1
3 9544 9545 9546
0 0 0
0 1 -1
0 -1 1
3 9548 9552 9556
3 9549 9550 9551
0 0 0
0 -1 0
0 1 1
3 9553 9554 9555
0 0 1
0 -1 0
0 1 -1
3 9557 9558 9559
0 0 0
0 0 -1
0 1 0
3 9561 9574 9587
3 9562 9566 9570
3 9563 9564 9565
0 0 -1
0 0 1
0 0 0
3 9567 9568 9569
0 -1 1
0 0 0
0 -1 1
3 9571 9572 9573
0 -1 0
0 -1 -1
0 1 -1
3 9575 9579 9583
3 9576 9577 9578
0 -1 0
0 1 0
0 -1 -1
3 9580 9581 9582
0 -1 1
0 1 0
0 1 1
3 9584 9585 9586
0 -1 1
0 1 1
0 0 0
3 9588 9592 9596
3 9589 9590 9591
0 1 -1
0 0 1
0 -1 1
3 9593 9594 9595
0 1 0
0 1 1
0 -1 0
3 9597 9598 9599
0 0 0
0 1 1
0 0 0
3 9601 9641 9681
3 9602 9615 9628
3 9603 9607 9611
3 9604 9605 9606
0 -1 0
0 0 0
0 1 1
3 9608 9609 9610
0 0 1
0 0 1
0 1 1
3 9612 9613 9614
0 -1 0
0 -1 -1
0 1 0
3 9616 9620 9624
3 9617 9618 9619
0 0 1
0 1 0
0 -1 1
3 9621 9622 9623
0 0 0
0 1 1
0 0 1
3 9625 9626 9627
0 1 -1
0 1 1
0 0 0
3 9629 9633 9637
3 9630 9631 9632
0 -1 1
0 -1 -1
0 0 0
3 9634 9635 9636
0 1 0
0 0 -1
0 1 -1
3 9638 9639 9640
0 0 -1
0 0 -1
0 0 0
3 9642 9655 9668
3 9643 9647 9651
3 9644 9645 9646
0 0 -1
0 -1 1
0 1 -1
3 9648 9649 9650
0 1 -1
0 -1 -1
0 0 0
3 9652 9653 9654
0 -1 -1
0 -1 1
0 0 1
3 9656 9660 9664
3 9657 9658 9659
0 -1 -1
0 0 1
0 -1 0
3 9661 9662 9663
0 1 -1
0 -1 0
0 0 1
3 9665 9666 9667
0 1 0
0 1 0
0 -1 -1
3 9669 9673 9677
3 9670 9671 9672
0 -1 1
0 1 1
0 1 1
3 9674 9675 9676
0 0 -1
0 1 -1
0 -1 0
3 9678 9679 9680
0 1 0
0 0 -1
0 1 -1
3 9682 9695 9708
3 9683 9687 9691
3 9684 9685 9686
0 1 1
0 -1 1
0 1 1
3 9688 9689 9690
0 0 0
0 1 -1
0 1 1
3 9692 9693 9694
0 -1 -1
0 -1 -1
0 1 1
3 9696 9700 9704
3 9697 9698 9699
0 -1 0
0 0 0
0 0 -1
3 9701 9702 9703
0 1 0
0 0 -1
0 -1 1
3 9705 9706 9707
0 -1 1
0 0 -1
0 -1 0
3 9709 9713 9717
3 9710 9711 9712
0 1 0
0 1 -1
0 0 1
3 9714 9715 9716
0 0 1
0 0 0
0 0 1
3 9718 9719 9720
0 -1 0
0 -1 1
0 0 -1
3 9722 9762 9802
3 9723 9736 9749
3 9724 9728 9732
3 9725 9726 9727
0 0 1
0 0 -1
0 1 0
3 9729 9730 9731
0 1 -1
0 1 -1
0 -1 -1
3 9733 9734 9735
0 0 -1
0 1 0
0 1 -1
3 9737 9741 9745
3 9738 9739 9740
0 1 1
0 0 0
0 1 0
3 9742 9743 9744
0 1 1
0 -1 0
0 1 0
3 9746 9747 9748
0 1 1
0 1 -1
0 1 0
3 9750 9754 9758
3 9751 9752 9753
0 1 1
0 1 -1
0 0 1
3 9755 9756 9757
0 1 1
0 0 1
0 -1 1
3 9759 9760 9761
0 1 -1
0 0 0
0 -1 0
3 9763 9776 9789
3 9764 9768 9772
3 9765 9766 9767
0 -1 0
0 -1 -1
0 -1 -1
3 9769 9770 9771
0 -1 1
0 -1 -1
0 0 -1
3 9773 9774 9775
0 0 -1
0 -1 1
0 -1 -1
3 9777 9781 9785
3 9778 9779 9780
0 1 0
0 0 0
0 0 0
3 9782 9783 9784
0 -1 1
0 -1 0
0 -1 -1
3 9786 9787 9788
0 1 0
0 -1 0
0 0 0
3 9790 9794 9798
3 9791 9792 9793
0 -1 0
0 0 1
0 0 -1
3 9795 9796 9797
0 -1 1
0 0 0
0 -1 -1
3 9799 9800 9801
0 1 1
0 1 0
0 0 1
3 9803 9816 9829
3 9804 9808 9812
3 9805 9806 9807
0 -1 0
0 1 1
0 -1 -1
3 9809 9810 9811
0 0 -1
0 -1 0
0 -1 1
3 9813 9814 9815
0 1 0
0 0 -1
0 1 1
3 9817 9821 9825
3 9818 9819 9820
0 1 -1
0 -1 1
0 -1 -1
3 9822 9823 9824
0 1 0
0 -1 -1
0 1 -1
3 9826 9827 9828
0 -1 -1
0 0 -1
0 -1 0
3 9830 9834 9838
3 9831 9832 9833
0 -1 1
0 -1 0
0 0 1
3 9835 9836 9837
0 1 -1
0 0 1
0 0 1
3 9839 9840 9841
0 1 0
0 0 0
0 -1 -1
