10000
3 2 3335 6668
4 3 836 1669 2502
3 4 282 559
4 5 74 143 213
2 6 40
3 7 18 29
3 8 12 15
3 9 10 11
0 -1 1
0 0 1
0 1 -1
2 13 14
0 -1 0
0 1 -1
2 16 17
0 -1 1
0 1 0
2 19 24
2 20 21
0 1 0
2 22 23
0 0 0
0 -1 0
2 25 26
0 0 -1
2 27 28
0 1 -1
0 0 -1
3 30 34 37
3 31 32 33
0 -1 0
0 1 0
0 0 -1
2 35 36
0 -1 0
0 -1 0
2 38 39
0 1 1
0 0 -1
3 41 52 63
3 42 45 49
2 43 44
0 -1 0
0 1 -1
3 46 47 48
0 1 -1
0 0 1
0 -1 1
2 50 51
0 1 1
0 1 1
2 53 58
2 54 57
2 55 56
0 -1 -1
0 -1 -1
0 1 0
2 59 62
2 60 61
0 -1 0
0 -1 1
0 0 -1
2 64 69
2 65 68
2 66 67
0 -1 0
0 0 0
0 0 0
2 70 71
0 -1 0
2 72 73
0 0 0
0 1 -1
4 75 92 109 126
2 76 84
2 77 80
2 78 79
0 0 1
0 0 1
3 81 82 83
0 -1 -1
0 1 1
0 0 -1
2 85 88
2 86 87
0 0 -1
0 1 1
3 89 90 91
0 1 0
0 0 1
0 0 1
2 93 101
3 94 95 96
0 0 -1
0 -1 0
2 97 98
0 0 -1
2 99 100
0 1 0
0 1 1
2 102 105
2 103 104
0 -1 0
0 1 0
3 106 107 108
0 1 0
0 1 -1
0 0 1
4 110 114 118 122
3 111 112 113
0 -1 -1
0 -1 1
0 1 1
3 115 116 117
0 0 1
0 1 1
0 -1 1
3 119 120 121
0 1 0
0 0 1
0 1 0
3 123 124 125
0 0 0
0 1 0
0 0 0
4 127 131 135 139
3 128 129 130
0 -1 1
0 0 -1
0 1 -1
3 132 133 134
0 -1 -1
0 -1 1
0 0 0
3 136 137 138
0 -1 -1
0 1 1
0 1 -1
3 140 141 142
0 1 1
0 1 0
0 -1 -1
2 144 178
2 145 161
3 146 151 156
2 147 148
0 0 -1
2 149 150
0 1 -1
0 -1 -1
2 152 153
0 0 -1
2 154 155
0 -1 -1
0 0 1
2 157 160
2 158 159
0 -1 0
0 1 1
0 0 0
3 162 167 172
2 163 166
2 164 165
0 -1 0
0 1 0
0 1 1
2 168 169
0 0 -1
2 170 171
0 0 1
0 0 1
2 173 177
3 174 175 176
0 0 0
0 1 0
0 0 -1
0 0 -1
2 179 196
3 180 185 191
2 181 184
2 182 183
0 1 -1
0 -1 0
0 0 1
2 186 187
0 1 -1
3 188 189 190
0 1 0
0 1 1
0 0 1
2 192 193
0 0 1
2 194 195
0 0 -1
0 1 0
2 197 205
2 198 201
2 199 200
0 1 -1
0 0 -1
3 202 203 204
0 0 -1
0 0 1
0 -1 -1
2 206 210
3 207 208 209
0 1 -1
0 0 -1
0 0 0
2 211 212
0 1 0
0 0 1
2 214 248
2 215 232
2 216 224
3 217 218 219
0 1 -1
0 0 -1
2 220 223
2 221 222
0 1 0
0 1 1
0 0 1
2 225 229
3 226 227 228
0 -1 0
0 0 -1
0 1 -1
2 230 231
0 -1 1
0 0 1
4 233 239 242 245
2 234 235
0 0 1
3 236 237 238
0 -1 0
0 -1 1
0 1 -1
2 240 241
0 -1 0
0 0 -1
2 243 244
0 1 0
0 0 -1
2 246 247
0 -1 0
0 1 -1
3 249 260 271
2 250 255
2 251 252
0 1 1
2 253 254
0 0 0
0 1 -1
2 256 259
2 257 258
0 -1 1
0 1 1
0 -1 0
2 261 266
2 262 265
2 263 264
0 0 -1
0 -1 0
0 0 -1
2 267 268
0 1 1
2 269 270
0 0 -1
0 -1 1
4 272 273 274 275
0 0 -1
0 -1 -1
0 -1 -1
2 276 279
2 277 278
0 1 -1
0 0 -1
2 280 281
0 -1 1
0 -1 1
4 283 352 421 490
4 284 301 318 335
3 285 290 296
2 286 287
0 -1 0
2 288 289
0 -1 -1
0 0 -1
2 291 295
3 292 293 294
0 1 -1
0 1 0
0 0 0
0 -1 -1
2 297 300
2 298 299
0 -1 -1
0 -1 -1
0 -1 0
2 302 310
3 303 304 309
0 0 -1
2 305 306
0 -1 -1
2 307 308
0 0 1
0 0 -1
0 0 -1
2 311 314
2 312 313
0 1 0
0 1 -1
3 315 316 317
0 -1 0
0 1 -1
0 0 0
3 319 324 329
2 320 321
0 -1 0
2 322 323
0 0 1
0 1 0
2 325 326
0 0 1
2 327 328
0 -1 -1
0 1 -1
2 330 334
3 331 332 333
0 -1 0
0 1 -1
0 1 0
0 0 1
2 336 344
3 337 342 343
2 338 339
0 -1 0
2 340 341
0 1 -1
0 -1 0
0 0 0
0 -1 -1
3 345 346 351
0 -1 1
2 347 350
2 348 349
0 0 -1
0 1 -1
0 0 -1
0 -1 -1
3 353 377 399
4 354 359 367 372
2 355 356
0 0 -1
2 357 358
0 1 1
0 -1 1
2 360 364
3 361 362 363
0 -1 0
0 1 1
0 1 -1
2 365 366
0 -1 -1
0 0 1
2 368 371
2 369 370
0 0 1
0 1 0
0 -1 0
2 373 376
2 374 375
0 0 -1
0 -1 1
0 -1 0
2 378 389
2 379 384
2 380 383
2 381 382
0 1 0
0 -1 0
0 0 0
2 385 386
0 -1 1
2 387 388
0 -1 0
0 0 0
4 390 396 397 398
2 391 395
3 392 393 394
0 1 -1
0 1 -1
0 1 0
0 1 -1
0 1 0
0 -1 -1
0 1 0
3 400 407 414
2 401 404
2 402 403
0 0 -1
0 1 1
2 405 406
0 1 0
0 -1 -1
2 408 411
2 409 410
0 -1 0
0 1 0
2 412 413
0 1 0
0 0 0
2 415 418
2 416 417
0 1 0
0 0 1
2 419 420
0 0 0
0 0 1
2 422 456
2 423 440
2 424 432
2 425 429
3 426 427 428
0 0 0
0 1 0
0 -1 -1
2 430 431
0 1 0
0 0 0
3 433 434 439
0 -1 -1
2 435 438
2 436 437
0 1 1
0 0 0
0 -1 -1
0 1 1
4 441 444 447 450
2 442 443
0 1 1
0 -1 -1
2 445 446
0 -1 0
0 0 1
2 448 449
0 0 -1
0 0 0
2 451 452
0 -1 0
3 453 454 455
0 -1 0
0 -1 1
0 0 0
2 457 473
3 458 463 468
2 459 462
2 460 461
0 -1 1
0 1 0
0 1 0
2 464 467
2 465 466
0 -1 -1
0 -1 0
0 0 1
2 469 470
0 -1 1
2 471 472
0 1 0
0 0 -1
2 474 482
2 475 479
3 476 477 478
0 0 1
0 0 0
0 1 -1
2 480 481
0 1 0
0 1 1
2 483 486
2 484 485
0 1 1
0 0 0
3 487 488 489
0 -1 -1
0 1 1
0 1 1
2 491 525
3 492 503 514
2 493 498
2 494 495
0 1 1
2 496 497
0 1 0
0 1 0
2 499 500
0 0 1
2 501 502
0 -1 1
0 1 -1
2 504 509
2 505 508
2 506 507
0 -1 1
0 0 -1
0 1 1
2 510 511
0 0 0
2 512 513
0 1 -1
0 1 -1
3 515 519 522
3 516 517 518
0 0 -1
0 0 1
0 1 -1
2 520 521
0 -1 1
0 1 -1
2 523 524
0 -1 0
0 -1 1
2 526 543
3 527 533 538
2 528 529
0 -1 0
3 530 531 532
0 1 0
0 0 0
0 -1 0
2 534 537
2 535 536
0 0 0
0 -1 -1
0 -1 0
2 539 542
2 540 541
0 -1 0
0 1 0
0 1 1
4 544 550 553 556
2 545 546
0 0 1
3 547 548 549
0 0 1
0 1 0
0 -1 1
2 551 552
0 -1 0
0 0 -1
2 554 555
0 0 -1
0 1 -1
2 557 558
0 0 -1
0 1 1
3 560 652 744
2 561 606
4 562 573 584 595
2 563 568
2 564 567
2 565 566
0 0 1
0 -1 0
0 1 -1
2 569 570
0 -1 -1
2 571 572
0 1 -1
0 0 1
2 574 579
2 575 576
0 1 -1
2 577 578
0 -1 1
0 0 0
2 580 583
2 581 582
0 -1 -1
0 1 -1
0 1 1
3 585 588 592
2 586 587
0 -1 0
0 -1 -1
3 589 590 591
0 -1 1
0 0 -1
0 1 0
2 593 594
0 1 -1
0 1 0
2 596 601
2 597 600
2 598 599
0 0 -1
0 0 -1
0 1 0
2 602 605
2 603 604
0 0 0
0 0 1
0 0 0
4 607 618 630 641
3 608 612 615
3 609 610 611
0 1 0
0 0 0
0 1 0
2 613 614
0 0 1
0 0 -1
2 616 617
0 1 0
0 -1 1
4 619 620 621 622
0 0 0
0 1 1
0 -1 1
2 623 626
2 624 625
0 0 0
0 0 -1
3 627 628 629
0 1 0
0 0 0
0 0 1
2 631 636
2 632 633
0 1 -1
2 634 635
0 1 1
0 1 1
2 637 638
0 0 0
2 639 640
0 -1 -1
0 0 0
4 642 643 650 651
0 0 -1
2 644 647
2 645 646
0 1 1
0 -1 1
2 648 649
0 1 1
0 -1 -1
0 -1 -1
0 -1 -1
4 653 675 700 722
3 654 661 668
2 655 658
2 656 657
0 1 -1
0 -1 1
2 659 660
0 1 0
0 0 0
2 662 665
2 663 664
0 0 -1
0 0 0
2 666 667
0 1 -1
0 0 0
2 669 672
2 670 671
0 -1 1
0 0 -1
2 673 674
0 1 1
0 -1 1
2 676 688
2 677 683
2 678 682
3 679 680 681
0 0 1
0 1 0
0 0 -1
0 1 1
2 684 687
2 685 686
0 -1 1
0 0 0
0 1 0
3 689 692 697
2 690 691
0 1 -1
0 1 1
2 693 694
0 0 -1
2 695 696
0 0 0
0 1 0
2 698 699
0 0 -1
0 -1 0
3 701 708 715
2 702 705
2 703 704
0 1 -1
0 1 1
2 706 707
0 1 0
0 1 1
2 709 712
2 710 711
0 0 -1
0 0 0
2 713 714
0 1 0
0 1 1
2 716 719
2 717 718
0 1 1
0 -1 0
2 720 721
0 0 1
0 -1 0
3 723 730 737
2 724 727
2 725 726
0 0 1
0 1 1
2 728 729
0 -1 1
0 -1 1
2 731 734
2 732 733
0 0 -1
0 -1 0
2 735 736
0 0 0
0 -1 1
2 738 741
2 739 740
0 1 0
0 1 0
2 742 743
0 0 1
0 0 -1
2 745 790
2 746 768
3 747 754 761
2 748 751
2 749 750
0 -1 -1
0 0 0
2 752 753
0 0 0
0 0 1
2 755 758
2 756 757
0 1 0
0 -1 -1
2 759 760
0 0 -1
0 0 -1
2 762 765
2 763 764
0 -1 -1
0 0 -1
2 766 767
0 1 -1
0 1 1
4 769 774 779 785
2 770 771
0 0 1
2 772 773
0 1 0
0 -1 1
2 775 778
2 776 777
0 -1 1
0 1 1
0 -1 1
2 780 781
0 1 0
3 782 783 784
0 -1 1
0 1 1
0 -1 -1
2 786 787
0 1 0
2 788 789
0 1 0
0 0 1
4 791 802 814 825
3 792 795 798
2 793 794
0 -1 0
0 0 0
2 796 797
0 0 0
0 1 0
3 799 800 801
0 1 -1
0 -1 1
0 1 1
2 803 808
2 804 807
2 805 806
0 -1 0
0 -1 -1
0 0 0
2 809 810
0 0 -1
3 811 812 813
0 1 0
0 1 -1
0 -1 -1
4 815 816 823 824
0 0 1
2 817 820
2 818 819
0 0 0
0 -1 0
2 821 822
0 0 0
0 -1 -1
0 0 0
0 -1 -1
4 826 827 834 835
0 -1 1
2 828 831
2 829 830
0 1 -1
0 0 0
2 832 833
0 1 1
0 0 0
0 0 -1
0 0 1
4 837 1045 1253 1461
4 838 892 943 994
3 839 856 875
3 840 846 851
2 841 842
0 0 -1
3 843 844 845
0 -1 -1
0 1 -1
0 -1 1
2 847 850
2 848 849
0 0 -1
0 1 0
0 -1 0
2 852 855
2 853 854
0 0 1
0 0 -1
0 -1 -1
4 857 861 867 871
3 858 859 860
0 1 1
0 -1 -1
0 1 -1
2 862 863
0 1 -1
3 864 865 866
0 0 1
0 -1 0
0 0 1
3 868 869 870
0 0 1
0 0 -1
0 -1 1
3 872 873 874
0 0 -1
0 -1 0
0 -1 0
2 876 884
2 877 881
3 878 879 880
0 1 0
0 -1 0
0 0 1
2 882 883
0 -1 0
0 1 1
2 885 888
2 886 887
0 1 0
0 -1 1
3 889 890 891
0 1 -1
0 -1 0
0 0 1
3 893 909 925
2 894 902
2 895 899
3 896 897 898
0 1 1
0 1 1
0 0 1
2 900 901
0 -1 1
0 -1 1
2 903 906
2 904 905
0 1 -1
0 0 0
2 907 908
0 1 -1
0 0 1
2 910 918
3 911 912 917
0 0 1
2 913 916
2 914 915
0 0 1
0 0 -1
0 -1 -1
0 0 0
2 919 922
2 920 921
0 1 -1
0 0 1
2 923 924
0 0 1
0 -1 -1
4 926 931 935 939
2 927 930
2 928 929
0 0 -1
0 0 1
0 1 -1
3 932 933 934
0 0 1
0 0 -1
0 1 1
3 936 937 938
0 1 -1
0 -1 0
0 1 0
3 940 941 942
0 0 -1
0 -1 1
0 -1 -1
2 944 969
4 945 951 957 963
2 946 950
3 947 948 949
0 1 0
0 1 -1
0 1 -1
0 -1 0
2 952 956
3 953 954 955
0 1 0
0 0 -1
0 -1 1
0 -1 -1
2 958 962
3 959 960 961
0 0 1
0 -1 0
0 1 -1
0 -1 0
2 964 968
3 965 966 967
0 -1 -1
0 1 -1
0 0 -1
0 0 -1
2 970 982
2 971 977
2 972 976
3 973 974 975
0 -1 -1
0 1 0
0 0 0
0 1 1
2 978 981
2 979 980
0 -1 0
0 1 0
0 0 -1
3 983 986 991
2 984 985
0 -1 1
0 0 -1
2 987 988
0 1 0
2 989 990
0 1 1
0 1 -1
2 992 993
0 1 1
0 -1 1
3 995 1011 1029
4 996 999 1002 1005
2 997 998
0 0 0
0 -1 0
2 1000 1001
0 1 1
0 -1 -1
2 1003 1004
0 1 0
0 0 -1
2 1006 1010
3 1007 1008 1009
0 0 -1
0 1 -1
0 1 0
0 0 1
4 1012 1016 1020 1024
3 1013 1014 1015
0 1 1
0 0 -1
0 1 -1
3 1017 1018 1019
0 1 0
0 -1 -1
0 0 1
3 1021 1022 1023
0 0 1
0 1 1
0 -1 0
2 1025 1028
2 1026 1027
0 1 -1
0 -1 0
0 1 0
3 1030 1035 1040
2 1031 1032
0 0 1
2 1033 1034
0 0 -1
0 1 1
2 1036 1037
0 1 -1
2 1038 1039
0 0 0
0 1 -1
2 1041 1044
2 1042 1043
0 -1 1
0 1 0
0 -1 1
3 1046 1115 1184
3 1047 1071 1093
2 1048 1060
2 1049 1055
2 1050 1054
3 1051 1052 1053
0 0 -1
0 0 0
0 -1 1
0 1 0
2 1056 1057
0 -1 1
2 1058 1059
0 1 0
0 -1 1
2 1061 1066
2 1062 1065
2 1063 1064
0 1 1
0 0 1
0 -1 1
2 1067 1068
0 0 1
2 1069 1070
0 -1 0
0 0 -1
3 1072 1079 1086
2 1073 1076
2 1074 1075
0 0 1
0 0 0
2 1077 1078
0 1 -1
0 0 -1
2 1080 1083
2 1081 1082
0 -1 -1
0 -1 -1
2 1084 1085
0 0 -1
0 0 0
2 1087 1090
2 1088 1089
0 -1 0
0 1 1
2 1091 1092
0 -1 1
0 1 0
3 1094 1101 1108
2 1095 1098
2 1096 1097
0 0 0
0 1 -1
2 1099 1100
0 0 1
0 -1 0
2 1102 1105
2 1103 1104
0 0 0
0 1 0
2 1106 1107
0 0 -1
0 0 0
2 1109 1112
2 1110 1111
0 -1 -1
0 -1 1
2 1113 1114
0 -1 -1
0 0 0
2 1116 1150
2 1117 1133
4 1118 1121 1124 1130
2 1119 1120
0 1 0
0 1 -1
2 1122 1123
0 1 -1
0 -1 0
2 1125 1129
3 1126 1127 1128
0 0 -1
0 0 -1
0 0 0
0 1 -1
2 1131 1132
0 1 -1
0 1 -1
4 1134 1138 1142 1146
3 1135 1136 1137
0 1 0
0 -1 1
0 1 -1
3 1139 1140 1141
0 1 -1
0 -1 1
0 -1 1
3 1143 1144 1145
0 -1 0
0 -1 -1
0 1 -1
3 1147 1148 1149
0 -1 0
0 1 0
0 -1 -1
2 1151 1168
3 1152 1158 1163
2 1153 1154
0 -1 -1
3 1155 1156 1157
0 1 -1
0 1 0
0 1 1
2 1159 1160
0 -1 1
2 1161 1162
0 -1 1
0 0 0
2 1164 1167
2 1165 1166
0 0 1
0 0 -1
0 -1 0
4 1169 1175 1178 1181
2 1170 1174
3 1171 1172 1173
0 0 0
0 -1 1
0 1 0
0 -1 0
2 1176 1177
0 -1 -1
0 1 -1
2 1179 1180
0 1 1
0 -1 1
2 1182 1183
0 1 0
0 1 -1
3 1185 1209 1231
3 1186 1195 1202
3 1187 1193 1194
2 1188 1192
3 1189 1190 1191
0 0 1
0 1 1
0 -1 0
0 0 0
0 0 1
0 1 1
2 1196 1199
2 1197 1198
0 0 0
0 -1 -1
2 1200 1201
0 1 -1
0 1 -1
2 1203 1206
2 1204 1205
0 1 -1
0 -1 -1
2 1207 1208
0 1 1
0 1 1
3 1210 1217 1224
2 1211 1214
2 1212 1213
0 0 1
0 0 0
2 1215 1216
0 0 -1
0 -1 0
2 1218 1221
2 1219 1220
0 1 1
0 -1 1
2 1222 1223
0 1 1
0 0 1
2 1225 1228
2 1226 1227
0 1 -1
0 -1 1
2 1229 1230
0 -1 0
0 -1 -1
4 1232 1237 1242 1248
2 1233 1234
0 0 -1
2 1235 1236
0 0 1
0 0 0
2 1238 1239
0 1 0
2 1240 1241
0 0 1
0 1 1
2 1243 1247
3 1244 1245 1246
0 1 -1
0 1 1
0 -1 1
0 -1 1
2 1249 1250
0 1 -1
2 1251 1252
0 0 1
0 0 -1
4 1254 1305 1359 1410
4 1255 1267 1281 1293
2 1256 1261
2 1257 1258
0 -1 -1
2 1259 1260
0 1 0
0 1 -1
2 1262 1263
0 -1 1
3 1264 1265 1266
0 -1 1
0 0 1
0 1 1
4 1268 1271 1274 1278
2 1269 1270
0 -1 1
0 1 -1
2 1272 1273
0 0 0
0 0 -1
3 1275 1276 1277
0 1 -1
0 1 1
0 -1 -1
2 1279 1280
0 0 0
0 0 1
2 1282 1287
2 1283 1284
0 0 1
2 1285 1286
0 -1 1
0 1 1
2 1288 1289
0 1 0
3 1290 1291 1292
0 1 0
0 1 0
0 -1 1
4 1294 1295 1303 1304
0 -1 -1
2 1296 1299
2 1297 1298
0 1 0
0 -1 1
3 1300 1301 1302
0 -1 1
0 1 0
0 1 0
0 0 0
0 0 0
4 1306 1319 1333 1346
2 1307 1313
2 1308 1312
3 1309 1310 1311
0 0 1
0 -1 -1
0 1 0
0 1 1
2 1314 1315
0 -1 1
3 1316 1317 1318
0 1 1
0 1 0
0 1 1
3 1320 1324 1328
3 1321 1322 1323
0 0 0
0 1 1
0 -1 -1
3 1325 1326 1327
0 0 1
0 1 0
0 0 1
2 1329 1332
2 1330 1331
0 0 1
0 0 0
0 -1 -1
2 1334 1340
2 1335 1339
3 1336 1337 1338
0 0 0
0 0 0
0 -1 1
0 1 -1
2 1341 1342
0 -1 -1
3 1343 1344 1345
0 0 -1
0 1 -1
0 0 -1
4 1347 1350 1353 1356
2 1348 1349
0 0 1
0 -1 0
2 1351 1352
0 1 1
0 -1 0
2 1354 1355
0 0 0
0 1 1
2 1357 1358
0 0 -1
0 -1 1
2 1360 1385
3 1361 1369 1377
2 1362 1366
3 1363 1364 1365
0 -1 0
0 -1 -1
0 -1 1
2 1367 1368
0 -1 -1
0 0 0
2 1370 1374
3 1371 1372 1373
0 0 1
0 0 0
0 -1 1
2 1375 1376
0 0 0
0 0 1
2 1378 1382
3 1379 1380 1381
0 0 -1
0 1 -1
0 -1 -1
2 1383 1384
0 0 1
0 0 -1
2 1386 1398
4 1387 1388 1389 1397
0 0 -1
0 0 0
3 1390 1395 1396
2 1391 1392
0 1 0
2 1393 1394
0 1 1
0 0 -1
0 -1 -1
0 -1 0
0 1 0
2 1399 1405
2 1400 1404
3 1401 1402 1403
0 1 -1
0 -1 0
0 0 0
0 -1 0
2 1406 1407
0 1 1
2 1408 1409
0 1 -1
0 1 -1
3 1411 1427 1445
2 1412 1419
2 1413 1416
2 1414 1415
0 1 1
0 0 0
2 1417 1418
0 1 -1
0 -1 -1
2 1420 1424
3 1421 1422 1423
0 1 1
0 -1 -1
0 0 1
2 1425 1426
0 0 0
0 -1 0
2 1428 1437
2 1429 1433
3 1430 1431 1432
0 1 1
0 0 0
0 -1 0
3 1434 1435 1436
0 0 -1
0 1 1
0 0 -1
2 1438 1442
3 1439 1440 1441
0 0 1
0 1 1
0 1 1
2 1443 1444
0 -1 0
0 1 1
4 1446 1449 1455 1458
2 1447 1448
0 1 1
0 1 -1
2 1450 1454
3 1451 1452 1453
0 0 1
0 0 0
0 0 -1
0 1 1
2 1456 1457
0 1 -1
0 1 0
2 1459 1460
0 -1 -1
0 1 -1
3 1462 1531 1600
4 1463 1480 1497 1514
3 1464 1469 1474
2 1465 1468
2 1466 1467
0 -1 1
0 1 0
0 -1 0
2 1470 1473
2 1471 1472
0 -1 -1
0 1 -1
0 -1 -1
2 1475 1476
0 0 -1
3 1477 1478 1479
0 -1 1
0 1 1
0 1 1
4 1481 1485 1489 1493
3 1482 1483 1484
0 1 -1
0 1 0
0 1 -1
3 1486 1487 1488
0 1 -1
0 -1 1
0 0 1
3 1490 1491 1492
0 -1 1
0 1 1
0 1 0
3 1494 1495 1496
0 1 -1
0 1 1
0 1 -1
4 1498 1502 1506 1510
3 1499 1500 1501
0 0 1
0 -1 -1
0 1 1
3 1503 1504 1505
0 -1 1
0 0 1
0 -1 -1
3 1507 1508 1509
0 1 -1
0 -1 -1
0 1 0
3 1511 1512 1513
0 -1 0
0 -1 1
0 1 -1
3 1515 1520 1525
2 1516 1517
0 0 -1
2 1518 1519
0 -1 1
0 -1 0
2 1521 1524
2 1522 1523
0 -1 1
0 0 0
0 1 0
2 1526 1527
0 0 0
3 1528 1529 1530
0 -1 1
0 1 1
0 -1 0
3 1532 1554 1576
4 1533 1538 1543 1549
2 1534 1535
0 0 0
2 1536 1537
0 1 -1
0 0 1
2 1539 1540
0 0 -1
2 1541 1542
0 -1 0
0 1 -1
2 1544 1545
0 0 1
3 1546 1547 1548
0 -1 0
0 0 0
0 -1 0
2 1550 1553
2 1551 1552
0 -1 -1
0 1 0
0 1 1
4 1555 1560 1566 1571
2 1556 1557
0 -1 1
2 1558 1559
0 -1 -1
0 1 0
2 1561 1565
3 1562 1563 1564
0 -1 1
0 1 1
0 -1 0
0 0 1
2 1567 1568
0 -1 -1
2 1569 1570
0 0 0
0 1 1
2 1572 1575
2 1573 1574
0 -1 0
0 0 0
0 -1 1
3 1577 1584 1593
2 1578 1581
2 1579 1580
0 1 0
0 0 -1
2 1582 1583
0 0 1
0 0 1
2 1585 1589
3 1586 1587 1588
0 0 -1
0 1 0
0 1 1
3 1590 1591 1592
0 0 0
0 -1 0
0 0 1
2 1594 1597
2 1595 1596
0 0 1
0 0 1
2 1598 1599
0 1 -1
0 -1 1
2 1601 1635
2 1602 1618
4 1603 1609 1612 1615
2 1604 1608
3 1605 1606 1607
0 -1 -1
0 -1 -1
0 0 0
0 1 -1
2 1610 1611
0 -1 0
0 0 1
2 1613 1614
0 0 1
0 -1 -1
2 1616 1617
0 1 1
0 -1 0
4 1619 1623 1627 1631
3 1620 1621 1622
0 0 1
0 1 0
0 1 1
3 1624 1625 1626
0 -1 0
0 -1 1
0 -1 -1
3 1628 1629 1630
0 0 -1
0 0 -1
0 1 0
3 1632 1633 1634
0 1 1
0 1 -1
0 1 0
2 1636 1653
2 1637 1645
2 1638 1642
3 1639 1640 1641
0 1 0
0 -1 0
0 0 0
2 1643 1644
0 1 -1
0 1 1
2 1646 1650
3 1647 1648 1649
0 0 -1
0 -1 0
0 -1 0
2 1651 1652
0 0 1
0 0 1
2 1654 1662
3 1655 1656 1661
0 0 0
2 1657 1660
2 1658 1659
0 -1 1
0 1 0
0 0 0
0 1 0
2 1663 1666
2 1664 1665
0 0 0
0 -1 0
2 1667 1668
0 1 0
0 -1 1
3 1670 1947 2224
4 1671 1740 1809 1878
3 1672 1694 1716
3 1673 1680 1687
2 1674 1677
2 1675 1676
0 0 -1
0 -1 0
2 1678 1679
0 -1 -1
0 0 0
2 1681 1684
2 1682 1683
0 1 0
0 -1 0
2 1685 1686
0 1 0
0 0 -1
2 1688 1691
2 1689 1690
0 0 -1
0 1 1
2 1692 1693
0 -1 0
0 1 1
2 1695 1705
2 1696 1701
2 1697 1700
2 1698 1699
0 0 1
0 -1 1
0 -1 -1
3 1702 1703 1704
0 -1 -1
0 -1 -1
0 -1 -1
2 1706 1711
2 1707 1708
0 -1 1
2 1709 1710
0 0 1
0 1 -1
2 1712 1715
2 1713 1714
0 -1 -1
0 1 -1
0 -1 1
2 1717 1728
3 1718 1722 1725
3 1719 1720 1721
0 0 -1
0 1 0
0 1 0
2 1723 1724
0 1 1
0 0 0
2 1726 1727
0 -1 1
0 1 1
4 1729 1737 1738 1739
3 1730 1735 1736
2 1731 1734
2 1732 1733
0 1 1
0 0 -1
0 -1 -1
0 -1 0
0 0 1
0 -1 0
0 0 0
0 -1 1
3 1741 1765 1787
2 1742 1754
3 1743 1748 1751
2 1744 1745
0 -1 1
2 1746 1747
0 -1 0
0 1 -1
2 1749 1750
0 1 1
0 1 1
2 1752 1753
0 -1 -1
0 -1 0
4 1755 1756 1757 1764
0 0 1
0 0 1
2 1758 1761
2 1759 1760
0 -1 1
0 0 1
2 1762 1763
0 -1 1
0 0 -1
0 -1 1
2 1766 1777
4 1767 1774 1775 1776
2 1768 1771
2 1769 1770
0 -1 -1
0 1 0
2 1772 1773
0 1 0
0 -1 1
0 -1 0
0 1 1
0 0 -1
4 1778 1779 1780 1781
0 1 1
0 -1 0
0 -1 1
2 1782 1783
0 0 0
3 1784 1785 1786
0 1 0
0 -1 -1
0 0 0
3 1788 1795 1802
2 1789 1792
2 1790 1791
0 -1 -1
0 1 1
2 1793 1794
0 0 -1
0 1 -1
2 1796 1799
2 1797 1798
0 0 0
0 0 0
2 1800 1801
0 1 -1
0 1 1
2 1803 1806
2 1804 1805
0 0 1
0 -1 1
2 1807 1808
0 1 1
0 -1 -1
2 1810 1844
2 1811 1827
4 1812 1815 1821 1824
2 1813 1814
0 0 1
0 -1 1
2 1816 1817
0 1 1
3 1818 1819 1820
0 1 1
0 1 0
0 0 0
2 1822 1823
0 0 1
0 0 -1
2 1825 1826
0 -1 1
0 1 -1
3 1828 1833 1839
2 1829 1832
2 1830 1831
0 0 0
0 1 0
0 -1 -1
2 1834 1838
3 1835 1836 1837
0 1 1
0 0 1
0 1 -1
0 1 1
2 1840 1841
0 -1 -1
2 1842 1843
0 -1 0
0 1 -1
4 1845 1853 1861 1870
3 1846 1847 1848
0 0 1
0 1 -1
2 1849 1852
2 1850 1851
0 0 0
0 -1 0
0 0 1
2 1854 1858
3 1855 1856 1857
0 -1 0
0 0 1
0 1 -1
2 1859 1860
0 1 1
0 -1 0
2 1862 1866
3 1863 1864 1865
0 1 1
0 -1 -1
0 0 -1
3 1867 1868 1869
0 1 1
0 -1 1
0 1 1
2 1871 1874
2 1872 1873
0 -1 1
0 -1 1
3 1875 1876 1877
0 -1 -1
0 -1 1
0 1 -1
4 1879 1896 1913 1930
2 1880 1888
2 1881 1884
2 1882 1883
0 1 0
0 1 1
3 1885 1886 1887
0 1 0
0 -1 -1
0 0 1
2 1889 1893
3 1890 1891 1892
0 -1 -1
0 0 1
0 -1 0
2 1894 1895
0 -1 -1
0 -1 0
3 1897 1902 1907
2 1898 1901
2 1899 1900
0 1 0
0 0 1
0 0 1
2 1903 1906
2 1904 1905
0 0 0
0 -1 1
0 -1 -1
2 1908 1912
3 1909 1910 1911
0 1 1
0 -1 -1
0 0 -1
0 0 -1
2 1914 1922
2 1915 1919
3 1916 1917 1918
0 1 -1
0 0 0
0 1 0
2 1920 1921
0 1 0
0 0 1
3 1923 1924 1925
0 0 0
0 1 1
2 1926 1927
0 0 1
2 1928 1929
0 0 0
0 -1 1
2 1931 1939
2 1932 1936
3 1933 1934 1935
0 -1 1
0 1 1
0 0 0
2 1937 1938
0 1 0
0 -1 0
2 1940 1943
2 1941 1942
0 1 0
0 0 0
3 1944 1945 1946
0 0 0
0 0 -1
0 1 -1
3 1948 2040 2132
4 1949 1971 1993 2018
2 1950 1960
2 1951 1955
3 1952 1953 1954
0 0 0
0 0 -1
0 -1 0
2 1956 1959
2 1957 1958
0 -1 -1
0 1 0
0 1 1
2 1961 1966
2 1962 1963
0 1 0
2 1964 1965
0 -1 1
0 1 -1
2 1967 1968
0 -1 1
2 1969 1970
0 1 -1
0 0 1
4 1972 1977 1983 1988
2 1973 1976
2 1974 1975
0 -1 -1
0 0 0
0 0 0
2 1978 1982
3 1979 1980 1981
0 1 1
0 -1 1
0 -1 0
0 0 0
2 1984 1985
0 1 1
2 1986 1987
0 -1 0
0 1 1
2 1989 1992
2 1990 1991
0 -1 1
0 0 -1
0 0 0
3 1994 2002 2010
2 1995 1998
2 1996 1997
0 0 0
0 0 -1
3 1999 2000 2001
0 -1 0
0 1 0
0 1 0
2 2003 2007
3 2004 2005 2006
0 0 0
0 1 0
0 -1 0
2 2008 2009
0 0 0
0 -1 1
3 2011 2016 2017
2 2012 2013
0 -1 1
2 2014 2015
0 1 0
0 1 -1
0 0 1
0 1 1
2 2019 2030
4 2020 2021 2028 2029
0 1 1
2 2022 2025
2 2023 2024
0 -1 0
0 1 0
2 2026 2027
0 -1 0
0 1 1
0 0 1
0 1 -1
3 2031 2034 2037
2 2032 2033
0 -1 0
0 1 1
2 2035 2036
0 1 0
0 0 1
2 2038 2039
0 0 -1
0 -1 -1
4 2041 2063 2085 2107
2 2042 2052
3 2043 2046 2049
2 2044 2045
0 1 0
0 -1 0
2 2047 2048
0 1 1
0 -1 0
2 2050 2051
0 -1 1
0 1 -1
3 2053 2056 2059
2 2054 2055
0 1 1
0 0 0
2 2057 2058
0 0 1
0 0 0
3 2060 2061 2062
0 0 0
0 1 1
0 1 1
2 2064 2074
3 2065 2068 2071
2 2066 2067
0 0 -1
0 -1 1
2 2069 2070
0 0 -1
0 1 1
2 2072 2073
0 1 1
0 0 0
3 2075 2079 2082
3 2076 2077 2078
0 0 -1
0 -1 1
0 0 -1
2 2080 2081
0 -1 1
0 1 0
2 2083 2084
0 0 -1
0 -1 -1
2 2086 2096
2 2087 2091
3 2088 2089 2090
0 1 -1
0 0 1
0 1 -1
2 2092 2095
2 2093 2094
0 0 1
0 1 1
0 0 0
4 2097 2098 2099 2100
0 1 0
0 -1 1
0 0 1
2 2101 2104
2 2102 2103
0 0 0
0 1 0
2 2105 2106
0 0 1
0 1 1
3 2108 2116 2124
3 2109 2114 2115
2 2110 2113
2 2111 2112
0 0 0
0 1 1
0 1 0
0 -1 0
0 0 0
2 2117 2120
2 2118 2119
0 -1 -1
0 0 0
3 2121 2122 2123
0 -1 0
0 -1 1
0 -1 1
3 2125 2126 2127
0 0 0
0 0 1
2 2128 2131
2 2129 2130
0 -1 1
0 0 0
0 -1 0
3 2133 2163 2194
3 2134 2143 2152
2 2135 2139
3 2136 2137 2138
0 0 0
0 1 1
0 1 1
3 2140 2141 2142
0 0 1
0 1 0
0 -1 -1
3 2144 2145 2146
0 0 0
0 -1 -1
2 2147 2148
0 1 0
3 2149 2150 2151
0 -1 1
0 1 0
0 -1 1
3 2153 2157 2160
3 2154 2155 2156
0 0 0
0 -1 0
0 0 -1
2 2158 2159
0 0 0
0 0 1
2 2161 2162
0 -1 1
0 1 -1
4 2164 2171 2180 2187
2 2165 2168
2 2166 2167
0 -1 1
0 1 1
2 2169 2170
0 -1 1
0 -1 1
2 2172 2176
3 2173 2174 2175
0 1 -1
0 1 1
0 1 0
3 2177 2178 2179
0 0 1
0 -1 0
0 -1 -1
2 2181 2184
2 2182 2183
0 1 0
0 -1 1
2 2185 2186
0 -1 -1
0 0 0
2 2188 2191
2 2189 2190
0 1 0
0 -1 -1
2 2192 2193
0 0 -1
0 -1 -1
4 2195 2202 2209 2216
2 2196 2199
2 2197 2198
0 0 -1
0 0 1
2 2200 2201
0 1 0
0 -1 -1
2 2203 2206
2 2204 2205
0 -1 0
0 0 -1
2 2207 2208
0 -1 1
0 1 0
2 2210 2213
2 2211 2212
0 1 1
0 0 0
2 2214 2215
0 0 -1
0 0 1
3 2217 2218 2219
0 -1 -1
0 -1 1
2 2220 2221
0 0 1
2 2222 2223
0 1 0
0 0 0
4 2225 2294 2364 2433
3 2226 2250 2272
3 2227 2234 2241
2 2228 2231
2 2229 2230
0 0 -1
0 -1 0
2 2232 2233
0 -1 0
0 0 0
2 2235 2238
2 2236 2237
0 1 1
0 0 0
2 2239 2240
0 -1 1
0 1 -1
3 2242 2248 2249
2 2243 2244
0 -1 0
3 2245 2246 2247
0 -1 -1
0 0 0
0 1 1
0 -1 0
0 1 1
3 2251 2258 2265
2 2252 2255
2 2253 2254
0 0 1
0 1 -1
2 2256 2257
0 0 1
0 1 -1
2 2259 2262
2 2260 2261
0 -1 1
0 0 0
2 2263 2264
0 0 1
0 0 -1
2 2266 2269
2 2267 2268
0 1 0
0 -1 0
2 2270 2271
0 0 0
0 0 0
3 2273 2280 2287
2 2274 2277
2 2275 2276
0 0 -1
0 1 1
2 2278 2279
0 0 0
0 1 0
2 2281 2284
2 2282 2283
0 1 1
0 1 1
2 2285 2286
0 -1 0
0 0 0
2 2288 2291
2 2289 2290
0 -1 1
0 0 1
2 2292 2293
0 1 -1
0 -1 -1
3 2295 2318 2341
2 2296 2307
4 2297 2304 2305 2306
2 2298 2301
2 2299 2300
0 1 0
0 -1 -1
2 2302 2303
0 -1 1
0 1 0
0 -1 0
0 -1 0
0 0 -1
4 2308 2309 2316 2317
0 -1 -1
2 2310 2313
2 2311 2312
0 0 0
0 0 1
2 2314 2315
0 -1 1
0 0 -1
0 0 -1
0 -1 -1
4 2319 2326 2331 2336
2 2320 2323
2 2321 2322
0 -1 1
0 -1 1
2 2324 2325
0 1 0
0 -1 -1
2 2327 2330
2 2328 2329
0 1 1
0 1 1
0 1 -1
2 2332 2333
0 0 -1
2 2334 2335
0 0 0
0 -1 -1
2 2337 2338
0 1 -1
2 2339 2340
0 1 1
0 1 1
4 2342 2347 2352 2359
2 2343 2346
2 2344 2345
0 0 0
0 1 0
0 0 0
2 2348 2351
2 2349 2350
0 1 0
0 1 0
0 0 0
2 2353 2356
2 2354 2355
0 1 1
0 0 -1
2 2357 2358
0 0 1
0 0 -1
2 2360 2363
2 2361 2362
0 -1 -1
0 1 1
0 -1 0
3 2365 2387 2411
2 2366 2376
3 2367 2370 2373
2 2368 2369
0 1 -1
0 0 1
2 2371 2372
0 1 -1
0 0 1
2 2374 2375
0 -1 1
0 -1 1
3 2377 2381 2384
3 2378 2379 2380
0 -1 1
0 -1 1
0 0 0
2 2382 2383
0 -1 -1
0 -1 1
2 2385 2386
0 1 -1
0 0 1
3 2388 2395 2404
2 2389 2392
2 2390 2391
0 1 -1
0 1 1
2 2393 2394
0 -1 0
0 -1 -1
2 2396 2400
3 2397 2398 2399
0 0 1
0 0 0
0 -1 0
3 2401 2402 2403
0 -1 0
0 -1 -1
0 -1 0
2 2405 2408
2 2406 2407
0 0 1
0 -1 1
2 2409 2410
0 1 0
0 1 1
2 2412 2423
3 2413 2416 2420
2 2414 2415
0 1 -1
0 -1 -1
3 2417 2418 2419
0 0 -1
0 1 -1
0 0 -1
2 2421 2422
0 -1 0
0 0 -1
4 2424 2425 2426 2432
0 -1 1
0 1 1
2 2427 2431
3 2428 2429 2430
0 -1 0
0 1 1
0 -1 -1
0 -1 0
0 -1 -1
4 2434 2451 2468 2485
2 2435 2443
2 2436 2439
2 2437 2438
0 0 -1
0 1 -1
3 2440 2441 2442
0 0 0
0 -1 1
0 0 -1
2 2444 2447
2 2445 2446
0 0 0
0 0 0
3 2448 2449 2450
0 0 1
0 1 -1
0 0 0
3 2452 2457 2463
2 2453 2456
2 2454 2455
0 1 0
0 0 1
0 0 0
2 2458 2462
3 2459 2460 2461
0 1 -1
0 1 0
0 0 0
0 -1 1
2 2464 2467
2 2465 2466
0 0 1
0 0 1
0 0 -1
2 2469 2477
2 2470 2474
3 2471 2472 2473
0 1 0
0 -1 0
0 0 1
2 2475 2476
0 1 0
0 -1 0
3 2478 2479 2484
0 -1 1
2 2480 2481
0 1 1
2 2482 2483
0 0 0
0 0 -1
0 1 0
2 2486 2494
2 2487 2490
2 2488 2489
0 -1 -1
0 0 0
3 2491 2492 2493
0 0 -1
0 0 0
0 1 -1
3 2495 2496 2501
0 1 0
2 2497 2500
2 2498 2499
0 -1 0
0 1 1
0 0 1
0 1 0
3 2503 2781 3058
4 2504 2573 2642 2712
3 2505 2527 2549
4 2506 2511 2516 2522
2 2507 2510
2 2508 2509
0 1 0
0 1 1
0 0 0
2 2512 2515
2 2513 2514
0 -1 1
0 1 1
0 0 1
2 2517 2518
0 0 1
3 2519 2520 2521
0 -1 -1
0 1 -1
0 1 1
2 2523 2524
0 0 0
2 2525 2526
0 1 0
0 -1 0
4 2528 2534 2539 2544
2 2529 2530
0 -1 0
3 2531 2532 2533
0 0 1
0 0 0
0 -1 0
2 2535 2536
0 0 0
2 2537 2538
0 -1 0
0 -1 1
2 2540 2543
2 2541 2542
0 -1 -1
0 -1 0
0 0 1
2 2545 2548
2 2546 2547
0 1 1
0 1 0
0 1 0
2 2550 2562
3 2551 2554 2557
2 2552 2553
0 1 1
0 -1 -1
2 2555 2556
0 0 -1
0 -1 -1
2 2558 2559
0 -1 1
2 2560 2561
0 1 -1
0 1 -1
3 2563 2566 2570
2 2564 2565
0 1 1
0 0 0
3 2567 2568 2569
0 0 1
0 1 0
0 0 -1
2 2571 2572
0 1 0
0 1 -1
2 2574 2608
4 2575 2583 2591 2599
3 2576 2577 2578
0 0 -1
0 0 1
2 2579 2580
0 -1 0
2 2581 2582
0 1 0
0 0 0
3 2584 2585 2590
0 1 -1
2 2586 2589
2 2587 2588
0 1 1
0 0 0
0 1 1
0 -1 0
2 2592 2596
3 2593 2594 2595
0 1 0
0 0 0
0 0 1
2 2597 2598
0 0 0
0 -1 0
2 2600 2604
3 2601 2602 2603
0 1 -1
0 0 1
0 1 1
3 2605 2606 2607
0 1 1
0 1 1
0 -1 -1
4 2609 2617 2625 2633
3 2610 2611 2612
0 -1 0
0 1 1
2 2613 2614
0 0 1
2 2615 2616
0 -1 -1
0 1 0
3 2618 2619 2620
0 1 0
0 0 -1
2 2621 2622
0 1 0
2 2623 2624
0 1 1
0 -1 -1
2 2626 2629
2 2627 2628
0 -1 1
0 -1 0
3 2630 2631 2632
0 -1 1
0 -1 0
0 1 -1
2 2634 2638
3 2635 2636 2637
0 0 -1
0 1 0
0 -1 -1
3 2639 2640 2641
0 0 1
0 1 1
0 1 0
3 2643 2666 2689
4 2644 2649 2654 2661
2 2645 2646
0 -1 -1
2 2647 2648
0 -1 -1
0 1 0
2 2650 2653
2 2651 2652
0 1 -1
0 1 1
0 0 1
2 2655 2658
2 2656 2657
0 1 -1
0 -1 1
2 2659 2660
0 1 0
0 0 -1
2 2662 2663
0 1 1
2 2664 2665
0 1 0
0 1 -1
3 2667 2674 2682
2 2668 2671
2 2669 2670
0 1 1
0 -1 1
2 2672 2673
0 0 -1
0 -1 1
3 2675 2676 2681
0 0 1
2 2677 2680
2 2678 2679
0 0 0
0 0 -1
0 0 -1
0 -1 -1
2 2683 2686
2 2684 2685
0 -1 -1
0 -1 1
2 2687 2688
0 -1 0
0 0 1
3 2690 2698 2705
2 2691 2694
2 2692 2693
0 1 -1
0 -1 1
3 2695 2696 2697
0 1 0
0 1 1
0 0 0
2 2699 2702
2 2700 2701
0 1 0
0 1 0
2 2703 2704
0 -1 0
0 -1 -1
2 2706 2709
2 2707 2708
0 1 0
0 1 1
2 2710 2711
0 -1 -1
0 0 -1
4 2713 2730 2747 2764
3 2714 2719 2725
2 2715 2718
2 2716 2717
0 0 0
0 -1 0
0 0 0
2 2720 2721
0 1 0
3 2722 2723 2724
0 -1 0
0 0 -1
0 -1 0
2 2726 2727
0 1 -1
2 2728 2729
0 0 1
0 -1 -1
3 2731 2736 2742
2 2732 2735
2 2733 2734
0 -1 1
0 1 1
0 1 1
2 2737 2738
0 0 0
3 2739 2740 2741
0 -1 -1
0 0 -1
0 -1 -1
2 2743 2744
0 -1 1
2 2745 2746
0 1 0
0 1 0
4 2748 2752 2756 2760
3 2749 2750 2751
0 -1 0
0 1 0
0 1 -1
3 2753 2754 2755
0 -1 1
0 0 -1
0 -1 -1
3 2757 2758 2759
0 -1 1
0 1 -1
0 0 1
3 2761 2762 2763
0 1 1
0 0 0
0 0 -1
2 2765 2773
3 2766 2771 2772
2 2767 2770
2 2768 2769
0 0 1
0 0 1
0 0 1
0 1 0
0 1 1
3 2774 2775 2780
0 -1 1
2 2776 2777
0 -1 1
2 2778 2779
0 1 0
0 -1 -1
0 -1 -1
4 2782 2851 2920 2989
3 2783 2805 2829
4 2784 2789 2795 2800
2 2785 2788
2 2786 2787
0 0 -1
0 1 -1
0 1 0
2 2790 2794
3 2791 2792 2793
0 1 0
0 1 -1
0 1 0
0 -1 1
2 2796 2799
2 2797 2798
0 -1 -1
0 1 1
0 -1 0
2 2801 2802
0 -1 -1
2 2803 2804
0 1 0
0 -1 -1
4 2806 2811 2819 2824
2 2807 2810
2 2808 2809
0 -1 0
0 1 0
0 0 1
3 2812 2813 2814
0 1 0
0 1 -1
2 2815 2816
0 -1 0
2 2817 2818
0 -1 1
0 0 1
2 2820 2823
2 2821 2822
0 0 0
0 -1 0
0 -1 0
2 2825 2828
2 2826 2827
0 -1 0
0 1 0
0 0 1
3 2830 2837 2844
2 2831 2834
2 2832 2833
0 0 -1
0 0 1
2 2835 2836
0 -1 -1
0 1 1
2 2838 2841
2 2839 2840
0 0 -1
0 -1 0
2 2842 2843
0 0 0
0 -1 1
2 2845 2848
2 2846 2847
0 0 -1
0 0 -1
2 2849 2850
0 1 0
0 -1 -1
3 2852 2874 2898
2 2853 2864
3 2854 2858 2861
3 2855 2856 2857
0 0 1
0 1 0
0 -1 0
2 2859 2860
0 -1 0
0 -1 -1
2 2862 2863
0 0 1
0 -1 1
4 2865 2866 2867 2873
0 0 1
0 -1 1
2 2868 2872
3 2869 2870 2871
0 1 1
0 0 -1
0 0 1
0 0 -1
0 0 0
4 2875 2880 2885 2890
2 2876 2877
0 -1 0
2 2878 2879
0 1 -1
0 0 1
2 2881 2884
2 2882 2883
0 0 0
0 1 1
0 0 1
2 2886 2889
2 2887 2888
0 0 0
0 -1 0
0 1 -1
3 2891 2896 2897
2 2892 2895
2 2893 2894
0 1 -1
0 0 1
0 -1 1
0 -1 0
0 1 1
2 2899 2909
2 2900 2904
3 2901 2902 2903
0 0 0
0 0 -1
0 -1 0
2 2905 2906
0 -1 0
2 2907 2908
0 0 1
0 1 1
3 2910 2914 2917
3 2911 2912 2913
0 1 0
0 -1 1
0 1 -1
2 2915 2916
0 0 -1
0 -1 -1
2 2918 2919
0 0 0
0 -1 1
3 2921 2943 2967
3 2922 2929 2936
2 2923 2926
2 2924 2925
0 0 -1
0 1 -1
2 2927 2928
0 1 -1
0 1 1
2 2930 2933
2 2931 2932
0 0 1
0 0 0
2 2934 2935
0 -1 1
0 0 1
2 2937 2940
2 2938 2939
0 0 -1
0 -1 -1
2 2941 2942
0 1 0
0 0 -1
3 2944 2951 2960
2 2945 2948
2 2946 2947
0 -1 1
0 0 -1
2 2949 2950
0 1 -1
0 0 1
2 2952 2956
3 2953 2954 2955
0 0 0
0 0 -1
0 1 -1
3 2957 2958 2959
0 1 0
0 0 0
0 -1 0
2 2961 2964
2 2962 2963
0 -1 0
0 -1 0
2 2965 2966
0 0 1
0 -1 0
2 2968 2978
3 2969 2972 2975
2 2970 2971
0 -1 1
0 -1 -1
2 2973 2974
0 0 0
0 1 0
2 2976 2977
0 -1 -1
0 0 -1
4 2979 2980 2981 2982
0 -1 -1
0 1 0
0 1 0
2 2983 2986
2 2984 2985
0 1 1
0 0 0
2 2987 2988
0 -1 1
0 0 0
2 2990 3024
4 2991 2999 3008 3016
3 2992 2993 2998
0 1 0
2 2994 2997
2 2995 2996
0 0 1
0 0 1
0 -1 -1
0 -1 0
2 3000 3004
3 3001 3002 3003
0 -1 0
0 1 1
0 -1 0
3 3005 3006 3007
0 -1 -1
0 1 -1
0 -1 0
3 3009 3010 3015
0 0 1
2 3011 3012
0 0 1
2 3013 3014
0 -1 -1
0 -1 1
0 0 -1
3 3017 3018 3023
0 -1 -1
2 3019 3022
2 3020 3021
0 1 -1
0 -1 1
0 1 1
0 0 1
2 3025 3042
3 3026 3032 3037
2 3027 3031
3 3028 3029 3030
0 1 0
0 1 -1
0 1 1
0 -1 1
2 3033 3034
0 -1 1
2 3035 3036
0 -1 0
0 1 0
2 3038 3041
2 3039 3040
0 0 0
0 0 1
0 1 0
2 3043 3050
2 3044 3047
2 3045 3046
0 1 1
0 0 -1
2 3048 3049
0 1 1
0 1 1
2 3051 3055
3 3052 3053 3054
0 0 -1
0 0 0
0 0 0
2 3056 3057
0 0 1
0 -1 0
3 3059 3151 3243
3 3060 3090 3121
3 3061 3070 3079
2 3062 3066
3 3063 3064 3065
0 1 -1
0 1 1
0 -1 0
3 3067 3068 3069
0 -1 0
0 1 1
0 0 1
2 3071 3075
3 3072 3073 3074
0 1 1
0 0 0
0 -1 -1
3 3076 3077 3078
0 1 -1
0 0 -1
0 -1 -1
4 3080 3087 3088 3089
2 3081 3084
2 3082 3083
0 1 0
0 -1 -1
2 3085 3086
0 1 0
0 0 -1
0 0 1
0 -1 0
0 0 1
3 3091 3101 3111
4 3092 3093 3094 3095
0 0 0
0 1 1
0 1 0
2 3096 3097
0 1 1
3 3098 3099 3100
0 1 -1
0 -1 0
0 1 0
3 3102 3105 3108
2 3103 3104
0 -1 1
0 1 0
2 3106 3107
0 1 0
0 -1 1
2 3109 3110
0 0 1
0 0 0
4 3112 3113 3114 3120
0 1 1
0 1 1
2 3115 3116
0 1 -1
3 3117 3118 3119
0 -1 -1
0 0 0
0 -1 -1
0 -1 1
3 3122 3133 3142
3 3123 3126 3130
2 3124 3125
0 0 1
0 1 -1
3 3127 3128 3129
0 -1 0
0 -1 1
0 -1 0
2 3131 3132
0 -1 0
0 0 0
3 3134 3140 3141
2 3135 3136
0 0 0
3 3137 3138 3139
0 -1 -1
0 0 1
0 0 1
0 0 0
0 0 0
2 3143 3147
3 3144 3145 3146
0 -1 0
0 0 -1
0 0 1
3 3148 3149 3150
0 -1 -1
0 -1 1
0 1 -1
4 3152 3174 3196 3218
4 3153 3158 3163 3168
2 3154 3155
0 1 1
2 3156 3157
0 0 0
0 1 1
2 3159 3162
2 3160 3161
0 1 1
0 1 0
0 -1 1
2 3164 3165
0 -1 -1
2 3166 3167
0 1 1
0 -1 0
2 3169 3173
3 3170 3171 3172
0 1 0
0 1 -1
0 0 -1
0 0 1
3 3175 3182 3189
2 3176 3179
2 3177 3178
0 0 1
0 -1 1
2 3180 3181
0 0 0
0 -1 -1
2 3183 3186
2 3184 3185
0 0 1
0 0 -1
2 3187 3188
0 1 0
0 0 1
2 3190 3193
2 3191 3192
0 0 0
0 1 0
2 3194 3195
0 1 0
0 -1 0
3 3197 3204 3211
2 3198 3201
2 3199 3200
0 0 0
0 -1 0
2 3202 3203
0 -1 -1
0 1 -1
2 3205 3208
2 3206 3207
0 1 1
0 0 1
2 3209 3210
0 0 1
0 0 0
2 3212 3215
2 3213 3214
0 1 -1
0 -1 1
2 3216 3217
0 -1 0
0 1 0
3 3219 3227 3235
2 3220 3224
3 3221 3222 3223
0 1 0
0 0 1
0 1 0
2 3225 3226
0 0 0
0 -1 0
2 3228 3232
3 3229 3230 3231
0 0 1
0 1 1
0 -1 -1
2 3233 3234
0 -1 -1
0 -1 -1
2 3236 3240
3 3237 3238 3239
0 -1 0
0 1 -1
0 0 -1
2 3241 3242
0 1 -1
0 -1 1
3 3244 3274 3304
2 3245 3260
3 3246 3252 3256
2 3247 3251
3 3248 3249 3250
0 -1 1
0 -1 1
0 -1 -1
0 0 1
3 3253 3254 3255
0 0 0
0 0 0
0 0 -1
3 3257 3258 3259
0 0 -1
0 -1 -1
0 -1 0
3 3261 3265 3270
3 3262 3263 3264
0 -1 0
0 0 -1
0 1 0
2 3266 3269
2 3267 3268
0 0 1
0 1 1
0 -1 0
3 3271 3272 3273
0 0 1
0 -1 0
0 -1 1
2 3275 3289
2 3276 3283
2 3277 3280
2 3278 3279
0 1 -1
0 -1 -1
2 3281 3282
0 0 -1
0 1 -1
2 3284 3288
3 3285 3286 3287
0 0 0
0 -1 -1
0 1 1
0 -1 1
2 3290 3297
2 3291 3294
2 3292 3293
0 1 -1
0 1 -1
2 3295 3296
0 1 -1
0 0 1
2 3298 3301
2 3299 3300
0 1 0
0 0 0
2 3302 3303
0 -1 0
0 1 1
4 3305 3314 3321 3328
3 3306 3307 3308
0 -1 1
0 -1 1
2 3309 3313
3 3310 3311 3312
0 1 1
0 0 -1
0 1 0
0 0 0
2 3315 3318
2 3316 3317
0 1 -1
0 0 0
2 3319 3320
0 1 -1
0 1 1
2 3322 3325
2 3323 3324
0 1 1
0 1 0
2 3326 3327
0 1 0
0 -1 -1
2 3329 3332
2 3330 3331
0 0 0
0 -1 1
2 3333 3334
0 1 1
0 -1 1
4 3336 4169 5002 5835
4 3337 3545 3753 3961
3 3338 3407 3476
2 3339 3373
2 3340 3357
2 3341 3349
2 3342 3345
2 3343 3344
0 0 0
0 -1 1
3 3346 3347 3348
0 0 0
0 1 1
0 1 1
3 3350 3351 3352
0 1 0
0 0 0
2 3353 3356
2 3354 3355
0 1 0
0 -1 1
0 -1 1
4 3358 3361 3367 3370
2 3359 3360
0 -1 1
0 0 0
2 3362 3363
0 0 0
3 3364 3365 3366
0 1 0
0 1 -1
0 0 0
2 3368 3369
0 0 1
0 0 1
2 3371 3372
0 1 -1
0 1 0
4 3374 3382 3390 3398
2 3375 3378
2 3376 3377
0 -1 0
0 -1 0
3 3379 3380 3381
0 -1 -1
0 1 -1
0 1 1
3 3383 3384 3385
0 1 0
0 1 0
2 3386 3387
0 1 -1
2 3388 3389
0 1 -1
0 0 0
3 3391 3392 3393
0 -1 1
0 1 1
2 3394 3395
0 1 0
2 3396 3397
0 1 0
0 -1 -1
2 3399 3403
3 3400 3401 3402
0 1 1
0 0 -1
0 -1 -1
3 3404 3405 3406
0 -1 -1
0 1 0
0 0 0
3 3408 3430 3452
3 3409 3416 3423
2 3410 3413
2 3411 3412
0 -1 0
0 0 1
2 3414 3415
0 0 0
0 0 -1
2 3417 3420
2 3418 3419
0 1 -1
0 0 1
2 3421 3422
0 -1 -1
0 -1 1
2 3424 3427
2 3425 3426
0 1 1
0 -1 -1
2 3428 3429
0 -1 -1
0 0 0
4 3431 3437 3442 3447
2 3432 3436
3 3433 3434 3435
0 0 1
0 -1 0
0 -1 0
0 1 1
2 3438 3439
0 0 1
2 3440 3441
0 -1 0
0 -1 1
2 3443 3444
0 1 1
2 3445 3446
0 0 1
0 -1 0
2 3448 3451
2 3449 3450
0 -1 1
0 0 1
0 1 0
3 3453 3462 3469
2 3454 3458
3 3455 3456 3457
0 -1 -1
0 1 1
0 -1 -1
3 3459 3460 3461
0 0 1
0 0 -1
0 0 1
2 3463 3466
2 3464 3465
0 0 1
0 1 -1
2 3467 3468
0 -1 -1
0 -1 0
2 3470 3473
2 3471 3472
0 0 -1
0 1 1
2 3474 3475
0 1 1
0 0 1
3 3477 3499 3521
2 3478 3488
2 3479 3484
2 3480 3483
2 3481 3482
0 1 0
0 -1 1
0 0 -1
3 3485 3486 3487
0 0 0
0 0 1
0 0 0
2 3489 3494
2 3490 3493
2 3491 3492
0 -1 0
0 -1 -1
0 -1 -1
2 3495 3496
0 1 1
2 3497 3498
0 0 0
0 -1 -1
4 3500 3505 3510 3516
2 3501 3502
0 1 -1
2 3503 3504
0 -1 1
0 0 0
2 3506 3507
0 0 -1
2 3508 3509
0 -1 0
0 1 0
2 3511 3512
0 -1 0
3 3513 3514 3515
0 0 -1
0 1 0
0 0 1
2 3517 3520
2 3518 3519
0 -1 0
0 -1 1
0 0 0
4 3522 3527 3532 3540
2 3523 3526
2 3524 3525
0 0 1
0 -1 -1
0 0 1
2 3528 3529
0 1 0
2 3530 3531
0 0 -1
0 -1 1
3 3533 3534 3535
0 0 0
0 -1 -1
2 3536 3539
2 3537 3538
0 -1 1
0 1 0
0 0 0
2 3541 3544
2 3542 3543
0 -1 -1
0 0 1
0 1 -1
4 3546 3597 3651 3702
4 3547 3559 3571 3585
2 3548 3554
2 3549 3553
3 3550 3551 3552
0 0 1
0 0 0
0 0 -1
0 0 -1
2 3555 3558
2 3556 3557
0 1 1
0 -1 -1
0 1 -1
2 3560 3566
2 3561 3562
0 -1 1
3 3563 3564 3565
0 0 1
0 1 0
0 0 -1
2 3567 3568
0 0 0
2 3569 3570
0 0 -1
0 -1 0
2 3572 3578
2 3573 3577
3 3574 3575 3576
0 -1 1
0 -1 1
0 0 0
0 -1 1
2 3579 3582
2 3580 3581
0 0 1
0 1 1
2 3583 3584
0 0 -1
0 1 -1
2 3586 3591
2 3587 3588
0 -1 1
2 3589 3590
0 1 -1
0 0 0
2 3592 3596
3 3593 3594 3595
0 0 1
0 1 1
0 1 0
0 0 -1
2 3598 3625
4 3599 3607 3613 3619
2 3600 3604
3 3601 3602 3603
0 1 0
0 -1 0
0 0 1
2 3605 3606
0 0 -1
0 1 -1
2 3608 3609
0 0 -1
3 3610 3611 3612
0 0 0
0 -1 -1
0 1 1
2 3614 3615
0 -1 1
3 3616 3617 3618
0 1 1
0 -1 0
0 0 0
2 3620 3621
0 0 0
3 3622 3623 3624
0 1 0
0 -1 0
0 0 1
3 3626 3634 3642
2 3627 3630
2 3628 3629
0 -1 -1
0 -1 0
3 3631 3632 3633
0 0 0
0 1 1
0 1 -1
2 3635 3639
3 3636 3637 3638
0 -1 0
0 1 -1
0 1 1
2 3640 3641
0 0 -1
0 0 1
2 3643 3647
3 3644 3645 3646
0 -1 0
0 1 0
0 0 0
3 3648 3649 3650
0 -1 1
0 0 -1
0 1 0
4 3652 3666 3678 3690
3 3653 3658 3662
2 3654 3655
0 0 -1
2 3656 3657
0 -1 1
0 0 1
3 3659 3660 3661
0 1 -1
0 -1 -1
0 1 -1
3 3663 3664 3665
0 -1 1
0 1 1
0 1 1
3 3667 3672 3675
2 3668 3671
2 3669 3670
0 0 -1
0 0 -1
0 1 -1
2 3673 3674
0 0 -1
0 0 0
2 3676 3677
0 0 1
0 -1 -1
4 3679 3680 3681 3689
0 1 -1
0 -1 1
3 3682 3687 3688
2 3683 3684
0 1 0
2 3685 3686
0 0 -1
0 -1 1
0 1 0
0 -1 -1
0 -1 1
3 3691 3694 3697
2 3692 3693
0 1 1
0 1 1
2 3695 3696
0 0 0
0 -1 1
2 3698 3699
0 0 1
2 3700 3701
0 1 1
0 1 -1
4 3703 3715 3727 3739
2 3704 3710
2 3705 3709
3 3706 3707 3708
0 -1 1
0 1 -1
0 -1 0
0 0 -1
2 3711 3714
2 3712 3713
0 -1 -1
0 1 -1
0 -1 0
2 3716 3721
2 3717 3718
0 -1 1
2 3719 3720
0 -1 0
0 1 -1
2 3722 3726
3 3723 3724 3725
0 0 1
0 1 -1
0 0 1
0 0 -1
3 3728 3733 3736
2 3729 3730
0 0 -1
2 3731 3732
0 -1 1
0 1 0
2 3734 3735
0 0 1
0 0 0
2 3737 3738
0 -1 1
0 1 -1
2 3740 3747
2 3741 3744
2 3742 3743
0 0 1
0 1 0
2 3745 3746
0 0 0
0 0 -1
2 3748 3752
3 3749 3750 3751
0 0 0
0 -1 -1
0 0 1
0 0 1
3 3754 3823 3892
4 3755 3772 3789 3806
4 3756 3760 3764 3768
3 3757 3758 3759
0 0 -1
0 0 -1
0 0 -1
3 3761 3762 3763
0 -1 1
0 0 -1
0 -1 -1
3 3765 3766 3767
0 0 1
0 0 0
0 1 0
3 3769 3770 3771
0 0 -1
0 0 1
0 -1 -1
3 3773 3779 3784
2 3774 3778
3 3775 3776 3777
0 1 -1
0 -1 0
0 -1 0
0 0 -1
2 3780 3781
0 1 -1
2 3782 3783
0 -1 -1
0 0 0
2 3785 3788
2 3786 3787
0 -1 1
0 -1 1
0 -1 0
4 3790 3794 3798 3802
3 3791 3792 3793
0 -1 -1
0 -1 1
0 1 -1
3 3795 3796 3797
0 -1 0
0 0 -1
0 0 0
3 3799 3800 3801
0 0 0
0 0 0
0 -1 1
3 3803 3804 3805
0 0 -1
0 0 0
0 -1 -1
3 3807 3812 3817
2 3808 3811
2 3809 3810
0 1 -1
0 1 -1
0 1 1
2 3813 3814
0 -1 1
2 3815 3816
0 0 0
0 0 1
2 3818 3819
0 0 1
3 3820 3821 3822
0 1 1
0 1 1
0 0 -1
3 3824 3846 3868
4 3825 3830 3836 3841
2 3826 3827
0 -1 1
2 3828 3829
0 1 1
0 -1 0
2 3831 3832
0 -1 1
3 3833 3834 3835
0 1 1
0 1 1
0 0 1
2 3837 3840
2 3838 3839
0 0 -1
0 0 1
0 -1 1
2 3842 3845
2 3843 3844
0 1 -1
0 1 -1
0 1 1
2 3847 3858
3 3848 3851 3854
2 3849 3850
0 1 -1
0 -1 1
2 3852 3853
0 1 1
0 -1 -1
3 3855 3856 3857
0 0 -1
0 1 1
0 -1 1
3 3859 3862 3865
2 3860 3861
0 1 0
0 0 1
2 3863 3864
0 0 -1
0 0 0
2 3866 3867
0 -1 1
0 -1 1
4 3869 3874 3879 3884
2 3870 3871
0 -1 1
2 3872 3873
0 -1 0
0 -1 1
2 3875 3878
2 3876 3877
0 1 1
0 1 1
0 -1 0
2 3880 3881
0 -1 -1
2 3882 3883
0 1 1
0 0 -1
2 3885 3888
2 3886 3887
0 1 -1
0 -1 0
3 3889 3890 3891
0 0 -1
0 -1 1
0 -1 -1
3 3893 3917 3939
3 3894 3901 3910
2 3895 3898
2 3896 3897
0 1 0
0 0 0
2 3899 3900
0 1 -1
0 1 0
2 3902 3906
3 3903 3904 3905
0 1 0
0 -1 1
0 0 -1
3 3907 3908 3909
0 -1 1
0 -1 -1
0 0 -1
2 3911 3914
2 3912 3913
0 0 1
0 -1 -1
2 3915 3916
0 1 -1
0 -1 -1
3 3918 3925 3932
2 3919 3922
2 3920 3921
0 -1 -1
0 1 -1
2 3923 3924
0 -1 0
0 -1 0
2 3926 3929
2 3927 3928
0 1 -1
0 -1 1
2 3930 3931
0 -1 1
0 -1 1
2 3933 3936
2 3934 3935
0 0 0
0 -1 1
2 3937 3938
0 -1 0
0 -1 0
4 3940 3946 3951 3956
2 3941 3945
3 3942 3943 3944
0 0 0
0 -1 -1
0 0 -1
0 -1 1
2 3947 3950
2 3948 3949
0 1 0
0 0 1
0 1 0
2 3952 3953
0 1 0
2 3954 3955
0 1 1
0 -1 1
2 3957 3958
0 0 1
2 3959 3960
0 1 1
0 -1 0
2 3962 4065
3 3963 3997 4031
3 3964 3975 3986
4 3965 3966 3967 3974
0 1 0
0 1 0
2 3968 3971
2 3969 3970
0 0 1
0 1 -1
2 3972 3973
0 -1 0
0 0 -1
0 -1 -1
2 3976 3981
2 3977 3978
0 0 -1
2 3979 3980
0 -1 -1
0 -1 -1
2 3982 3985
2 3983 3984
0 1 1
0 1 0
0 1 0
3 3987 3990 3994
2 3988 3989
0 0 -1
0 0 1
3 3991 3992 3993
0 1 -1
0 -1 0
0 -1 0
2 3995 3996
0 0 0
0 0 0
3 3998 4009 4020
3 3999 4003 4006
3 4000 4001 4002
0 1 0
0 -1 0
0 1 0
2 4004 4005
0 1 0
0 0 -1
2 4007 4008
0 0 -1
0 0 -1
2 4010 4015
2 4011 4012
0 -1 1
2 4013 4014
0 0 1
0 1 -1
2 4016 4019
2 4017 4018
0 0 1
0 0 -1
0 -1 1
4 4021 4028 4029 4030
2 4022 4025
2 4023 4024
0 0 1
0 1 -1
2 4026 4027
0 1 1
0 0 -1
0 0 1
0 1 0
0 -1 1
2 4032 4049
2 4033 4041
3 4034 4035 4040
0 0 1
2 4036 4037
0 -1 -1
2 4038 4039
0 1 0
0 0 0
0 0 1
3 4042 4043 4044
0 0 -1
0 0 0
2 4045 4048
2 4046 4047
0 1 0
0 -1 -1
0 -1 1
3 4050 4055 4060
2 4051 4052
0 -1 0
2 4053 4054
0 -1 0
0 1 0
2 4056 4057
0 0 -1
2 4058 4059
0 0 0
0 -1 1
2 4061 4062
0 1 -1
2 4063 4064
0 -1 1
0 1 1
2 4066 4118
4 4067 4082 4094 4106
2 4068 4075
2 4069 4072
2 4070 4071
0 0 1
0 -1 0
2 4073 4074
0 -1 -1
0 1 0
2 4076 4079
2 4077 4078
0 0 0
0 1 -1
2 4080 4081
0 0 1
0 0 -1
2 4083 4088
2 4084 4087
2 4085 4086
0 1 1
0 1 1
0 1 0
2 4089 4093
3 4090 4091 4092
0 0 1
0 0 -1
0 -1 1
0 -1 0
4 4095 4096 4097 4105
0 1 0
0 1 1
2 4098 4101
2 4099 4100
0 -1 0
0 0 1
3 4102 4103 4104
0 1 -1
0 -1 0
0 -1 -1
0 1 1
3 4107 4110 4113
2 4108 4109
0 -1 -1
0 1 0
2 4111 4112
0 0 0
0 -1 1
2 4114 4117
2 4115 4116
0 1 -1
0 1 1
0 0 -1
2 4119 4144
2 4120 4132
3 4121 4124 4129
2 4122 4123
0 1 1
0 1 -1
2 4125 4128
2 4126 4127
0 1 0
0 1 1
0 0 1
2 4130 4131
0 -1 1
0 -1 0
2 4133 4139
2 4134 4135
0 1 -1
3 4136 4137 4138
0 -1 1
0 -1 0
0 0 -1
2 4140 4141
0 0 1
2 4142 4143
0 1 -1
0 0 1
3 4145 4153 4161
2 4146 4149
2 4147 4148
0 1 1
0 0 1
3 4150 4151 4152
0 0 0
0 -1 1
0 -1 -1
2 4154 4157
2 4155 4156
0 0 -1
0 0 1
3 4158 4159 4160
0 1 1
0 0 1
0 1 1
3 4162 4163 4164
0 -1 0
0 1 -1
2 4165 4168
2 4166 4167
0 -1 1
0 1 -1
0 -1 1
3 4170 4448 4725
4 4171 4240 4309 4379
2 4172 4206
2 4173 4190
2 4174 4182
2 4175 4178
2 4176 4177
0 -1 1
0 -1 -1
3 4179 4180 4181
0 1 1
0 1 1
0 -1 -1
2 4183 4187
3 4184 4185 4186
0 -1 1
0 -1 1
0 -1 1
2 4188 4189
0 -1 1
0 1 0
3 4191 4196 4201
2 4192 4195
2 4193 4194
0 -1 -1
0 0 0
0 0 0
2 4197 4200
2 4198 4199
0 1 -1
0 1 1
0 0 1
2 4202 4205
2 4203 4204
0 1 1
0 -1 1
0 0 0
4 4207 4215 4223 4231
2 4208 4212
3 4209 4210 4211
0 0 0
0 0 1
0 0 -1
2 4213 4214
0 0 0
0 0 0
2 4216 4219
2 4217 4218
0 0 -1
0 1 0
3 4220 4221 4222
0 1 0
0 -1 -1
0 1 -1
2 4224 4228
3 4225 4226 4227
0 -1 1
0 0 0
0 -1 -1
2 4229 4230
0 -1 -1
0 0 1
2 4232 4236
3 4233 4234 4235
0 -1 0
0 -1 -1
0 1 0
3 4237 4238 4239
0 -1 0
0 0 0
0 0 -1
2 4241 4275
4 4242 4250 4258 4267
2 4243 4247
3 4244 4245 4246
0 0 0
0 -1 1
0 1 -1
2 4248 4249
0 0 -1
0 -1 1
2 4251 4254
2 4252 4253
0 1 0
0 1 -1
3 4255 4256 4257
0 1 0
0 0 0
0 -1 -1
2 4259 4263
3 4260 4261 4262
0 -1 -1
0 1 0
0 -1 -1
3 4264 4265 4266
0 -1 1
0 -1 0
0 0 0
2 4268 4272
3 4269 4270 4271
0 1 -1
0 0 -1
0 0 -1
2 4273 4274
0 1 0
0 1 1
2 4276 4292
3 4277 4282 4287
2 4278 4281
2 4279 4280
0 0 -1
0 -1 -1
0 0 1
2 4283 4286
2 4284 4285
0 0 -1
0 -1 0
0 1 0
2 4288 4289
0 0 1
2 4290 4291
0 0 1
0 0 0
2 4293 4301
2 4294 4298
3 4295 4296 4297
0 -1 -1
0 1 0
0 0 -1
2 4299 4300
0 1 0
0 1 0
2 4302 4306
3 4303 4304 4305
0 1 1
0 -1 1
0 1 -1
2 4307 4308
0 -1 1
0 -1 -1
3 4310 4333 4356
2 4311 4322
2 4312 4317
2 4313 4314
0 0 -1
2 4315 4316
0 -1 1
0 -1 1
2 4318 4321
2 4319 4320
0 0 1
0 0 1
0 1 1
4 4323 4324 4325 4326
0 1 1
0 1 1
0 0 -1
2 4327 4330
2 4328 4329
0 -1 1
0 -1 -1
2 4331 4332
0 1 1
0 0 0
3 4334 4342 4349
3 4335 4336 4337
0 0 0
0 0 -1
2 4338 4341
2 4339 4340
0 -1 -1
0 0 1
0 -1 0
2 4343 4346
2 4344 4345
0 1 0
0 -1 1
2 4347 4348
0 0 0
0 1 1
2 4350 4353
2 4351 4352
0 0 -1
0 -1 0
2 4354 4355
0 1 0
0 0 1
2 4357 4368
4 4358 4359 4366 4367
0 0 0
2 4360 4363
2 4361 4362
0 1 0
0 -1 -1
2 4364 4365
0 0 1
0 -1 1
0 1 1
0 1 -1
3 4369 4373 4376
3 4370 4371 4372
0 -1 0
0 -1 0
0 1 -1
2 4374 4375
0 1 0
0 -1 0
2 4377 4378
0 0 0
0 1 0
3 4380 4402 4426
2 4381 4391
4 4382 4383 4384 4390
0 0 1
0 0 -1
2 4385 4386
0 -1 -1
3 4387 4388 4389
0 -1 1
0 1 -1
0 -1 1
0 0 -1
2 4392 4397
2 4393 4396
2 4394 4395
0 1 1
0 0 1
0 1 0
2 4398 4399
0 1 -1
2 4400 4401
0 0 0
0 0 -1
3 4403 4410 4419
2 4404 4407
2 4405 4406
0 1 1
0 0 1
2 4408 4409
0 0 -1
0 0 1
2 4411 4415
3 4412 4413 4414
0 0 1
0 -1 0
0 0 0
3 4416 4417 4418
0 0 0
0 0 1
0 1 -1
2 4420 4423
2 4421 4422
0 -1 1
0 -1 -1
2 4424 4425
0 -1 1
0 1 -1
4 4427 4432 4437 4442
2 4428 4431
2 4429 4430
0 0 -1
0 0 0
0 0 1
2 4433 4436
2 4434 4435
0 0 1
0 -1 1
0 0 1
2 4438 4439
0 1 0
2 4440 4441
0 0 1
0 1 -1
2 4443 4444
0 1 -1
3 4445 4446 4447
0 -1 -1
0 -1 0
0 1 0
4 4449 4518 4587 4656
3 4450 4474 4496
2 4451 4463
2 4452 4458
2 4453 4457
3 4454 4455 4456
0 1 -1
0 1 1
0 -1 0
0 -1 -1
2 4459 4462
2 4460 4461
0 -1 0
0 0 1
0 0 -1
3 4464 4467 4470
2 4465 4466
0 -1 0
0 0 0
2 4468 4469
0 1 -1
0 1 1
3 4471 4472 4473
0 1 -1
0 1 -1
0 0 1
3 4475 4482 4489
2 4476 4479
2 4477 4478
0 0 0
0 0 1
2 4480 4481
0 1 1
0 0 0
2 4483 4486
2 4484 4485
0 0 1
0 0 -1
2 4487 4488
0 -1 -1
0 -1 -1
2 4490 4493
2 4491 4492
0 0 0
0 1 1
2 4494 4495
0 1 1
0 -1 1
2 4497 4508
3 4498 4502 4505
3 4499 4500 4501
0 0 -1
0 1 -1
0 -1 -1
2 4503 4504
0 0 1
0 0 1
2 4506 4507
0 -1 -1
0 0 -1
3 4509 4512 4515
2 4510 4511
0 0 -1
0 -1 -1
2 4513 4514
0 1 1
0 0 -1
2 4516 4517
0 0 0
0 0 1
4 4519 4536 4553 4570
3 4520 4526 4531
2 4521 4525
3 4522 4523 4524
0 -1 -1
0 -1 0
0 0 1
0 -1 0
2 4527 4528
0 -1 -1
2 4529 4530
0 0 0
0 0 -1
2 4532 4535
2 4533 4534
0 1 -1
0 0 1
0 -1 -1
3 4537 4542 4547
2 4538 4539
0 -1 1
2 4540 4541
0 1 0
0 0 0
2 4543 4546
2 4544 4545
0 0 -1
0 1 0
0 0 0
2 4548 4549
0 -1 1
3 4550 4551 4552
0 1 0
0 1 -1
0 0 -1
2 4554 4562
3 4555 4560 4561
2 4556 4559
2 4557 4558
0 -1 -1
0 1 -1
0 -1 0
0 1 -1
0 -1 0
3 4563 4564 4565
0 0 -1
0 -1 0
2 4566 4569
2 4567 4568
0 1 0
0 -1 -1
0 0 -1
2 4571 4579
2 4572 4575
2 4573 4574
0 1 -1
0 1 -1
3 4576 4577 4578
0 1 -1
0 0 -1
0 1 0
3 4580 4581 4586
0 -1 -1
2 4582 4585
2 4583 4584
0 0 1
0 -1 1
0 0 -1
0 0 0
2 4588 4622
3 4589 4600 4611
4 4590 4597 4598 4599
2 4591 4594
2 4592 4593
0 -1 -1
0 1 -1
2 4595 4596
0 0 1
0 -1 1
0 0 0
0 0 -1
0 -1 0
3 4601 4605 4608
3 4602 4603 4604
0 1 1
0 0 0
0 0 1
2 4606 4607
0 1 0
0 1 1
2 4609 4610
0 -1 0
0 0 0
4 4612 4619 4620 4621
2 4613 4616
2 4614 4615
0 -1 -1
0 1 0
2 4617 4618
0 1 -1
0 -1 0
0 1 0
0 0 -1
0 -1 0
3 4623 4634 4645
3 4624 4627 4630
2 4625 4626
0 0 -1
0 -1 0
2 4628 4629
0 0 0
0 1 -1
3 4631 4632 4633
0 -1 0
0 1 -1
0 -1 -1
3 4635 4638 4641
2 4636 4637
0 -1 -1
0 1 1
2 4639 4640
0 1 0
0 -1 1
3 4642 4643 4644
0 1 1
0 1 0
0 0 0
4 4646 4647 4648 4655
0 -1 1
0 0 -1
2 4649 4652
2 4650 4651
0 1 0
0 -1 -1
2 4653 4654
0 1 0
0 0 -1
0 -1 0
2 4657 4691
2 4658 4674
4 4659 4665 4668 4671
2 4660 4661
0 1 -1
3 4662 4663 4664
0 -1 1
0 1 1
0 1 0
2 4666 4667
0 -1 0
0 1 0
2 4669 4670
0 1 -1
0 0 0
2 4672 4673
0 -1 1
0 0 0
4 4675 4679 4683 4687
3 4676 4677 4678
0 -1 0
0 0 -1
0 -1 0
3 4680 4681 4682
0 -1 0
0 -1 -1
0 -1 -1
3 4684 4685 4686
0 1 0
0 1 0
0 1 1
3 4688 4689 4690
0 -1 1
0 -1 1
0 -1 0
2 4692 4709
4 4693 4697 4701 4705
3 4694 4695 4696
0 0 1
0 0 0
0 0 1
3 4698 4699 4700
0 0 -1
0 0 0
0 -1 0
3 4702 4703 4704
0 1 1
0 1 1
0 -1 0
3 4706 4707 4708
0 0 1
0 -1 1
0 -1 -1
3 4710 4715 4720
2 4711 4714
2 4712 4713
0 -1 -1
0 -1 1
0 1 0
2 4716 4719
2 4717 4718
0 1 -1
0 0 1
0 -1 -1
2 4721 4724
2 4722 4723
0 -1 -1
0 0 0
0 0 0
4 4726 4795 4864 4933
3 4727 4751 4773
2 4728 4739
2 4729 4734
2 4730 4731
0 1 -1
2 4732 4733
0 -1 0
0 0 0
2 4735 4736
0 -1 0
2 4737 4738
0 -1 -1
0 1 1
3 4740 4743 4748
2 4741 4742
0 0 -1
0 -1 0
2 4744 4747
2 4745 4746
0 0 -1
0 -1 0
0 1 1
2 4749 4750
0 1 1
0 0 -1
4 4752 4757 4762 4768
2 4753 4756
2 4754 4755
0 1 -1
0 1 -1
0 1 0
2 4758 4759
0 1 -1
2 4760 4761
0 0 1
0 1 -1
2 4763 4767
3 4764 4765 4766
0 0 -1
0 0 -1
0 0 0
0 0 0
2 4769 4772
2 4770 4771
0 0 1
0 0 0
0 -1 0
3 4774 4781 4788
2 4775 4778
2 4776 4777
0 0 0
0 1 1
2 4779 4780
0 1 0
0 -1 -1
2 4782 4785
2 4783 4784
0 -1 -1
0 -1 -1
2 4786 4787
0 0 -1
0 -1 1
2 4789 4792
2 4790 4791
0 1 0
0 0 1
2 4793 4794
0 1 1
0 0 0
3 4796 4818 4840
2 4797 4808
2 4798 4803
2 4799 4802
2 4800 4801
0 -1 0
0 0 -1
0 -1 -1
2 4804 4807
2 4805 4806
0 -1 0
0 1 1
0 0 0
2 4809 4813
3 4810 4811 4812
0 0 -1
0 1 0
0 -1 0
2 4814 4815
0 1 -1
2 4816 4817
0 -1 -1
0 0 0
4 4819 4825 4830 4835
2 4820 4821
0 -1 1
3 4822 4823 4824
0 1 1
0 0 0
0 0 -1
2 4826 4829
2 4827 4828
0 1 -1
0 0 1
0 0 0
2 4831 4834
2 4832 4833
0 0 0
0 0 1
0 -1 0
2 4836 4837
0 1 -1
2 4838 4839
0 -1 1
0 1 -1
2 4841 4852
2 4842 4847
2 4843 4846
2 4844 4845
0 1 -1
0 -1 1
0 -1 -1
2 4848 4851
2 4849 4850
0 -1 1
0 0 -1
0 -1 0
3 4853 4856 4859
2 4854 4855
0 1 -1
0 -1 0
2 4857 4858
0 0 -1
0 -1 1
2 4860 4861
0 0 1
2 4862 4863
0 0 0
0 1 -1
2 4865 4899
3 4866 4877 4888
2 4867 4872
2 4868 4871
2 4869 4870
0 0 0
0 -1 1
0 0 -1
2 4873 4874
0 1 -1
2 4875 4876
0 1 -1
0 0 1
2 4878 4883
2 4879 4880
0 0 1
2 4881 4882
0 0 0
0 0 1
2 4884 4885
0 1 -1
2 4886 4887
0 1 0
0 1 -1
3 4889 4893 4896
3 4890 4891 4892
0 -1 1
0 1 -1
0 1 -1
2 4894 4895
0 0 -1
0 1 0
2 4897 4898
0 0 1
0 0 1
4 4900 4908 4917 4925
2 4901 4905
3 4902 4903 4904
0 -1 1
0 -1 0
0 1 0
2 4906 4907
0 1 -1
0 -1 1
2 4909 4913
3 4910 4911 4912
0 0 -1
0 0 -1
0 -1 0
3 4914 4915 4916
0 1 1
0 -1 -1
0 1 1
2 4918 4922
3 4919 4920 4921
0 0 0
0 1 -1
0 -1 0
2 4923 4924
0 0 1
0 1 -1
3 4926 4927 4932
0 -1 0
2 4928 4929
0 0 0
2 4930 4931
0 0 0
0 1 0
0 0 0
2 4934 4968
2 4935 4951
4 4936 4939 4942 4945
2 4937 4938
0 1 0
0 0 1
2 4940 4941
0 1 -1
0 0 0
2 4943 4944
0 0 0
0 -1 -1
2 4946 4947
0 0 -1
3 4948 4949 4950
0 0 0
0 1 0
0 -1 -1
2 4952 4960
2 4953 4957
3 4954 4955 4956
0 1 0
0 0 -1
0 1 0
2 4958 4959
0 0 0
0 0 0
2 4961 4964
2 4962 4963
0 0 0
0 -1 1
3 4965 4966 4967
0 -1 0
0 -1 -1
0 1 -1
2 4969 4985
2 4970 4978
2 4971 4974
2 4972 4973
0 1 1
0 -1 1
3 4975 4976 4977
0 -1 -1
0 0 -1
0 -1 0
2 4979 4982
2 4980 4981
0 -1 0
0 -1 1
2 4983 4984
0 1 -1
0 0 -1
2 4986 4994
3 4987 4988 4989
0 0 -1
0 1 1
2 4990 4991
0 -1 -1
2 4992 4993
0 0 1
0 1 0
2 4995 4999
3 4996 4997 4998
0 -1 0
0 -1 1
0 1 0
2 5000 5001
0 1 1
0 -1 0
4 5003 5211 5419 5627
2 5004 5107
2 5005 5056
2 5006 5031
3 5007 5015 5023
2 5008 5011
2 5009 5010
0 -1 -1
0 0 0
3 5012 5013 5014
0 -1 0
0 0 0
0 0 1
3 5016 5017 5018
0 1 1
0 -1 1
2 5019 5020
0 0 1
2 5021 5022
0 1 -1
0 -1 -1
2 5024 5028
3 5025 5026 5027
0 1 -1
0 -1 0
0 -1 -1
2 5029 5030
0 0 -1
0 1 -1
2 5032 5044
3 5033 5038 5041
2 5034 5037
2 5035 5036
0 0 0
0 1 0
0 -1 -1
2 5039 5040
0 0 0
0 -1 0
2 5042 5043
0 0 -1
0 0 -1
4 5045 5046 5047 5055
0 0 -1
0 -1 -1
3 5048 5049 5050
0 -1 -1
0 1 -1
4 5051 5052 5053 5054
0 1 0
0 0 0
0 0 0
0 1 1
0 0 -1
4 5057 5069 5083 5095
4 5058 5059 5060 5061
0 1 1
0 0 0
0 0 0
3 5062 5067 5068
2 5063 5066
2 5064 5065
0 -1 1
0 1 1
0 1 0
0 0 1
0 -1 1
4 5070 5073 5077 5080
2 5071 5072
0 -1 1
0 1 1
3 5074 5075 5076
0 -1 1
0 1 -1
0 1 1
2 5078 5079
0 0 -1
0 1 1
2 5081 5082
0 -1 0
0 0 -1
4 5084 5092 5093 5094
2 5085 5088
2 5086 5087
0 1 0
0 0 0
3 5089 5090 5091
0 1 1
0 1 0
0 0 0
0 0 -1
0 -1 0
0 -1 -1
2 5096 5102
2 5097 5101
3 5098 5099 5100
0 1 1
0 -1 1
0 1 1
0 -1 0
2 5103 5106
2 5104 5105
0 -1 -1
0 -1 0
0 1 1
3 5108 5142 5176
4 5109 5118 5126 5134
2 5110 5114
3 5111 5112 5113
0 1 -1
0 0 0
0 1 0
3 5115 5116 5117
0 1 -1
0 -1 1
0 1 1
3 5119 5120 5121
0 1 -1
0 0 1
2 5122 5123
0 1 -1
2 5124 5125
0 -1 0
0 -1 -1
2 5127 5131
3 5128 5129 5130
0 0 1
0 -1 -1
0 -1 1
2 5132 5133
0 1 0
0 0 1
3 5135 5136 5137
0 0 0
0 1 1
2 5138 5139
0 0 1
2 5140 5141
0 0 0
0 -1 0
4 5143 5151 5159 5168
2 5144 5147
2 5145 5146
0 0 1
0 -1 -1
3 5148 5149 5150
0 -1 -1
0 0 1
0 1 0
2 5152 5156
3 5153 5154 5155
0 1 0
0 0 1
0 -1 -1
2 5157 5158
0 1 -1
0 0 -1
3 5160 5161 5167
0 -1 0
2 5162 5163
0 1 -1
3 5164 5165 5166
0 1 -1
0 0 0
0 1 0
0 0 -1
3 5169 5170 5175
0 -1 0
2 5171 5174
2 5172 5173
0 0 1
0 -1 0
0 0 1
0 0 -1
2 5177 5194
4 5178 5182 5186 5190
3 5179 5180 5181
0 0 1
0 -1 -1
0 0 1
3 5183 5184 5185
0 -1 1
0 -1 -1
0 0 0
3 5187 5188 5189
0 1 -1
0 0 -1
0 0 0
3 5191 5192 5193
0 -1 1
0 0 1
0 0 1
4 5195 5199 5203 5207
3 5196 5197 5198
0 0 1
0 0 0
0 0 0
3 5200 5201 5202
0 1 1
0 0 -1
0 1 -1
3 5204 5205 5206
0 -1 -1
0 1 -1
0 1 -1
3 5208 5209 5210
0 0 1
0 0 0
0 -1 1
4 5212 5263 5314 5365
3 5213 5231 5247
2 5214 5222
3 5215 5216 5221
0 -1 0
2 5217 5220
2 5218 5219
0 1 1
0 -1 -1
0 1 -1
0 0 1
3 5223 5229 5230
2 5224 5228
3 5225 5226 5227
0 0 -1
0 1 0
0 1 -1
0 1 1
0 1 1
0 -1 1
4 5232 5235 5238 5244
2 5233 5234
0 1 -1
0 -1 -1
2 5236 5237
0 -1 0
0 -1 1
2 5239 5240
0 0 -1
3 5241 5242 5243
0 0 -1
0 -1 1
0 0 -1
2 5245 5246
0 0 -1
0 0 -1
2 5248 5255
2 5249 5252
2 5250 5251
0 1 0
0 0 0
2 5253 5254
0 1 -1
0 -1 0
3 5256 5261 5262
2 5257 5260
2 5258 5259
0 1 -1
0 0 0
0 1 1
0 0 1
0 0 -1
2 5264 5289
2 5265 5277
2 5266 5272
2 5267 5271
3 5268 5269 5270
0 1 0
0 0 1
0 0 -1
0 0 0
2 5273 5274
0 0 0
2 5275 5276
0 1 1
0 0 1
2 5278 5283
2 5279 5280
0 1 0
2 5281 5282
0 -1 1
0 -1 -1
2 5284 5285
0 -1 -1
3 5286 5287 5288
0 1 0
0 0 1
0 -1 1
2 5290 5302
3 5291 5294 5297
2 5292 5293
0 -1 -1
0 1 -1
2 5295 5296
0 1 0
0 -1 0
2 5298 5299
0 1 0
2 5300 5301
0 0 1
0 0 -1
2 5303 5308
2 5304 5307
2 5305 5306
0 1 0
0 1 -1
0 0 -1
2 5309 5310
0 0 0
3 5311 5312 5313
0 -1 -1
0 1 1
0 -1 0
3 5315 5333 5349
4 5316 5320 5324 5329
3 5317 5318 5319
0 -1 0
0 0 1
0 -1 1
3 5321 5322 5323
0 0 1
0 -1 -1
0 -1 0
2 5325 5326
0 -1 1
2 5327 5328
0 -1 1
0 0 0
3 5330 5331 5332
0 0 1
0 -1 -1
0 1 0
4 5334 5337 5340 5346
2 5335 5336
0 0 -1
0 -1 0
2 5338 5339
0 1 -1
0 0 0
2 5341 5342
0 -1 0
3 5343 5344 5345
0 0 1
0 0 1
0 1 1
2 5347 5348
0 -1 -1
0 1 0
3 5350 5355 5360
2 5351 5352
0 -1 -1
2 5353 5354
0 1 1
0 1 -1
2 5356 5357
0 0 -1
2 5358 5359
0 -1 0
0 1 1
2 5361 5364
2 5362 5363
0 0 1
0 1 0
0 1 -1
2 5366 5393
3 5367 5375 5383
3 5368 5369 5374
0 1 1
2 5370 5371
0 0 0
2 5372 5373
0 -1 0
0 -1 1
0 -1 -1
3 5376 5377 5378
0 0 1
0 1 -1
2 5379 5380
0 -1 -1
2 5381 5382
0 0 0
0 1 -1
2 5384 5388
3 5385 5386 5387
0 1 0
0 1 1
0 1 0
2 5389 5392
2 5390 5391
0 0 1
0 1 1
0 1 -1
2 5394 5406
4 5395 5396 5397 5398
0 -1 0
0 0 -1
0 0 1
3 5399 5400 5401
0 1 -1
0 0 0
2 5402 5405
2 5403 5404
0 -1 1
0 -1 1
0 -1 -1
2 5407 5413
2 5408 5409
0 1 -1
3 5410 5411 5412
0 -1 1
0 -1 0
0 1 -1
2 5414 5415
0 1 0
3 5416 5417 5418
0 -1 -1
0 -1 0
0 -1 -1
3 5420 5489 5558
2 5421 5455
3 5422 5433 5444
2 5423 5428
2 5424 5425
0 -1 -1
2 5426 5427
0 -1 0
0 1 1
2 5429 5432
2 5430 5431
0 0 0
0 1 1
0 1 -1
2 5434 5439
2 5435 5438
2 5436 5437
0 1 -1
0 1 -1
0 0 0
2 5440 5443
2 5441 5442
0 1 1
0 1 1
0 1 -1
2 5445 5450
2 5446 5449
2 5447 5448
0 -1 1
0 0 -1
0 1 0
2 5451 5452
0 1 -1
2 5453 5454
0 0 1
0 1 -1
2 5456 5472
3 5457 5462 5467
2 5458 5461
2 5459 5460
0 0 0
0 -1 1
0 0 0
2 5463 5466
2 5464 5465
0 1 0
0 -1 0
0 0 1
2 5468 5469
0 0 0
2 5470 5471
0 -1 -1
0 0 1
2 5473 5481
3 5474 5475 5476
0 -1 -1
0 0 0
2 5477 5478
0 0 0
2 5479 5480
0 0 -1
0 -1 1
3 5482 5483 5484
0 1 -1
0 1 1
2 5485 5486
0 -1 0
2 5487 5488
0 1 -1
0 -1 1
4 5490 5507 5524 5541
3 5491 5496 5502
2 5492 5495
2 5493 5494
0 0 0
0 0 1
0 1 0
2 5497 5501
3 5498 5499 5500
0 -1 0
0 -1 1
0 1 1
0 0 -1
2 5503 5504
0 0 0
2 5505 5506
0 -1 -1
0 1 0
4 5508 5512 5516 5520
3 5509 5510 5511
0 0 1
0 0 -1
0 0 -1
3 5513 5514 5515
0 1 -1
0 0 -1
0 1 0
3 5517 5518 5519
0 1 0
0 1 1
0 1 1
3 5521 5522 5523
0 0 -1
0 1 -1
0 -1 -1
2 5525 5533
3 5526 5527 5532
0 1 -1
2 5528 5531
2 5529 5530
0 0 0
0 0 0
0 -1 -1
0 -1 1
3 5534 5539 5540
2 5535 5538
2 5536 5537
0 -1 1
0 1 -1
0 -1 0
0 0 0
0 -1 -1
4 5542 5546 5550 5554
3 5543 5544 5545
0 -1 0
0 1 -1
0 -1 1
3 5547 5548 5549
0 1 1
0 -1 0
0 1 0
3 5551 5552 5553
0 -1 -1
0 -1 -1
0 -1 1
3 5555 5556 5557
0 0 -1
0 1 -1
0 1 -1
4 5559 5576 5593 5610
4 5560 5564 5568 5572
3 5561 5562 5563
0 0 0
0 0 0
0 -1 0
3 5565 5566 5567
0 -1 -1
0 -1 1
0 1 0
3 5569 5570 5571
0 -1 0
0 -1 0
0 1 0
3 5573 5574 5575
0 1 1
0 0 -1
0 0 0
3 5577 5582 5587
2 5578 5579
0 1 -1
2 5580 5581
0 -1 0
0 0 0
2 5583 5584
0 1 -1
2 5585 5586
0 0 0
0 1 -1
2 5588 5589
0 -1 1
3 5590 5591 5592
0 0 0
0 -1 1
0 1 -1
4 5594 5598 5602 5606
3 5595 5596 5597
0 1 0
0 -1 0
0 -1 0
3 5599 5600 5601
0 1 0
0 -1 1
0 0 -1
3 5603 5604 5605
0 -1 1
0 -1 0
0 -1 0
3 5607 5608 5609
0 0 0
0 1 0
0 -1 -1
3 5611 5616 5621
2 5612 5613
0 0 -1
2 5614 5615
0 1 0
0 1 0
2 5617 5620
2 5618 5619
0 -1 1
0 0 0
0 1 0
2 5622 5623
0 1 -1
3 5624 5625 5626
0 0 -1
0 0 1
0 1 1
3 5628 5697 5766
3 5629 5653 5675
3 5630 5639 5646
3 5631 5637 5638
2 5632 5636
3 5633 5634 5635
0 1 1
0 1 -1
0 -1 1
0 1 -1
0 1 1
0 -1 -1
2 5640 5643
2 5641 5642
0 0 0
0 -1 -1
2 5644 5645
0 -1 -1
0 1 -1
2 5647 5650
2 5648 5649
0 -1 0
0 0 -1
2 5651 5652
0 0 -1
0 0 -1
2 5654 5665
2 5655 5660
2 5656 5657
0 0 1
2 5658 5659
0 1 -1
0 -1 1
2 5661 5662
0 -1 1
2 5663 5664
0 -1 -1
0 0 1
2 5666 5671
2 5667 5668
0 0 -1
2 5669 5670
0 1 0
0 1 1
3 5672 5673 5674
0 0 -1
0 0 -1
0 -1 1
2 5676 5687
3 5677 5680 5684
2 5678 5679
0 1 1
0 -1 -1
3 5681 5682 5683
0 1 -1
0 -1 0
0 1 -1
2 5685 5686
0 -1 0
0 -1 0
4 5688 5689 5690 5696
0 0 1
0 1 -1
2 5691 5695
3 5692 5693 5694
0 0 -1
0 -1 1
0 0 1
0 -1 0
0 -1 0
3 5698 5722 5744
3 5699 5706 5713
2 5700 5703
2 5701 5702
0 0 -1
0 1 0
2 5704 5705
0 -1 -1
0 -1 1
2 5707 5710
2 5708 5709
0 0 0
0 1 1
2 5711 5712
0 1 0
0 1 1
2 5714 5718
3 5715 5716 5717
0 0 1
0 0 1
0 1 0
3 5719 5720 5721
0 0 0
0 0 1
0 -1 1
3 5723 5730 5737
2 5724 5727
2 5725 5726
0 0 1
0 0 0
2 5728 5729
0 -1 0
0 1 -1
2 5731 5734
2 5732 5733
0 0 -1
0 0 0
2 5735 5736
0 0 1
0 0 -1
2 5738 5741
2 5739 5740
0 -1 1
0 0 -1
2 5742 5743
0 0 -1
0 0 0
4 5745 5750 5755 5761
2 5746 5747
0 1 0
2 5748 5749
0 0 -1
0 1 0
2 5751 5752
0 -1 -1
2 5753 5754
0 1 -1
0 0 -1
2 5756 5757
0 -1 -1
3 5758 5759 5760
0 1 0
0 -1 -1
0 0 1
2 5762 5763
0 -1 -1
2 5764 5765
0 -1 -1
0 1 0
4 5767 5784 5801 5818
3 5768 5773 5778
2 5769 5770
0 1 -1
2 5771 5772
0 -1 0
0 0 0
2 5774 5777
2 5775 5776
0 0 0
0 1 -1
0 1 1
2 5779 5780
0 0 -1
3 5781 5782 5783
0 1 1
0 1 0
0 0 -1
2 5785 5793
2 5786 5789
2 5787 5788
0 0 -1
0 -1 -1
3 5790 5791 5792
0 -1 0
0 1 1
0 1 0
2 5794 5798
3 5795 5796 5797
0 -1 1
0 -1 0
0 0 1
2 5799 5800
0 0 -1
0 -1 -1
2 5802 5810
3 5803 5804 5809
0 0 -1
2 5805 5808
2 5806 5807
0 0 1
0 -1 0
0 -1 -1
0 0 -1
2 5811 5815
3 5812 5813 5814
0 -1 -1
0 -1 0
0 -1 1
2 5816 5817
0 1 1
0 0 0
3 5819 5825 5830
2 5820 5824
3 5821 5822 5823
0 0 -1
0 1 -1
0 1 -1
0 1 1
2 5826 5827
0 1 0
2 5828 5829
0 0 1
0 0 1
2 5831 5834
2 5832 5833
0 1 0
0 1 -1
0 0 -1
3 5836 6113 6391
4 5837 5906 5975 6044
4 5838 5855 5872 5889
3 5839 5844 5849
2 5840 5843
2 5841 5842
0 1 -1
0 1 1
0 0 -1
2 5845 5848
2 5846 5847
0 0 1
0 -1 -1
0 -1 1
2 5850 5854
3 5851 5852 5853
0 0 -1
0 0 0
0 0 -1
0 1 1
2 5856 5864
2 5857 5860
2 5858 5859
0 0 1
0 1 1
3 5861 5862 5863
0 0 -1
0 -1 1
0 -1 -1
3 5865 5870 5871
2 5866 5869
2 5867 5868
0 0 -1
0 0 0
0 0 1
0 -1 1
0 1 1
2 5873 5881
2 5874 5878
3 5875 5876 5877
0 0 -1
0 -1 0
0 1 1
2 5879 5880
0 -1 -1
0 -1 0
2 5882 5885
2 5883 5884
0 0 -1
0 -1 1
3 5886 5887 5888
0 1 0
0 -1 0
0 0 0
2 5890 5898
2 5891 5894
2 5892 5893
0 0 -1
0 1 1
3 5895 5896 5897
0 0 -1
0 0 1
0 -1 -1
3 5899 5904 5905
2 5900 5903
2 5901 5902
0 -1 -1
0 0 1
0 -1 -1
0 -1 -1
0 0 0
3 5907 5931 5953
3 5908 5915 5922
2 5909 5912
2 5910 5911
0 1 -1
0 0 0
2 5913 5914
0 0 1
0 1 -1
2 5916 5919
2 5917 5918
0 1 0
0 -1 -1
2 5920 5921
0 1 0
0 0 1
2 5923 5927
3 5924 5925 5926
0 -1 1
0 0 1
0 -1 0
3 5928 5929 5930
0 0 0
0 -1 -1
0 0 0
2 5932 5942
3 5933 5936 5939
2 5934 5935
0 -1 0
0 1 0
2 5937 5938
0 0 -1
0 0 0
2 5940 5941
0 0 1
0 1 0
4 5943 5944 5945 5952
0 0 -1
0 1 1
2 5946 5949
2 5947 5948
0 -1 1
0 0 -1
2 5950 5951
0 1 1
0 0 1
0 1 1
4 5954 5959 5964 5969
2 5955 5958
2 5956 5957
0 1 0
0 0 0
0 0 -1
2 5960 5961
0 -1 -1
2 5962 5963
0 1 1
0 1 0
2 5965 5968
2 5966 5967
0 1 1
0 1 0
0 0 1
2 5970 5971
0 1 1
3 5972 5973 5974
0 -1 -1
0 0 0
0 1 0
4 5976 5993 6010 6027
2 5977 5985
2 5978 5982
3 5979 5980 5981
0 0 1
0 -1 -1
0 0 1
2 5983 5984
0 -1 1
0 -1 1
3 5986 5987 5988
0 0 -1
0 -1 1
2 5989 5990
0 -1 0
2 5991 5992
0 0 1
0 1 1
2 5994 6002
3 5995 5996 5997
0 1 0
0 0 1
2 5998 6001
2 5999 6000
0 -1 -1
0 1 -1
0 0 -1
2 6003 6006
2 6004 6005
0 1 -1
0 1 0
3 6007 6008 6009
0 -1 1
0 0 0
0 0 0
2 6011 6019
2 6012 6016
3 6013 6014 6015
0 0 0
0 1 -1
0 -1 1
2 6017 6018
0 1 -1
0 -1 1
2 6020 6023
2 6021 6022
0 1 -1
0 0 -1
3 6024 6025 6026
0 0 -1
0 -1 1
0 -1 0
3 6028 6033 6039
2 6029 6032
2 6030 6031
0 0 -1
0 1 0
0 0 0
2 6034 6038
3 6035 6036 6037
0 0 1
0 0 -1
0 0 -1
0 1 -1
2 6040 6041
0 1 1
2 6042 6043
0 -1 0
0 1 1
4 6045 6062 6079 6096
2 6046 6054
2 6047 6050
2 6048 6049
0 -1 0
0 1 0
3 6051 6052 6053
0 0 1
0 -1 -1
0 1 1
3 6055 6060 6061
2 6056 6057
0 0 0
2 6058 6059
0 0 0
0 1 1
0 0 0
0 0 1
3 6063 6068 6074
2 6064 6067
2 6065 6066
0 1 1
0 -1 0
0 0 1
2 6069 6070
0 1 1
3 6071 6072 6073
0 0 -1
0 1 0
0 1 1
2 6075 6076
0 0 -1
2 6077 6078
0 1 1
0 -1 -1
3 6080 6085 6091
2 6081 6084
2 6082 6083
0 1 0
0 -1 0
0 -1 0
2 6086 6087
0 1 0
3 6088 6089 6090
0 0 0
0 0 0
0 -1 -1
2 6092 6095
2 6093 6094
0 1 0
0 -1 0
0 -1 -1
2 6097 6105
2 6098 6102
3 6099 6100 6101
0 0 0
0 0 -1
0 -1 1
2 6103 6104
0 -1 -1
0 0 -1
2 6106 6109
2 6107 6108
0 0 -1
0 1 1
3 6110 6111 6112
0 1 0
0 1 1
0 0 0
4 6114 6184 6253 6322
3 6115 6138 6161
2 6116 6127
4 6117 6118 6125 6126
0 -1 1
2 6119 6122
2 6120 6121
0 1 1
0 -1 0
2 6123 6124
0 -1 0
0 -1 1
0 1 -1
0 -1 1
2 6128 6133
2 6129 6130
0 1 1
2 6131 6132
0 -1 -1
0 1 1
2 6134 6137
2 6135 6136
0 0 -1
0 -1 0
0 -1 -1
2 6139 6150
4 6140 6147 6148 6149
2 6141 6144
2 6142 6143
0 -1 -1
0 0 1
2 6145 6146
0 1 -1
0 -1 1
0 -1 -1
0 1 -1
0 -1 0
2 6151 6156
2 6152 6153
0 -1 0
2 6154 6155
0 0 -1
0 0 1
2 6157 6158
0 -1 1
2 6159 6160
0 0 1
0 -1 -1
3 6162 6170 6177
2 6163 6167
3 6164 6165 6166
0 1 -1
0 0 1
0 -1 -1
2 6168 6169
0 -1 0
0 0 -1
2 6171 6174
2 6172 6173
0 -1 0
0 1 -1
2 6175 6176
0 0 1
0 0 -1
2 6178 6181
2 6179 6180
0 1 1
0 1 1
2 6182 6183
0 1 0
0 0 1
3 6185 6209 6231
2 6186 6198
2 6187 6192
2 6188 6189
0 0 -1
2 6190 6191
0 0 0
0 0 1
2 6193 6194
0 1 -1
3 6195 6196 6197
0 0 -1
0 1 -1
0 0 0
2 6199 6204
2 6200 6203
2 6201 6202
0 1 -1
0 1 0
0 1 -1
2 6205 6206
0 1 -1
2 6207 6208
0 -1 0
0 -1 -1
3 6210 6217 6224
2 6211 6214
2 6212 6213
0 1 1
0 0 0
2 6215 6216
0 1 0
0 1 1
2 6218 6221
2 6219 6220
0 1 0
0 -1 0
2 6222 6223
0 -1 1
0 0 0
2 6225 6228
2 6226 6227
0 -1 0
0 0 0
2 6229 6230
0 -1 -1
0 -1 1
3 6232 6239 6246
2 6233 6236
2 6234 6235
0 -1 1
0 -1 0
2 6237 6238
0 0 1
0 1 1
2 6240 6243
2 6241 6242
0 -1 1
0 0 0
2 6244 6245
0 1 0
0 0 1
2 6247 6250
2 6248 6249
0 -1 0
0 -1 0
2 6251 6252
0 -1 1
0 -1 0
2 6254 6288
3 6255 6266 6277
3 6256 6260 6263
3 6257 6258 6259
0 1 0
0 0 0
0 0 -1
2 6261 6262
0 -1 1
0 0 0
2 6264 6265
0 0 -1
0 0 -1
3 6267 6270 6274
2 6268 6269
0 0 0
0 -1 -1
3 6271 6272 6273
0 0 -1
0 1 -1
0 0 -1
2 6275 6276
0 0 0
0 0 -1
2 6278 6283
2 6279 6280
0 1 -1
2 6281 6282
0 1 0
0 1 0
2 6284 6285
0 1 1
2 6286 6287
0 1 1
0 0 0
2 6289 6306
2 6290 6298
3 6291 6292 6297
0 -1 0
2 6293 6296
2 6294 6295
0 0 1
0 -1 1
0 1 -1
0 1 0
2 6299 6303
3 6300 6301 6302
0 0 1
0 0 1
0 0 -1
2 6304 6305
0 1 -1
0 1 -1
3 6307 6312 6317
2 6308 6311
2 6309 6310
0 1 1
0 0 0
0 0 1
2 6313 6314
0 1 0
2 6315 6316
0 1 1
0 0 1
2 6318 6321
2 6319 6320
0 0 0
0 0 0
0 -1 1
2 6323 6357
4 6324 6332 6341 6349
2 6325 6329
3 6326 6327 6328
0 1 -1
0 -1 1
0 0 1
2 6330 6331
0 0 0
0 0 -1
2 6333 6337
3 6334 6335 6336
0 -1 1
0 0 -1
0 0 -1
3 6338 6339 6340
0 0 1
0 0 0
0 1 0
3 6342 6347 6348
2 6343 6346
2 6344 6345
0 -1 -1
0 0 1
0 -1 1
0 -1 -1
0 0 -1
2 6350 6354
3 6351 6352 6353
0 -1 0
0 1 0
0 -1 0
2 6355 6356
0 0 1
0 0 -1
2 6358 6374
2 6359 6367
2 6360 6363
2 6361 6362
0 -1 1
0 1 -1
3 6364 6365 6366
0 1 0
0 -1 -1
0 0 -1
2 6368 6371
2 6369 6370
0 1 -1
0 1 0
2 6372 6373
0 -1 -1
0 0 0
4 6375 6379 6383 6387
3 6376 6377 6378
0 0 -1
0 -1 0
0 -1 1
3 6380 6381 6382
0 1 1
0 0 -1
0 -1 -1
3 6384 6385 6386
0 0 1
0 -1 1
0 -1 1
3 6388 6389 6390
0 1 1
0 1 -1
0 -1 -1
3 6392 6484 6576
2 6393 6438
3 6394 6410 6424
4 6395 6401 6404 6407
2 6396 6397
0 1 0
3 6398 6399 6400
0 1 0
0 -1 0
0 -1 0
2 6402 6403
0 1 -1
0 -1 0
2 6405 6406
0 1 -1
0 -1 0
2 6408 6409
0 1 -1
0 0 1
2 6411 6418
2 6412 6415
2 6413 6414
0 1 -1
0 -1 0
2 6416 6417
0 1 0
0 0 1
2 6419 6423
3 6420 6421 6422
0 1 0
0 0 0
0 1 -1
0 1 0
4 6425 6429 6432 6435
3 6426 6427 6428
0 0 1
0 -1 1
0 0 1
2 6430 6431
0 -1 -1
0 0 -1
2 6433 6434
0 -1 0
0 0 1
2 6436 6437
0 0 -1
0 0 1
3 6439 6454 6469
4 6440 6445 6448 6451
2 6441 6444
2 6442 6443
0 -1 0
0 1 0
0 1 -1
2 6446 6447
0 0 0
0 -1 -1
2 6449 6450
0 0 0
0 0 -1
2 6452 6453
0 0 -1
0 0 1
2 6455 6462
2 6456 6459
2 6457 6458
0 1 1
0 1 1
2 6460 6461
0 -1 0
0 0 -1
2 6463 6466
2 6464 6465
0 1 -1
0 -1 1
2 6467 6468
0 -1 1
0 -1 -1
2 6470 6477
2 6471 6474
2 6472 6473
0 -1 0
0 0 0
2 6475 6476
0 -1 0
0 0 -1
2 6478 6481
2 6479 6480
0 1 1
0 -1 1
2 6482 6483
0 1 1
0 1 -1
2 6485 6531
3 6486 6501 6516
3 6487 6493 6497
2 6488 6489
0 0 1
3 6490 6491 6492
0 -1 0
0 0 -1
0 1 1
3 6494 6495 6496
0 -1 1
0 0 0
0 0 -1
3 6498 6499 6500
0 1 -1
0 -1 -1
0 1 1
3 6502 6506 6510
3 6503 6504 6505
0 0 0
0 -1 0
0 1 0
3 6507 6508 6509
0 1 0
0 -1 -1
0 -1 0
2 6511 6512
0 1 -1
3 6513 6514 6515
0 0 1
0 0 0
0 -1 -1
2 6517 6524
2 6518 6521
2 6519 6520
0 0 -1
0 0 0
2 6522 6523
0 -1 0
0 0 0
2 6525 6528
2 6526 6527
0 -1 -1
0 1 1
2 6529 6530
0 1 1
0 -1 0
3 6532 6546 6560
4 6533 6536 6539 6543
2 6534 6535
0 0 -1
0 -1 1
2 6537 6538
0 1 1
0 -1 -1
3 6540 6541 6542
0 -1 0
0 1 -1
0 1 -1
2 6544 6545
0 -1 0
0 0 -1
3 6547 6552 6556
2 6548 6549
0 -1 1
2 6550 6551
0 -1 1
0 0 0
3 6553 6554 6555
0 1 -1
0 1 -1
0 -1 -1
3 6557 6558 6559
0 0 0
0 1 1
0 1 1
3 6561 6566 6571
2 6562 6565
2 6563 6564
0 0 0
0 0 1
0 1 1
2 6567 6568
0 1 1
2 6569 6570
0 0 -1
0 0 0
2 6572 6575
2 6573 6574
0 -1 -1
0 1 0
0 -1 -1
3 6577 6608 6638
3 6578 6588 6598
4 6579 6580 6581 6587
0 -1 1
0 1 1
2 6582 6586
3 6583 6584 6585
0 1 -1
0 1 -1
0 -1 -1
0 0 1
0 1 -1
3 6589 6592 6595
2 6590 6591
0 -1 0
0 -1 0
2 6593 6594
0 1 -1
0 0 0
2 6596 6597
0 1 0
0 -1 -1
4 6599 6600 6601 6602
0 1 1
0 0 1
0 -1 0
2 6603 6604
0 1 -1
3 6605 6606 6607
0 1 -1
0 1 0
0 -1 -1
3 6609 6618 6629
2 6610 6614
3 6611 6612 6613
0 1 -1
0 1 -1
0 1 -1
3 6615 6616 6617
0 -1 1
0 -1 1
0 -1 0
3 6619 6623 6626
3 6620 6621 6622
0 1 -1
0 -1 0
0 -1 0
2 6624 6625
0 0 0
0 -1 -1
2 6627 6628
0 1 -1
0 0 1
2 6630 6634
3 6631 6632 6633
0 1 -1
0 1 0
0 1 -1
3 6635 6636 6637
0 1 -1
0 0 0
0 1 -1
4 6639 6646 6653 6660
2 6640 6643
2 6641 6642
0 -1 0
0 1 0
2 6644 6645
0 0 -1
0 0 -1
2 6647 6650
2 6648 6649
0 0 -1
0 1 -1
2 6651 6652
0 1 -1
0 1 -1
2 6654 6657
2 6655 6656
0 1 1
0 0 -1
2 6658 6659
0 -1 0
0 -1 1
3 6661 6662 6663
0 -1 1
0 -1 -1
2 6664 6665
0 0 -1
2 6666 6667
0 -1 -1
0 0 -1
4 6669 7502 8335 9168
3 6670 6947 7224
4 6671 6740 6809 6878
4 6672 6689 6706 6723
4 6673 6677 6681 6685
3 6674 6675 6676
0 -1 0
0 1 -1
0 -1 0
3 6678 6679 6680
0 0 -1
0 1 -1
0 0 1
3 6682 6683 6684
0 -1 0
0 1 -1
0 -1 -1
3 6686 6687 6688
0 -1 1
0 -1 -1
0 -1 -1
4 6690 6694 6698 6702
3 6691 6692 6693
0 1 -1
0 -1 1
0 0 0
3 6695 6696 6697
0 -1 1
0 1 1
0 1 1
3 6699 6700 6701
0 1 0
0 -1 0
0 0 1
3 6703 6704 6705
0 0 1
0 -1 0
0 -1 1
2 6707 6715
2 6708 6712
3 6709 6710 6711
0 1 -1
0 -1 1
0 -1 1
2 6713 6714
0 0 1
0 -1 -1
2 6716 6720
3 6717 6718 6719
0 1 1
0 0 -1
0 1 0
2 6721 6722
0 0 -1
0 0 -1
2 6724 6732
2 6725 6728
2 6726 6727
0 0 -1
0 1 1
3 6729 6730 6731
0 1 1
0 -1 -1
0 -1 0
2 6733 6737
3 6734 6735 6736
0 0 0
0 1 -1
0 0 -1
2 6738 6739
0 -1 0
0 0 1
4 6741 6758 6775 6792
4 6742 6746 6750 6754
3 6743 6744 6745
0 -1 0
0 1 -1
0 0 -1
3 6747 6748 6749
0 -1 0
0 0 -1
0 1 -1
3 6751 6752 6753
0 0 -1
0 0 1
0 0 -1
3 6755 6756 6757
0 -1 0
0 1 1
0 -1 0
3 6759 6764 6770
2 6760 6761
0 0 1
2 6762 6763
0 1 0
0 -1 0
2 6765 6766
0 -1 1
3 6767 6768 6769
0 -1 -1
0 -1 1
0 1 -1
2 6771 6772
0 0 -1
2 6773 6774
0 0 0
0 0 -1
4 6776 6780 6784 6788
3 6777 6778 6779
0 -1 0
0 0 -1
0 1 -1
3 6781 6782 6783
0 0 0
0 1 1
0 0 -1
3 6785 6786 6787
0 1 -1
0 -1 -1
0 -1 0
3 6789 6790 6791
0 -1 1
0 0 1
0 -1 1
4 6793 6797 6801 6805
3 6794 6795 6796
0 -1 0
0 0 0
0 1 1
3 6798 6799 6800
0 -1 0
0 0 1
0 -1 -1
3 6802 6803 6804
0 -1 -1
0 -1 -1
0 0 1
3 6806 6807 6808
0 0 1
0 0 1
0 -1 1
4 6810 6827 6844 6861
3 6811 6816 6822
2 6812 6815
2 6813 6814
0 0 -1
0 -1 1
0 0 0
2 6817 6821
3 6818 6819 6820
0 1 1
0 -1 0
0 0 0
0 1 1
2 6823 6826
2 6824 6825
0 1 -1
0 0 -1
0 -1 -1
3 6828 6833 6839
2 6829 6830
0 1 0
2 6831 6832
0 -1 -1
0 0 1
2 6834 6835
0 -1 1
3 6836 6837 6838
0 0 0
0 -1 0
0 0 0
2 6840 6843
2 6841 6842
0 0 -1
0 1 0
0 0 1
3 6845 6851 6856
2 6846 6847
0 -1 0
3 6848 6849 6850
0 -1 0
0 0 1
0 -1 0
2 6852 6853
0 1 1
2 6854 6855
0 -1 1
0 1 -1
2 6857 6858
0 0 -1
2 6859 6860
0 0 1
0 1 -1
3 6862 6868 6873
2 6863 6867
3 6864 6865 6866
0 0 -1
0 -1 1
0 1 -1
0 0 -1
2 6869 6872
2 6870 6871
0 -1 -1
0 -1 1
0 -1 1
2 6874 6877
2 6875 6876
0 1 0
0 0 0
0 0 1
2 6879 6913
4 6880 6888 6896 6904
3 6881 6882 6883
0 0 1
0 -1 1
2 6884 6885
0 0 1
2 6886 6887
0 0 0
0 -1 -1
2 6889 6892
2 6890 6891
0 1 0
0 -1 1
3 6893 6894 6895
0 1 -1
0 -1 1
0 0 1
3 6897 6902 6903
2 6898 6901
2 6899 6900
0 0 -1
0 1 -1
0 -1 0
0 1 1
0 1 -1
2 6905 6909
3 6906 6907 6908
0 1 1
0 0 0
0 1 1
3 6910 6911 6912
0 -1 0
0 1 0
0 -1 1
3 6914 6925 6936
4 6915 6916 6917 6924
0 1 0
0 0 0
2 6918 6921
2 6919 6920
0 -1 -1
0 1 -1
2 6922 6923
0 0 0
0 0 1
0 -1 0
3 6926 6929 6932
2 6927 6928
0 -1 0
0 -1 1
2 6930 6931
0 1 -1
0 0 0
3 6933 6934 6935
0 1 -1
0 0 0
0 1 -1
3 6937 6940 6943
2 6938 6939
0 0 1
0 1 0
2 6941 6942
0 1 1
0 0 0
3 6944 6945 6946
0 -1 1
0 0 0
0 0 -1
3 6948 7040 7132
4 6949 6971 6996 7018
3 6950 6957 6964
2 6951 6954
2 6952 6953
0 1 0
0 1 1
2 6955 6956
0 -1 1
0 1 0
2 6958 6961
2 6959 6960
0 1 1
0 1 -1
2 6962 6963
0 0 0
0 1 1
2 6965 6968
2 6966 6967
0 -1 -1
0 -1 -1
2 6969 6970
0 1 1
0 1 1
3 6972 6980 6988
3 6973 6974 6979
0 1 0
2 6975 6978
2 6976 6977
0 -1 -1
0 0 -1
0 1 0
0 -1 -1
3 6981 6982 6983
0 1 1
0 0 1
2 6984 6987
2 6985 6986
0 0 -1
0 -1 0
0 1 -1
3 6989 6994 6995
2 6990 6991
0 0 1
2 6992 6993
0 1 0
0 -1 0
0 -1 -1
0 0 -1
3 6997 7004 7011
2 6998 7001
2 6999 7000
0 1 0
0 1 0
2 7002 7003
0 0 0
0 0 0
2 7005 7008
2 7006 7007
0 0 -1
0 0 0
2 7009 7010
0 -1 -1
0 -1 1
2 7012 7015
2 7013 7014
0 0 0
0 -1 1
2 7016 7017
0 -1 -1
0 -1 1
4 7019 7024 7029 7034
2 7020 7023
2 7021 7022
0 -1 -1
0 0 -1
0 1 -1
2 7025 7028
2 7026 7027
0 -1 -1
0 0 -1
0 -1 1
2 7030 7033
2 7031 7032
0 0 -1
0 1 0
0 0 -1
2 7035 7039
3 7036 7037 7038
0 1 0
0 1 0
0 1 -1
0 -1 1
4 7041 7066 7088 7110
2 7042 7054
4 7043 7044 7045 7046
0 0 1
0 -1 0
0 0 -1
3 7047 7052 7053
2 7048 7051
2 7049 7050
0 1 0
0 1 -1
0 1 0
0 0 -1
0 -1 0
4 7055 7056 7057 7065
0 0 -1
0 1 0
2 7058 7062
3 7059 7060 7061
0 1 0
0 0 -1
0 0 0
2 7063 7064
0 0 -1
0 0 1
0 -1 0
2 7067 7077
4 7068 7069 7070 7076
0 0 -1
0 0 0
2 7071 7075
3 7072 7073 7074
0 -1 -1
0 1 -1
0 0 1
0 1 1
0 1 1
3 7078 7081 7084
2 7079 7080
0 -1 -1
0 -1 0
2 7082 7083
0 0 0
0 1 -1
3 7085 7086 7087
0 0 0
0 1 1
0 -1 -1
4 7089 7095 7100 7105
2 7090 7094
3 7091 7092 7093
0 0 1
0 1 1
0 -1 -1
0 0 0
2 7096 7099
2 7097 7098
0 1 0
0 -1 -1
0 -1 -1
2 7101 7104
2 7102 7103
0 -1 1
0 -1 0
0 -1 1
2 7106 7107
0 1 1
2 7108 7109
0 0 1
0 0 1
4 7111 7116 7121 7127
2 7112 7115
2 7113 7114
0 0 0
0 1 -1
0 1 1
2 7117 7120
2 7118 7119
0 0 1
0 0 -1
0 0 1
2 7122 7126
3 7123 7124 7125
0 1 -1
0 -1 0
0 -1 1
0 1 -1
2 7128 7129
0 -1 -1
2 7130 7131
0 0 1
0 -1 -1
2 7133 7179
2 7134 7157
3 7135 7142 7150
2 7136 7139
2 7137 7138
0 1 -1
0 -1 -1
2 7140 7141
0 0 1
0 1 0
3 7143 7148 7149
2 7144 7145
0 -1 -1
2 7146 7147
0 1 -1
0 0 1
0 1 -1
0 0 -1
2 7151 7154
2 7152 7153
0 0 1
0 0 0
2 7155 7156
0 1 0
0 -1 1
4 7158 7164 7169 7174
2 7159 7163
3 7160 7161 7162
0 1 -1
0 0 1
0 -1 1
0 -1 0
2 7165 7166
0 0 -1
2 7167 7168
0 0 0
0 0 -1
2 7170 7173
2 7171 7172
0 -1 1
0 1 1
0 1 -1
2 7175 7176
0 -1 -1
2 7177 7178
0 -1 0
0 -1 1
4 7180 7191 7202 7213
2 7181 7186
2 7182 7183
0 1 1
2 7184 7185
0 -1 1
0 1 1
2 7187 7190
2 7188 7189
0 -1 1
0 0 0
0 -1 1
2 7192 7197
2 7193 7196
2 7194 7195
0 -1 -1
0 -1 1
0 -1 -1
2 7198 7199
0 1 0
2 7200 7201
0 1 0
0 0 0
4 7203 7204 7205 7206
0 0 -1
0 -1 -1
0 -1 0
2 7207 7210
2 7208 7209
0 -1 0
0 0 1
2 7211 7212
0 0 1
0 1 1
2 7214 7219
2 7215 7216
0 0 -1
2 7217 7218
0 0 -1
0 -1 -1
2 7220 7221
0 1 0
2 7222 7223
0 0 -1
0 0 1
4 7225 7294 7363 7433
2 7226 7260
2 7227 7243
4 7228 7231 7237 7240
2 7229 7230
0 -1 0
0 -1 -1
2 7232 7236
3 7233 7234 7235
0 0 0
0 1 1
0 0 0
0 1 1
2 7238 7239
0 1 1
0 1 0
2 7241 7242
0 -1 0
0 -1 0
4 7244 7248 7252 7256
3 7245 7246 7247
0 1 1
0 0 0
0 1 0
3 7249 7250 7251
0 0 -1
0 0 0
0 0 0
3 7253 7254 7255
0 -1 1
0 0 0
0 -1 1
3 7257 7258 7259
0 -1 0
0 0 1
0 1 -1
3 7261 7272 7283
4 7262 7263 7264 7271
0 1 -1
0 -1 -1
2 7265 7268
2 7266 7267
0 0 -1
0 0 0
2 7269 7270
0 -1 1
0 -1 -1
0 0 0
4 7273 7274 7275 7282
0 1 1
0 -1 0
2 7276 7279
2 7277 7278
0 0 0
0 -1 1
2 7280 7281
0 -1 0
0 0 0
0 -1 1
2 7284 7289
2 7285 7286
0 -1 1
2 7287 7288
0 1 -1
0 0 0
2 7290 7293
2 7291 7292
0 -1 0
0 -1 1
0 -1 -1
3 7295 7317 7339
3 7296 7303 7310
2 7297 7300
2 7298 7299
0 0 0
0 -1 1
2 7301 7302
0 1 1
0 -1 1
2 7304 7307
2 7305 7306
0 -1 0
0 0 1
2 7308 7309
0 -1 1
0 0 1
2 7311 7314
2 7312 7313
0 1 -1
0 1 1
2 7315 7316
0 1 0
0 1 -1
4 7318 7324 7329 7334
2 7319 7320
0 1 1
3 7321 7322 7323
0 0 0
0 0 -1
0 -1 1
2 7325 7328
2 7326 7327
0 1 -1
0 -1 1
0 -1 -1
2 7330 7331
0 1 1
2 7332 7333
0 1 1
0 1 0
2 7335 7336
0 -1 -1
2 7337 7338
0 -1 0
0 1 1
3 7340 7347 7356
2 7341 7344
2 7342 7343
0 0 0
0 1 -1
2 7345 7346
0 0 -1
0 1 -1
2 7348 7352
3 7349 7350 7351
0 1 1
0 1 0
0 1 1
3 7353 7354 7355
0 1 0
0 0 1
0 -1 1
2 7357 7360
2 7358 7359
0 1 -1
0 0 1
2 7361 7362
0 1 1
0 1 -1
4 7364 7381 7398 7416
3 7365 7370 7375
2 7366 7369
2 7367 7368
0 -1 1
0 1 1
0 1 -1
2 7371 7372
0 -1 -1
2 7373 7374
0 0 0
0 0 0
2 7376 7380
3 7377 7378 7379
0 0 -1
0 1 1
0 1 1
0 -1 -1
4 7382 7386 7390 7394
3 7383 7384 7385
0 -1 -1
0 1 1
0 0 1
3 7387 7388 7389
0 -1 1
0 0 -1
0 0 -1
3 7391 7392 7393
0 -1 1
0 -1 1
0 -1 1
3 7395 7396 7397
0 -1 0
0 -1 0
0 1 0
4 7399 7403 7407 7412
3 7400 7401 7402
0 0 0
0 -1 0
0 -1 -1
3 7404 7405 7406
0 -1 1
0 0 0
0 -1 -1
2 7408 7411
2 7409 7410
0 -1 0
0 -1 1
0 1 1
3 7413 7414 7415
0 0 1
0 0 -1
0 -1 0
3 7417 7422 7428
2 7418 7421
2 7419 7420
0 -1 1
0 -1 0
0 0 0
2 7423 7427
3 7424 7425 7426
0 0 0
0 -1 1
0 -1 1
0 1 -1
2 7429 7432
2 7430 7431
0 1 0
0 -1 -1
0 0 -1
4 7434 7451 7468 7485
3 7435 7440 7445
2 7436 7437
0 1 0
2 7438 7439
0 0 0
0 0 0
2 7441 7444
2 7442 7443
0 -1 0
0 -1 1
0 1 1
2 7446 7450
3 7447 7448 7449
0 1 0
0 1 1
0 1 1
0 0 -1
4 7452 7456 7460 7464
3 7453 7454 7455
0 -1 0
0 1 -1
0 1 0
3 7457 7458 7459
0 -1 1
0 1 -1
0 -1 -1
3 7461 7462 7463
0 1 0
0 0 1
0 0 1
3 7465 7466 7467
0 -1 -1
0 -1 1
0 -1 0
3 7469 7474 7480
2 7470 7473
2 7471 7472
0 -1 -1
0 0 -1
0 0 1
2 7475 7479
3 7476 7477 7478
0 -1 0
0 0 0
0 1 -1
0 -1 1
2 7481 7482
0 0 1
2 7483 7484
0 -1 0
0 1 -1
4 7486 7490 7494 7498
3 7487 7488 7489
0 1 -1
0 0 0
0 -1 1
3 7491 7492 7493
0 -1 1
0 0 1
0 1 1
3 7495 7496 7497
0 0 0
0 -1 0
0 0 0
3 7499 7500 7501
0 -1 0
0 0 -1
0 1 -1
3 7503 7780 8057
3 7504 7596 7688
3 7505 7535 7566
4 7506 7514 7521 7528
2 7507 7510
2 7508 7509
0 1 0
0 -1 1
3 7511 7512 7513
0 1 0
0 -1 -1
0 0 -1
2 7515 7518
2 7516 7517
0 0 0
0 1 1
2 7519 7520
0 0 1
0 -1 0
2 7522 7525
2 7523 7524
0 1 0
0 -1 0
2 7526 7527
0 0 1
0 1 0
2 7529 7532
2 7530 7531
0 0 -1
0 -1 -1
2 7533 7534
0 0 1
0 0 0
4 7536 7543 7550 7557
2 7537 7540
2 7538 7539
0 0 -1
0 0 0
2 7541 7542
0 0 0
0 0 1
2 7544 7547
2 7545 7546
0 0 -1
0 1 1
2 7548 7549
0 0 0
0 0 0
2 7551 7554
2 7552 7553
0 -1 1
0 -1 -1
2 7555 7556
0 -1 1
0 1 0
3 7558 7559 7565
0 1 1
2 7560 7564
3 7561 7562 7563
0 -1 1
0 1 -1
0 1 -1
0 1 0
0 1 -1
4 7567 7574 7581 7589
2 7568 7571
2 7569 7570
0 1 -1
0 1 0
2 7572 7573
0 -1 -1
0 -1 -1
2 7575 7578
2 7576 7577
0 -1 -1
0 -1 1
2 7579 7580
0 1 1
0 1 -1
3 7582 7583 7584
0 0 0
0 1 1
2 7585 7586
0 1 -1
2 7587 7588
0 -1 0
0 -1 0
2 7590 7593
2 7591 7592
0 0 1
0 1 -1
2 7594 7595
0 1 0
0 0 -1
3 7597 7627 7658
3 7598 7609 7618
2 7599 7604
2 7600 7603
2 7601 7602
0 0 1
0 1 -1
0 0 -1
2 7605 7608
2 7606 7607
0 0 -1
0 1 1
0 -1 1
3 7610 7616 7617
2 7611 7612
0 0 0
3 7613 7614 7615
0 0 0
0 -1 1
0 0 -1
0 0 -1
0 1 1
2 7619 7623
3 7620 7621 7622
0 1 -1
0 0 -1
0 0 -1
3 7624 7625 7626
0 0 0
0 -1 1
0 1 1
2 7628 7643
2 7629 7636
2 7630 7633
2 7631 7632
0 1 1
0 -1 -1
2 7634 7635
0 0 0
0 0 1
2 7637 7640
2 7638 7639
0 -1 0
0 -1 0
2 7641 7642
0 0 1
0 -1 0
4 7644 7649 7652 7655
2 7645 7648
2 7646 7647
0 -1 0
0 0 -1
0 0 1
2 7650 7651
0 0 1
0 0 0
2 7653 7654
0 -1 1
0 1 0
2 7656 7657
0 0 1
0 -1 1
4 7659 7666 7674 7681
2 7660 7663
2 7661 7662
0 0 0
0 -1 1
2 7664 7665
0 0 -1
0 1 -1
2 7667 7671
3 7668 7669 7670
0 0 1
0 1 0
0 1 1
2 7672 7673
0 1 1
0 0 0
2 7675 7678
2 7676 7677
0 0 1
0 0 -1
2 7679 7680
0 -1 -1
0 0 -1
2 7682 7685
2 7683 7684
0 -1 -1
0 1 1
2 7686 7687
0 0 0
0 0 -1
2 7689 7734
2 7690 7712
3 7691 7698 7705
2 7692 7695
2 7693 7694
0 1 0
0 0 1
2 7696 7697
0 -1 -1
0 0 1
2 7699 7702
2 7700 7701
0 1 1
0 1 0
2 7703 7704
0 1 1
0 1 1
2 7706 7709
2 7707 7708
0 -1 0
0 -1 1
2 7710 7711
0 -1 0
0 0 0
4 7713 7718 7723 7728
2 7714 7715
0 0 1
2 7716 7717
0 1 1
0 1 -1
2 7719 7722
2 7720 7721
0 1 1
0 -1 1
0 0 1
2 7724 7725
0 0 1
2 7726 7727
0 0 -1
0 -1 1
2 7729 7733
3 7730 7731 7732
0 1 0
0 -1 0
0 0 -1
0 -1 0
4 7735 7746 7757 7769
3 7736 7739 7743
2 7737 7738
0 1 -1
0 1 1
3 7740 7741 7742
0 -1 0
0 1 1
0 0 0
2 7744 7745
0 0 -1
0 -1 1
4 7747 7748 7755 7756
0 -1 1
2 7749 7752
2 7750 7751
0 0 0
0 1 1
2 7753 7754
0 1 -1
0 -1 -1
0 0 -1
0 -1 0
3 7758 7763 7766
2 7759 7760
0 -1 -1
2 7761 7762
0 1 -1
0 0 -1
2 7764 7765
0 0 -1
0 -1 1
2 7767 7768
0 0 0
0 0 0
3 7770 7774 7777
3 7771 7772 7773
0 1 1
0 -1 -1
0 0 0
2 7775 7776
0 0 0
0 0 0
2 7778 7779
0 0 1
0 0 0
3 7781 7873 7965
3 7782 7813 7843
4 7783 7790 7797 7804
2 7784 7787
2 7785 7786
0 1 1
0 1 0
2 7788 7789
0 -1 1
0 0 -1
2 7791 7794
2 7792 7793
0 1 0
0 1 1
2 7795 7796
0 1 -1
0 1 1
2 7798 7801
2 7799 7800
0 -1 1
0 -1 0
2 7802 7803
0 -1 -1
0 0 -1
2 7805 7809
3 7806 7807 7808
0 -1 1
0 -1 -1
0 0 1
3 7810 7811 7812
0 1 -1
0 0 -1
0 1 -1
3 7814 7825 7834
3 7815 7818 7822
2 7816 7817
0 -1 0
0 1 0
3 7819 7820 7821
0 1 -1
0 1 1
0 0 0
2 7823 7824
0 0 1
0 1 -1
2 7826 7830
3 7827 7828 7829
0 -1 1
0 1 -1
0 0 0
3 7831 7832 7833
0 -1 1
0 -1 -1
0 1 1
2 7835 7839
3 7836 7837 7838
0 0 0
0 0 -1
0 -1 1
3 7840 7841 7842
0 1 1
0 -1 0
0 -1 1
2 7844 7858
3 7845 7850 7854
2 7846 7849
2 7847 7848
0 -1 -1
0 -1 0
0 -1 -1
3 7851 7852 7853
0 1 0
0 1 1
0 0 0
3 7855 7856 7857
0 1 0
0 1 0
0 -1 0
2 7859 7866
2 7860 7863
2 7861 7862
0 0 0
0 0 0
2 7864 7865
0 1 -1
0 -1 1
2 7867 7870
2 7868 7869
0 -1 0
0 0 -1
2 7871 7872
0 1 1
0 1 -1
3 7874 7904 7935
4 7875 7882 7889 7897
2 7876 7879
2 7877 7878
0 -1 -1
0 0 0
2 7880 7881
0 0 0
0 1 0
2 7883 7886
2 7884 7885
0 0 -1
0 0 -1
2 7887 7888
0 0 -1
0 0 -1
2 7890 7893
2 7891 7892
0 -1 -1
0 0 0
3 7894 7895 7896
0 0 1
0 0 -1
0 1 1
2 7898 7901
2 7899 7900
0 -1 0
0 1 0
2 7902 7903
0 1 0
0 1 0
3 7905 7915 7925
3 7906 7909 7912
2 7907 7908
0 0 -1
0 -1 1
2 7910 7911
0 0 0
0 0 1
2 7913 7914
0 1 -1
0 0 1
3 7916 7919 7922
2 7917 7918
0 -1 0
0 0 -1
2 7920 7921
0 0 0
0 0 0
2 7923 7924
0 1 -1
0 0 -1
2 7926 7930
3 7927 7928 7929
0 1 -1
0 -1 -1
0 1 0
2 7931 7932
0 0 -1
2 7933 7934
0 1 -1
0 0 -1
2 7936 7950
2 7937 7944
2 7938 7941
2 7939 7940
0 1 1
0 1 -1
2 7942 7943
0 1 1
0 -1 0
2 7945 7949
3 7946 7947 7948
0 0 -1
0 -1 0
0 -1 0
0 0 0
4 7951 7956 7959 7962
2 7952 7955
2 7953 7954
0 -1 0
0 1 0
0 -1 1
2 7957 7958
0 0 1
0 1 1
2 7960 7961
0 -1 1
0 -1 1
2 7963 7964
0 0 -1
0 1 0
4 7966 7988 8010 8032
2 7967 7977
2 7968 7972
3 7969 7970 7971
0 -1 1
0 0 1
0 -1 -1
2 7973 7976
2 7974 7975
0 1 0
0 -1 -1
0 1 -1
3 7978 7981 7985
2 7979 7980
0 1 0
0 -1 -1
3 7982 7983 7984
0 -1 -1
0 0 0
0 -1 -1
2 7986 7987
0 0 0
0 0 0
2 7989 7999
3 7990 7993 7996
2 7991 7992
0 0 1
0 -1 -1
2 7994 7995
0 0 0
0 0 0
2 7997 7998
0 1 1
0 -1 -1
4 8000 8001 8002 8009
0 1 1
0 1 -1
2 8003 8006
2 8004 8005
0 0 -1
0 0 0
2 8007 8008
0 1 1
0 -1 0
0 0 -1
4 8011 8017 8022 8027
2 8012 8013
0 0 0
3 8014 8015 8016
0 0 -1
0 0 1
0 1 0
2 8018 8021
2 8019 8020
0 0 1
0 -1 -1
0 1 -1
2 8023 8026
2 8024 8025
0 -1 1
0 1 1
0 1 -1
2 8028 8031
2 8029 8030
0 1 1
0 -1 -1
0 0 -1
3 8033 8041 8049
2 8034 8038
3 8035 8036 8037
0 1 -1
0 -1 0
0 0 -1
2 8039 8040
0 1 -1
0 1 -1
3 8042 8043 8048
0 1 0
2 8044 8045
0 0 -1
2 8046 8047
0 1 0
0 1 0
0 0 0
3 8050 8051 8052
0 0 -1
0 -1 1
2 8053 8056
2 8054 8055
0 0 0
0 0 1
0 0 1
4 8058 8127 8196 8266
3 8059 8083 8105
2 8060 8072
3 8061 8064 8067
2 8062 8063
0 1 0
0 -1 -1
2 8065 8066
0 -1 1
0 1 1
2 8068 8069
0 -1 1
2 8070 8071
0 0 0
0 -1 0
4 8073 8074 8075 8082
0 -1 0
0 0 0
2 8076 8079
2 8077 8078
0 1 0
0 -1 -1
2 8080 8081
0 0 -1
0 -1 -1
0 0 1
4 8084 8089 8094 8099
2 8085 8088
2 8086 8087
0 1 0
0 -1 -1
0 -1 1
2 8090 8093
2 8091 8092
0 -1 1
0 -1 0
0 -1 0
2 8095 8096
0 0 1
2 8097 8098
0 0 1
0 -1 -1
2 8100 8104
3 8101 8102 8103
0 -1 1
0 -1 0
0 -1 0
0 1 1
2 8106 8117
4 8107 8108 8109 8110
0 1 0
0 -1 1
0 1 0
2 8111 8114
2 8112 8113
0 0 -1
0 -1 1
2 8115 8116
0 1 0
0 1 1
2 8118 8123
2 8119 8122
2 8120 8121
0 -1 -1
0 0 0
0 -1 1
3 8124 8125 8126
0 0 -1
0 -1 -1
0 1 0
4 8128 8145 8162 8179
4 8129 8133 8137 8141
3 8130 8131 8132
0 -1 -1
0 0 -1
0 -1 1
3 8134 8135 8136
0 0 1
0 1 -1
0 1 1
3 8138 8139 8140
0 1 1
0 -1 0
0 -1 -1
3 8142 8143 8144
0 -1 0
0 0 0
0 1 0
2 8146 8154
2 8147 8151
3 8148 8149 8150
0 0 -1
0 0 0
0 1 0
2 8152 8153
0 -1 0
0 1 -1
2 8155 8159
3 8156 8157 8158
0 1 -1
0 1 0
0 1 1
2 8160 8161
0 0 -1
0 1 0
3 8163 8168 8174
2 8164 8165
0 -1 1
2 8166 8167
0 -1 0
0 -1 0
2 8169 8170
0 -1 1
3 8171 8172 8173
0 -1 1
0 -1 0
0 0 1
2 8175 8176
0 1 0
2 8177 8178
0 0 1
0 0 -1
3 8180 8185 8190
2 8181 8184
2 8182 8183
0 0 0
0 -1 0
0 -1 1
2 8186 8189
2 8187 8188
0 -1 1
0 1 0
0 -1 -1
2 8191 8192
0 0 1
3 8193 8194 8195
0 1 0
0 1 1
0 0 -1
2 8197 8232
3 8198 8209 8221
3 8199 8203 8206
3 8200 8201 8202
0 -1 0
0 0 -1
0 1 -1
2 8204 8205
0 -1 1
0 1 0
2 8207 8208
0 -1 1
0 0 1
3 8210 8215 8218
2 8211 8214
2 8212 8213
0 1 1
0 1 -1
0 -1 -1
2 8216 8217
0 -1 0
0 -1 -1
2 8219 8220
0 -1 1
0 -1 0
4 8222 8223 8224 8231
0 1 1
0 0 -1
2 8225 8228
2 8226 8227
0 0 0
0 -1 -1
2 8229 8230
0 0 0
0 1 -1
0 -1 -1
2 8233 8249
3 8234 8239 8244
2 8235 8236
0 1 0
2 8237 8238
0 0 1
0 0 0
2 8240 8243
2 8241 8242
0 1 0
0 0 1
0 0 1
2 8245 8248
2 8246 8247
0 0 0
0 0 -1
0 0 1
3 8250 8256 8261
2 8251 8255
3 8252 8253 8254
0 1 -1
0 1 -1
0 1 -1
0 1 -1
2 8257 8260
2 8258 8259
0 1 0
0 -1 0
0 -1 0
2 8262 8263
0 -1 1
2 8264 8265
0 1 0
0 -1 0
2 8267 8301
3 8268 8279 8290
2 8269 8274
2 8270 8273
2 8271 8272
0 0 0
0 -1 0
0 1 -1
2 8275 8276
0 0 0
2 8277 8278
0 0 0
0 -1 1
3 8280 8283 8287
2 8281 8282
0 -1 0
0 -1 -1
3 8284 8285 8286
0 1 1
0 0 -1
0 -1 -1
2 8288 8289
0 0 -1
0 1 1
2 8291 8296
2 8292 8295
2 8293 8294
0 0 1
0 1 1
0 0 1
2 8297 8298
0 1 0
2 8299 8300
0 -1 -1
0 0 0
4 8302 8310 8318 8326
2 8303 8306
2 8304 8305
0 0 1
0 -1 -1
3 8307 8308 8309
0 -1 -1
0 1 0
0 0 1
2 8311 8314
2 8312 8313
0 -1 0
0 0 0
3 8315 8316 8317
0 -1 -1
0 0 0
0 -1 -1
2 8319 8323
3 8320 8321 8322
0 -1 -1
0 0 0
0 -1 1
2 8324 8325
0 0 0
0 -1 1
2 8327 8331
3 8328 8329 8330
0 0 -1
0 0 0
0 -1 -1
3 8332 8333 8334
0 1 -1
0 0 0
0 1 -1
4 8336 8544 8752 8960
2 8337 8440
2 8338 8389
2 8339 8364
3 8340 8348 8356
2 8341 8345
3 8342 8343 8344
0 1 1
0 1 -1
0 1 0
2 8346 8347
0 -1 1
0 -1 -1
2 8349 8353
3 8350 8351 8352
0 0 1
0 -1 1
0 1 -1
2 8354 8355
0 0 1
0 1 1
3 8357 8358 8363
0 0 -1
2 8359 8360
0 -1 0
2 8361 8362
0 0 -1
0 0 1
0 -1 1
3 8365 8373 8381
2 8366 8370
3 8367 8368 8369
0 -1 -1
0 -1 0
0 1 0
2 8371 8372
0 -1 0
0 0 0
3 8374 8379 8380
2 8375 8376
0 -1 1
2 8377 8378
0 1 1
0 -1 -1
0 1 0
0 -1 -1
3 8382 8387 8388
2 8383 8384
0 1 1
2 8385 8386
0 1 0
0 1 0
0 1 -1
0 -1 1
3 8390 8408 8424
3 8391 8398 8403
2 8392 8395
2 8393 8394
0 0 0
0 -1 0
2 8396 8397
0 0 -1
0 0 0
2 8399 8402
2 8400 8401
0 -1 -1
0 0 0
0 0 0
2 8404 8405
0 1 0
2 8406 8407
0 -1 0
0 0 1
3 8409 8414 8419
2 8410 8411
0 0 0
2 8412 8413
0 -1 -1
0 -1 0
2 8415 8418
2 8416 8417
0 0 1
0 0 0
0 1 0
2 8420 8421
0 0 -1
2 8422 8423
0 1 0
0 0 1
4 8425 8428 8434 8437
2 8426 8427
0 -1 -1
0 -1 1
2 8429 8433
3 8430 8431 8432
0 -1 0
0 0 1
0 0 1
0 -1 -1
2 8435 8436
0 1 -1
0 1 -1
2 8438 8439
0 -1 1
0 0 0
2 8441 8493
3 8442 8459 8476
4 8443 8447 8451 8455
3 8444 8445 8446
0 1 1
0 0 -1
0 -1 1
3 8448 8449 8450
0 0 0
0 1 -1
0 1 0
3 8452 8453 8454
0 0 1
0 -1 1
0 1 1
3 8456 8457 8458
0 -1 -1
0 -1 -1
0 0 -1
4 8460 8464 8468 8472
3 8461 8462 8463
0 0 -1
0 0 -1
0 0 -1
3 8465 8466 8467
0 -1 -1
0 1 1
0 -1 0
3 8469 8470 8471
0 0 1
0 -1 -1
0 1 -1
3 8473 8474 8475
0 -1 1
0 0 0
0 0 0
2 8477 8485
2 8478 8481
2 8479 8480
0 -1 0
0 -1 1
3 8482 8483 8484
0 1 1
0 0 1
0 0 1
3 8486 8487 8488
0 0 -1
0 1 1
2 8489 8492
2 8490 8491
0 -1 1
0 -1 0
0 -1 -1
4 8494 8506 8518 8530
2 8495 8500
2 8496 8499
2 8497 8498
0 1 -1
0 -1 1
0 -1 -1
2 8501 8505
3 8502 8503 8504
0 -1 -1
0 1 1
0 1 1
0 1 0
3 8507 8510 8515
2 8508 8509
0 1 1
0 1 1
2 8511 8514
2 8512 8513
0 -1 -1
0 0 1
0 -1 1
2 8516 8517
0 -1 0
0 1 0
2 8519 8525
2 8520 8521
0 1 1
3 8522 8523 8524
0 0 0
0 -1 0
0 0 -1
2 8526 8529
2 8527 8528
0 1 1
0 0 1
0 1 0
2 8531 8538
2 8532 8535
2 8533 8534
0 1 -1
0 -1 0
2 8536 8537
0 -1 1
0 -1 -1
2 8539 8543
3 8540 8541 8542
0 1 -1
0 0 1
0 -1 -1
0 -1 -1
3 8545 8614 8683
2 8546 8580
2 8547 8564
3 8548 8553 8559
2 8549 8550
0 0 -1
2 8551 8552
0 1 -1
0 1 1
2 8554 8555
0 1 1
3 8556 8557 8558
0 0 1
0 1 -1
0 0 -1
2 8560 8563
2 8561 8562
0 0 -1
0 0 0
0 -1 -1
4 8565 8568 8571 8577
2 8566 8567
0 -1 -1
0 0 -1
2 8569 8570
0 1 1
0 1 0
2 8572 8576
3 8573 8574 8575
0 0 0
0 0 1
0 -1 0
0 0 0
2 8578 8579
0 -1 0
0 1 -1
3 8581 8592 8603
3 8582 8585 8589
2 8583 8584
0 0 1
0 1 0
3 8586 8587 8588
0 -1 0
0 0 0
0 0 0
2 8590 8591
0 0 1
0 1 1
2 8593 8598
2 8594 8595
0 0 0
2 8596 8597
0 -1 1
0 0 1
2 8599 8600
0 1 0
2 8601 8602
0 -1 1
0 -1 1
2 8604 8609
2 8605 8608
2 8606 8607
0 -1 -1
0 -1 -1
0 1 1
2 8610 8611
0 0 0
2 8612 8613
0 0 1
0 0 0
3 8615 8637 8659
2 8616 8627
2 8617 8622
2 8618 8621
2 8619 8620
0 -1 1
0 -1 0
0 -1 1
2 8623 8626
2 8624 8625
0 1 1
0 1 -1
0 1 -1
2 8628 8632
3 8629 8630 8631
0 1 1
0 0 0
0 -1 0
2 8633 8636
2 8634 8635
0 1 0
0 0 1
0 1 -1
4 8638 8643 8648 8653
2 8639 8642
2 8640 8641
0 0 0
0 -1 1
0 -1 1
2 8644 8645
0 0 -1
2 8646 8647
0 -1 1
0 0 1
2 8649 8650
0 1 -1
2 8651 8652
0 -1 1
0 -1 0
2 8654 8655
0 1 1
3 8656 8657 8658
0 0 0
0 0 0
0 1 -1
3 8660 8669 8676
3 8661 8662 8668
0 -1 1
2 8663 8667
3 8664 8665 8666
0 1 0
0 -1 0
0 -1 1
0 0 -1
0 1 0
2 8670 8673
2 8671 8672
0 -1 1
0 0 0
2 8674 8675
0 0 1
0 0 1
2 8677 8680
2 8678 8679
0 1 -1
0 -1 -1
2 8681 8682
0 -1 0
0 0 1
2 8684 8718
3 8685 8696 8707
4 8686 8687 8688 8695
0 0 -1
0 0 0
2 8689 8692
2 8690 8691
0 0 1
0 0 0
2 8693 8694
0 -1 0
0 -1 0
0 -1 0
4 8697 8698 8699 8700
0 -1 0
0 0 0
0 1 0
2 8701 8704
2 8702 8703
0 -1 1
0 -1 1
2 8705 8706
0 1 0
0 1 0
3 8708 8712 8715
3 8709 8710 8711
0 1 0
0 0 -1
0 0 0
2 8713 8714
0 1 0
0 -1 -1
2 8716 8717
0 1 1
0 0 0
2 8719 8736
3 8720 8726 8731
2 8721 8725
3 8722 8723 8724
0 0 -1
0 0 -1
0 -1 0
0 1 -1
2 8727 8728
0 0 0
2 8729 8730
0 0 -1
0 -1 0
2 8732 8733
0 1 -1
2 8734 8735
0 0 1
0 -1 1
2 8737 8744
2 8738 8741
2 8739 8740
0 -1 1
0 1 0
2 8742 8743
0 0 1
0 -1 0
3 8745 8746 8747
0 -1 1
0 0 1
2 8748 8749
0 1 -1
2 8750 8751
0 0 0
0 0 -1
3 8753 8822 8891
3 8754 8778 8800
3 8755 8764 8771
3 8756 8757 8758
0 1 -1
0 1 0
2 8759 8760
0 0 0
3 8761 8762 8763
0 0 -1
0 1 1
0 -1 -1
2 8765 8768
2 8766 8767
0 1 1
0 0 -1
2 8769 8770
0 1 0
0 1 -1
2 8772 8775
2 8773 8774
0 -1 -1
0 -1 0
2 8776 8777
0 -1 1
0 -1 1
3 8779 8786 8793
2 8780 8783
2 8781 8782
0 -1 1
0 1 -1
2 8784 8785
0 1 1
0 0 -1
2 8787 8790
2 8788 8789
0 -1 -1
0 0 -1
2 8791 8792
0 -1 1
0 1 0
2 8794 8797
2 8795 8796
0 1 -1
0 1 0
2 8798 8799
0 1 -1
0 0 -1
2 8801 8812
4 8802 8803 8804 8811
0 1 -1
0 1 0
2 8805 8808
2 8806 8807
0 -1 0
0 0 0
2 8809 8810
0 1 0
0 0 1
0 -1 0
3 8813 8816 8819
2 8814 8815
0 -1 0
0 1 0
2 8817 8818
0 -1 -1
0 1 1
2 8820 8821
0 -1 0
0 -1 -1
2 8823 8857
4 8824 8833 8841 8849
3 8825 8826 8827
0 1 0
0 0 1
2 8828 8829
0 -1 1
3 8830 8831 8832
0 -1 1
0 1 0
0 1 0
2 8834 8838
3 8835 8836 8837
0 -1 1
0 1 1
0 1 1
2 8839 8840
0 0 -1
0 0 -1
2 8842 8845
2 8843 8844
0 1 0
0 0 1
3 8846 8847 8848
0 -1 0
0 1 1
0 0 -1
2 8850 8854
3 8851 8852 8853
0 1 1
0 -1 1
0 1 -1
2 8855 8856
0 1 0
0 0 1
2 8858 8875
3 8859 8864 8870
2 8860 8861
0 -1 -1
2 8862 8863
0 -1 0
0 -1 -1
2 8865 8866
0 0 1
3 8867 8868 8869
0 1 1
0 -1 1
0 -1 0
2 8871 8874
2 8872 8873
0 0 1
0 1 1
0 -1 1
3 8876 8881 8886
2 8877 8878
0 0 0
2 8879 8880
0 -1 0
0 1 0
2 8882 8883
0 1 0
2 8884 8885
0 1 -1
0 0 1
2 8887 8888
0 0 0
2 8889 8890
0 0 1
0 -1 1
3 8892 8914 8936
4 8893 8898 8903 8908
2 8894 8897
2 8895 8896
0 -1 1
0 0 0
0 -1 -1
2 8899 8900
0 0 -1
2 8901 8902
0 0 0
0 1 0
2 8904 8907
2 8905 8906
0 0 1
0 1 1
0 0 1
2 8909 8913
3 8910 8911 8912
0 1 1
0 1 1
0 -1 -1
0 1 -1
2 8915 8926
2 8916 8921
2 8917 8918
0 -1 1
2 8919 8920
0 -1 1
0 -1 0
2 8922 8923
0 -1 0
2 8924 8925
0 -1 0
0 0 1
2 8927 8932
2 8928 8931
2 8929 8930
0 0 -1
0 0 -1
0 1 1
3 8933 8934 8935
0 1 -1
0 0 -1
0 1 1
2 8937 8949
2 8938 8944
2 8939 8940
0 -1 1
3 8941 8942 8943
0 0 1
0 0 0
0 1 0
2 8945 8946
0 1 0
2 8947 8948
0 0 1
0 -1 1
3 8950 8953 8957
2 8951 8952
0 -1 1
0 -1 1
3 8954 8955 8956
0 1 1
0 0 0
0 0 -1
2 8958 8959
0 1 -1
0 0 -1
2 8961 9064
4 8962 8987 9012 9037
2 8963 8975
2 8964 8970
2 8965 8969
3 8966 8967 8968
0 1 0
0 1 1
0 1 -1
0 1 1
2 8971 8974
2 8972 8973
0 0 -1
0 1 0
0 0 -1
4 8976 8977 8978 8979
0 0 0
0 -1 0
0 0 1
3 8980 8985 8986
2 8981 8984
2 8982 8983
0 0 1
0 -1 1
0 -1 0
0 -1 0
0 1 0
4 8988 8994 9000 9006
2 8989 8993
3 8990 8991 8992
0 -1 -1
0 1 0
0 1 1
0 0 0
2 8995 8996
0 1 1
3 8997 8998 8999
0 1 -1
0 0 1
0 -1 0
2 9001 9005
3 9002 9003 9004
0 -1 -1
0 1 -1
0 -1 1
0 0 1
2 9007 9011
3 9008 9009 9010
0 0 1
0 -1 -1
0 0 0
0 -1 0
2 9013 9025
3 9014 9017 9020
2 9015 9016
0 -1 1
0 -1 -1
2 9018 9019
0 -1 0
0 1 1
2 9021 9022
0 -1 1
2 9023 9024
0 1 1
0 1 1
4 9026 9034 9035 9036
2 9027 9031
3 9028 9029 9030
0 0 1
0 -1 0
0 -1 0
2 9032 9033
0 -1 0
0 0 1
0 1 1
0 0 -1
0 0 0
2 9038 9051
2 9039 9045
2 9040 9041
0 1 1
3 9042 9043 9044
0 0 1
0 1 0
0 0 0
2 9046 9047
0 1 -1
3 9048 9049 9050
0 1 1
0 1 0
0 -1 -1
3 9052 9056 9060
3 9053 9054 9055
0 0 0
0 -1 0
0 0 0
3 9057 9058 9059
0 0 -1
0 -1 0
0 1 -1
3 9061 9062 9063
0 0 1
0 0 0
0 -1 1
2 9065 9117
2 9066 9091
2 9067 9079
3 9068 9071 9074
2 9069 9070
0 0 1
0 1 1
2 9072 9073
0 1 -1
0 -1 -1
2 9075 9076
0 1 1
2 9077 9078
0 -1 0
0 1 1
4 9080 9081 9082 9083
0 -1 1
0 -1 -1
0 0 0
3 9084 9089 9090
4 9085 9086 9087 9088
0 1 0
0 1 -1
0 -1 0
0 1 0
0 1 1
0 1 0
3 9092 9101 9109
3 9093 9099 9100
2 9094 9095
0 0 0
3 9096 9097 9098
0 -1 0
0 -1 0
0 1 -1
0 0 1
0 -1 0
2 9102 9105
2 9103 9104
0 0 -1
0 1 1
3 9106 9107 9108
0 1 -1
0 -1 1
0 -1 1
3 9110 9111 9116
0 -1 0
2 9112 9113
0 -1 0
2 9114 9115
0 0 -1
0 0 -1
0 0 -1
2 9118 9143
4 9119 9125 9131 9137
2 9120 9124
3 9121 9122 9123
0 1 -1
0 -1 -1
0 0 -1
0 0 0
2 9126 9130
3 9127 9128 9129
0 1 -1
0 0 0
0 1 0
0 0 1
2 9132 9133
0 -1 0
3 9134 9135 9136
0 0 0
0 -1 -1
0 -1 1
2 9138 9142
3 9139 9140 9141
0 0 1
0 0 0
0 -1 0
0 -1 -1
4 9144 9150 9156 9162
2 9145 9146
0 0 -1
3 9147 9148 9149
0 0 1
0 1 1
0 0 1
2 9151 9152
0 0 -1
3 9153 9154 9155
0 1 1
0 1 1
0 0 1
2 9157 9161
3 9158 9159 9160
0 -1 -1
0 -1 0
0 0 1
0 -1 0
2 9163 9164
0 1 1
3 9165 9166 9167
0 -1 0
0 -1 1
0 -1 -1
3 9169 9447 9724
3 9170 9262 9355
3 9171 9201 9232
2 9172 9187
3 9173 9179 9183
2 9174 9178
3 9175 9176 9177
0 1 -1
0 1 0
0 1 -1
0 0 1
3 9180 9181 9182
0 -1 1
0 -1 0
0 1 -1
3 9184 9185 9186
0 -1 -1
0 -1 0
0 0 -1
2 9188 9194
2 9189 9190
0 1 -1
3 9191 9192 9193
0 0 0
0 1 -1
0 1 1
2 9195 9198
2 9196 9197
0 -1 1
0 1 1
2 9199 9200
0 1 -1
0 0 0
4 9202 9209 9216 9223
2 9203 9206
2 9204 9205
0 0 0
0 -1 0
2 9207 9208
0 1 0
0 -1 0
2 9210 9213
2 9211 9212
0 -1 -1
0 0 1
2 9214 9215
0 1 0
0 1 1
2 9217 9220
2 9218 9219
0 0 -1
0 -1 1
2 9221 9222
0 1 1
0 -1 1
2 9224 9228
3 9225 9226 9227
0 -1 0
0 0 -1
0 0 -1
3 9229 9230 9231
0 1 1
0 -1 0
0 -1 -1
3 9233 9242 9251
2 9234 9238
3 9235 9236 9237
0 -1 -1
0 -1 1
0 0 0
3 9239 9240 9241
0 -1 1
0 1 1
0 1 0
2 9243 9247
3 9244 9245 9246
0 1 0
0 -1 -1
0 -1 1
3 9248 9249 9250
0 0 1
0 -1 -1
0 1 0
2 9252 9257
2 9253 9254
0 1 1
2 9255 9256
0 1 0
0 0 1
2 9258 9259
0 -1 -1
2 9260 9261
0 -1 1
0 1 1
4 9263 9286 9309 9332
2 9264 9275
2 9265 9270
2 9266 9267
0 1 -1
2 9268 9269
0 0 -1
0 -1 -1
2 9271 9274
2 9272 9273
0 1 1
0 1 0
0 0 0
3 9276 9280 9283
3 9277 9278 9279
0 0 0
0 -1 -1
0 1 0
2 9281 9282
0 0 0
0 1 0
2 9284 9285
0 -1 0
0 -1 1
3 9287 9294 9302
2 9288 9291
2 9289 9290
0 1 1
0 -1 1
2 9292 9293
0 0 0
0 -1 0
2 9295 9298
2 9296 9297
0 1 0
0 0 1
3 9299 9300 9301
0 0 -1
0 0 1
0 1 -1
2 9303 9306
2 9304 9305
0 0 0
0 0 -1
2 9307 9308
0 -1 0
0 -1 1
4 9310 9315 9322 9327
2 9311 9314
2 9312 9313
0 1 0
0 0 -1
0 0 0
2 9316 9319
2 9317 9318
0 0 0
0 0 -1
2 9320 9321
0 -1 0
0 1 -1
2 9323 9324
0 1 1
2 9325 9326
0 -1 -1
0 0 1
2 9328 9331
2 9329 9330
0 -1 0
0 -1 -1
0 0 0
3 9333 9340 9348
2 9334 9337
2 9335 9336
0 1 1
0 -1 1
2 9338 9339
0 -1 -1
0 -1 0
3 9341 9342 9347
0 0 0
2 9343 9344
0 -1 -1
2 9345 9346
0 1 0
0 -1 -1
0 -1 1
2 9349 9352
2 9350 9351
0 1 -1
0 1 1
2 9353 9354
0 -1 0
0 1 1
3 9356 9386 9417
3 9357 9366 9375
2 9358 9362
3 9359 9360 9361
0 -1 1
0 1 0
0 -1 -1
3 9363 9364 9365
0 -1 -1
0 0 0
0 -1 0
3 9367 9373 9374
2 9368 9372
3 9369 9370 9371
0 -1 1
0 1 0
0 -1 -1
0 1 -1
0 0 1
0 0 0
3 9376 9379 9383
2 9377 9378
0 -1 1
0 0 0
3 9380 9381 9382
0 1 1
0 -1 1
0 -1 0
2 9384 9385
0 -1 1
0 -1 1
2 9387 9402
2 9388 9395
2 9389 9392
2 9390 9391
0 0 0
0 -1 1
2 9393 9394
0 -1 1
0 1 0
2 9396 9399
2 9397 9398
0 1 1
0 -1 0
2 9400 9401
0 0 -1
0 -1 0
2 9403 9410
2 9404 9407
2 9405 9406
0 0 0
0 0 -1
2 9408 9409
0 1 0
0 1 -1
2 9411 9414
2 9412 9413
0 1 1
0 0 1
2 9415 9416
0 0 -1
0 1 0
4 9418 9425 9433 9440
2 9419 9422
2 9420 9421
0 0 0
0 -1 -1
2 9423 9424
0 0 0
0 1 1
2 9426 9429
2 9427 9428
0 0 -1
0 -1 1
3 9430 9431 9432
0 1 1
0 0 0
0 0 1
2 9434 9437
2 9435 9436
0 1 0
0 1 -1
2 9438 9439
0 1 1
0 -1 0
2 9441 9444
2 9442 9443
0 0 1
0 0 -1
2 9445 9446
0 -1 0
0 -1 0
4 9448 9517 9586 9655
2 9449 9483
4 9450 9458 9466 9474
2 9451 9455
3 9452 9453 9454
0 1 -1
0 0 -1
0 -1 -1
2 9456 9457
0 -1 -1
0 1 1
2 9459 9463
3 9460 9461 9462
0 -1 0
0 0 0
0 -1 1
2 9464 9465
0 1 0
0 0 -1
2 9467 9471
3 9468 9469 9470
0 -1 0
0 0 1
0 -1 -1
2 9472 9473
0 1 1
0 -1 -1
2 9475 9479
3 9476 9477 9478
0 1 0
0 -1 0
0 1 1
3 9480 9481 9482
0 -1 1
0 -1 1
0 1 1
4 9484 9493 9501 9509
3 9485 9486 9487
0 1 0
0 0 0
2 9488 9489
0 0 0
3 9490 9491 9492
0 -1 1
0 1 1
0 0 -1
3 9494 9495 9500
0 0 0
2 9496 9499
2 9497 9498
0 0 1
0 -1 -1
0 0 -1
0 0 1
2 9502 9506
3 9503 9504 9505
0 0 0
0 -1 -1
0 1 1
2 9507 9508
0 1 1
0 0 1
2 9510 9513
2 9511 9512
0 0 1
0 0 -1
3 9514 9515 9516
0 -1 1
0 1 1
0 -1 -1
2 9518 9552
2 9519 9536
4 9520 9524 9528 9532
3 9521 9522 9523
0 0 1
0 0 1
0 -1 1
3 9525 9526 9527
0 -1 -1
0 0 -1
0 -1 -1
3 9529 9530 9531
0 1 1
0 1 0
0 0 0
3 9533 9534 9535
0 0 1
0 0 0
0 0 1
4 9537 9540 9543 9546
2 9538 9539
0 1 1
0 -1 -1
2 9541 9542
0 0 -1
0 0 -1
2 9544 9545
0 1 0
0 1 0
2 9547 9548
0 -1 1
3 9549 9550 9551
0 1 0
0 -1 1
0 1 -1
3 9553 9564 9575
3 9554 9557 9560
2 9555 9556
0 1 -1
0 -1 -1
2 9558 9559
0 0 0
0 -1 1
3 9561 9562 9563
0 -1 0
0 1 -1
0 1 0
4 9565 9566 9567 9574
0 -1 -1
0 -1 0
2 9568 9571
2 9569 9570
0 1 0
0 -1 0
2 9572 9573
0 -1 0
0 0 -1
0 1 -1
3 9576 9579 9582
2 9577 9578
0 -1 -1
0 -1 -1
2 9580 9581
0 -1 0
0 0 0
3 9583 9584 9585
0 0 -1
0 1 0
0 -1 0
3 9587 9609 9633
2 9588 9599
4 9589 9590 9597 9598
0 1 0
2 9591 9594
2 9592 9593
0 -1 1
0 1 1
2 9595 9596
0 1 1
0 1 1
0 1 1
0 0 -1
3 9600 9603 9606
2 9601 9602
0 0 1
0 0 0
2 9604 9605
0 1 -1
0 1 -1
2 9607 9608
0 1 0
0 -1 -1
4 9610 9615 9620 9625
2 9611 9614
2 9612 9613
0 0 -1
0 -1 1
0 -1 0
2 9616 9619
2 9617 9618
0 1 -1
0 -1 1
0 -1 0
2 9621 9622
0 1 0
2 9623 9624
0 0 0
0 0 -1
2 9626 9629
2 9627 9628
0 -1 1
0 -1 1
3 9630 9631 9632
0 1 0
0 1 0
0 0 -1
3 9634 9641 9648
2 9635 9638
2 9636 9637
0 1 0
0 -1 0
2 9639 9640
0 0 -1
0 1 0
2 9642 9645
2 9643 9644
0 -1 -1
0 -1 -1
2 9646 9647
0 -1 1
0 1 -1
2 9649 9652
2 9650 9651
0 0 -1
0 1 1
2 9653 9654
0 0 0
0 1 1
3 9656 9678 9702
4 9657 9662 9667 9672
2 9658 9659
0 -1 -1
2 9660 9661
0 -1 -1
0 0 0
2 9663 9666
2 9664 9665
0 -1 1
0 0 0
0 -1 -1
2 9668 9669
0 0 0
2 9670 9671
0 1 1
0 0 1
2 9673 9674
0 -1 0
3 9675 9676 9677
0 1 -1
0 1 0
0 0 1
2 9679 9691
2 9680 9685
2 9681 9684
2 9682 9683
0 0 0
0 1 1
0 1 1
2 9686 9687
0 0 1
3 9688 9689 9690
0 0 -1
0 1 0
0 -1 0
4 9692 9693 9694 9695
0 -1 1
0 -1 1
0 0 1
2 9696 9699
2 9697 9698
0 -1 -1
0 -1 0
2 9700 9701
0 0 -1
0 0 -1
4 9703 9708 9713 9719
2 9704 9705
0 0 0
2 9706 9707
0 0 0
0 -1 -1
2 9709 9710
0 0 0
2 9711 9712
0 1 -1
0 1 -1
2 9714 9718
3 9715 9716 9717
0 -1 -1
0 -1 1
0 -1 1
0 -1 1
2 9720 9723
2 9721 9722
0 1 -1
0 0 -1
0 -1 -1
4 9725 9794 9863 9932
4 9726 9743 9760 9777
3 9727 9733 9738
2 9728 9729
0 1 0
3 9730 9731 9732
0 0 1
0 -1 1
0 -1 -1
2 9734 9735
0 0 -1
2 9736 9737
0 1 -1
0 1 -1
2 9739 9740
0 0 -1
2 9741 9742
0 -1 -1
0 0 0
2 9744 9752
3 9745 9746 9747
0 0 1
0 1 1
2 9748 9751
2 9749 9750
0 1 1
0 -1 0
0 1 0
3 9753 9754 9759
0 0 0
2 9755 9756
0 1 1
2 9757 9758
0 -1 -1
0 1 0
0 1 -1
3 9761 9766 9771
2 9762 9763
0 -1 1
2 9764 9765
0 -1 0
0 0 -1
2 9767 9770
2 9768 9769
0 1 0
0 1 0
0 -1 0
2 9772 9773
0 1 0
3 9774 9775 9776
0 1 0
0 1 1
0 0 1
2 9778 9786
2 9779 9782
2 9780 9781
0 1 0
0 -1 0
3 9783 9784 9785
0 -1 1
0 0 -1
0 -1 0
2 9787 9791
3 9788 9789 9790
0 -1 1
0 -1 -1
0 1 0
2 9792 9793
0 0 0
0 1 -1
4 9795 9812 9829 9846
2 9796 9804
2 9797 9800
2 9798 9799
0 0 -1
0 -1 1
3 9801 9802 9803
0 1 0
0 0 0
0 -1 -1
3 9805 9806 9811
0 1 0
2 9807 9808
0 -1 1
2 9809 9810
0 -1 0
0 1 1
0 -1 0
2 9813 9821
2 9814 9817
2 9815 9816
0 1 0
0 -1 1
3 9818 9819 9820
0 -1 1
0 1 1
0 0 1
2 9822 9825
2 9823 9824
0 0 -1
0 -1 -1
3 9826 9827 9828
0 -1 0
0 -1 0
0 -1 -1
4 9830 9834 9838 9842
3 9831 9832 9833
0 0 0
0 1 0
0 -1 1
3 9835 9836 9837
0 1 -1
0 1 -1
0 1 0
3 9839 9840 9841
0 0 0
0 -1 1
0 -1 -1
3 9843 9844 9845
0 0 -1
0 0 1
0 -1 0
3 9847 9853 9858
2 9848 9852
3 9849 9850 9851
0 -1 -1
0 1 -1
0 -1 1
0 0 1
2 9854 9855
0 0 0
2 9856 9857
0 -1 0
0 1 0
2 9859 9860
0 -1 0
2 9861 9862
0 -1 0
0 1 1
4 9864 9881 9898 9915
2 9865 9873
2 9866 9870
3 9867 9868 9869
0 1 1
0 1 1
0 0 0
2 9871 9872
0 0 0
0 -1 1
2 9874 9878
3 9875 9876 9877
0 0 -1
0 -1 1
0 0 0
2 9879 9880
0 -1 0
0 -1 -1
4 9882 9886 9890 9894
3 9883 9884 9885
0 -1 1
0 0 -1
0 0 0
3 9887 9888 9889
0 -1 0
0 1 1
0 0 -1
3 9891 9892 9893
0 -1 1
0 0 0
0 1 0
3 9895 9896 9897
0 0 -1
0 -1 1
0 -1 1
2 9899 9907
3 9900 9901 9902
0 1 0
0 1 0
2 9903 9906
2 9904 9905
0 0 0
0 1 0
0 -1 0
2 9908 9911
2 9909 9910
0 0 0
0 -1 0
3 9912 9913 9914
0 1 -1
0 -1 1
0 -1 1
4 9916 9920 9924 9928
3 9917 9918 9919
0 0 1
0 -1 1
0 -1 1
3 9921 9922 9923
0 1 -1
0 1 -1
0 1 -1
3 9925 9926 9927
0 1 1
0 1 0
0 1 0
3 9929 9930 9931
0 0 0
0 1 -1
0 1 1
2 9933 9967
4 9934 9942 9951 9959
2 9935 9939
3 9936 9937 9938
0 -1 0
0 -1 -1
0 -1 -1
2 9940 9941
0 0 0
0 -1 1
2 9943 9947
3 9944 9945 9946
0 0 -1
0 1 1
0 -1 -1
3 9948 9949 9950
0 -1 0
0 -1 0
0 0 1
2 9952 9956
3 9953 9954 9955
0 -1 1
0 -1 0
0 1 1
2 9957 9958
0 1 1
0 1 1
2 9960 9963
2 9961 9962
0 -1 1
0 1 -1
3 9964 9965 9966
0 -1 1
0 -1 0
0 -1 1
4 9968 9976 9984 9993
2 9969 9972
2 9970 9971
0 -1 0
0 0 1
3 9973 9974 9975
0 -1 1
0 0 1
0 -1 0
2 9977 9980
2 9978 9979
0 1 -1
0 -1 -1
3 9981 9982 9983
0 0 -1
0 0 1
0 1 1
2 9985 9989
3 9986 9987 9988
0 1 0
0 0 1
0 0 0
3 9990 9991 9992
0 -1 1
0 0 1
0 0 -1
2 9994 9997
2 9995 9996
0 1 1
0 0 -1
3 9998 9999 10000
0 -1 1
0 1 0
0 0 0
