2047
2 2 1025
2 3 514
2 4 259
2 5 132
2 6 69
2 7 38
2 8 23
2 9 16
2 10 13
2 11 12
0 -188 -675
0 91 843
2 14 15
0 -818 -711
0 681 150
2 17 20
2 18 19
0 803 -178
0 338 49
2 21 22
0 -835 214
0 -871 -234
2 24 31
2 25 28
2 26 27
0 -505 660
0 999 -590
2 29 30
0 19 -850
0 -177 -612
2 32 35
2 33 34
0 788 6
0 714 623
2 36 37
0 -183 -528
0 -392 -417
2 39 54
2 40 47
2 41 44
2 42 43
0 634 -409
0 -790 28
2 45 46
0 -249 -241
0 -179 -387
2 48 51
2 49 50
0 -870 345
0 335 657
2 52 53
0 878 895
0 34 -598
2 55 62
2 56 59
2 57 58
0 928 903
0 -981 8
2 60 61
0 476 -653
0 418 -77
2 63 66
2 64 65
0 -86 -74
0 511 -118
2 67 68
0 -163 714
0 834 410
2 70 101
2 71 86
2 72 79
2 73 76
2 74 75
0 -3 957
0 -24 -239
2 77 78
0 -762 -263
0 438 969
2 80 83
2 81 82
0 -596 -387
0 -27 -416
2 84 85
0 94 883
0 284 -773
2 87 94
2 88 91
2 89 90
0 421 54
0 -930 16
2 92 93
0 490 -351
0 -435 -269
2 95 98
2 96 97
0 808 -580
0 -83 -196
2 99 100
0 253 -878
0 -438 881
2 102 117
2 103 110
2 104 107
2 105 106
0 -483 -338
0 -97 -320
2 108 109
0 464 -718
0 602 162
2 111 114
2 112 113
0 -275 912
0 487 -592
2 115 116
0 291 -595
0 427 189
2 118 125
2 119 122
2 120 121
0 -401 635
0 674 -660
2 123 124
0 402 -923
0 -724 827
2 126 129
2 127 128
0 -832 -442
0 218 234
2 130 131
0 793 -316
0 645 -62
2 133 196
2 134 165
2 135 150
2 136 143
2 137 140
2 138 139
0 -993 -567
0 -992 -154
2 141 142
0 -64 -617
0 -516 -872
2 144 147
2 145 146
0 -264 584
0 837 985
2 148 149
0 146 -779
0 877 -645
2 151 158
2 152 155
2 153 154
0 -277 540
0 116 -947
2 156 157
0 233 515
0 239 -817
2 159 162
2 160 161
0 -91 839
0 233 233
2 163 164
0 595 -154
0 -817 926
2 166 181
2 167 174
2 168 171
2 169 170
0 430 381
0 -31 23
2 172 173
0 309 -810
0 -911 165
2 175 178
2 176 177
0 -679 41
0 816 -915
2 179 180
0 -476 -700
0 -470 -430
2 182 189
2 183 186
2 184 185
0 -56 738
0 -625 -620
2 187 188
0 50 -17
0 238 -93
2 190 193
2 191 192
0 -269 -64
0 -859 -960
2 194 195
0 20 -908
0 17 148
2 197 228
2 198 213
2 199 206
2 200 203
2 201 202
0 -503 -704
0 609 -982
2 204 205
0 -918 971
0 -962 426
2 207 210
2 208 209
0 -250 -925
0 572 -729
2 211 212
0 -995 198
0 -722 51
2 214 221
2 215 218
2 216 217
0 -183 649
0 -997 -596
2 219 220
0 -673 -323
0 -199 42
2 222 225
2 223 224
0 -783 -938
0 51 948
2 226 227
0 874 -342
0 -736 -728
2 229 244
2 230 237
2 231 234
2 232 233
0 183 467
0 -582 -530
2 235 236
0 -576 710
0 -42 535
2 238 241
2 239 240
0 -971 -411
0 770 348
2 242 243
0 792 197
0 -129 -65
2 245 252
2 246 249
2 247 248
0 -877 410
0 933 -248
2 250 251
0 -803 792
0 -892 -155
2 253 256
2 254 255
0 -222 -871
0 114 -54
2 257 258
0 967 263
0 12 -409
2 260 387
2 261 324
2 262 293
2 263 278
2 264 271
2 265 268
2 266 267
0 -664 -41
0 42 123
2 269 270
0 -51 -641
0 184 217
2 272 275
2 273 274
0 -365 -256
0 -519 -503
2 276 277
0 -995 421
0 294 840
2 279 286
2 280 283
2 281 282
0 34 -987
0 -700 -670
2 284 285
0 626 -753
0 -923 897
2 287 290
2 288 289
0 793 149
0 213 496
2 291 292
0 636 -370
0 -575 -765
2 294 309
2 295 302
2 296 299
2 297 298
0 -423 694
0 -654 -925
2 300 301
0 -182 -942
0 -89 320
2 303 306
2 304 305
0 -298 -896
0 33 855
2 307 308
0 977 698
0 -272 -708
2 310 317
2 311 314
2 312 313
0 283 801
0 17 636
2 315 316
0 682 373
0 110 -444
2 318 321
2 319 320
0 -594 -27
0 205 -776
2 322 323
0 -217 -877
0 489 826
2 325 356
2 326 341
2 327 334
2 328 331
2 329 330
0 -672 -412
0 910 516
2 332 333
0 50 -342
0 906 -39
2 335 338
2 336 337
0 863 941
0 -847 545
2 339 340
0 -686 -20
0 -798 -269
2 342 349
2 343 346
2 344 345
0 -480 -113
0 739 -765
2 347 348
0 931 86
0 -844 -605
2 350 353
2 351 352
0 961 -876
0 -656 398
2 354 355
0 526 776
0 572 -421
2 357 372
2 358 365
2 359 362
2 360 361
0 827 423
0 -856 304
2 363 364
0 -3 310
0 -246 369
2 366 369
2 367 368
0 -187 835
0 214 276
2 370 371
0 309 -726
0 -782 655
2 373 380
2 374 377
2 375 376
0 -559 787
0 -121 -135
2 378 379
0 508 -529
0 751 -250
2 381 384
2 382 383
0 -505 -871
0 -621 -123
2 385 386
0 38 670
0 984 -19
2 388 451
2 389 420
2 390 405
2 391 398
2 392 395
2 393 394
0 661 19
0 617 -758
2 396 397
0 344 425
0 -434 -304
2 399 402
2 400 401
0 916 -618
0 562 694
2 403 404
0 -1000 756
0 393 -816
2 406 413
2 407 410
2 408 409
0 325 937
0 -61 -191
2 411 412
0 362 300
0 777 -612
2 414 417
2 415 416
0 234 -145
0 663 511
2 418 419
0 -929 697
0 496 -821
2 421 436
2 422 429
2 423 426
2 424 425
0 981 107
0 -398 -512
2 427 428
0 237 4
0 -489 -177
2 430 433
2 431 432
0 190 -990
0 -201 862
2 434 435
0 -469 -590
0 -613 9
2 437 444
2 438 441
2 439 440
0 481 5
0 397 684
2 442 443
0 544 -935
0 -411 -3
2 445 448
2 446 447
0 8 965
0 359 188
2 449 450
0 11 55
0 -374 646
2 452 483
2 453 468
2 454 461
2 455 458
2 456 457
0 167 231
0 240 380
2 459 460
0 168 124
0 437 904
2 462 465
2 463 464
0 953 707
0 773 -304
2 466 467
0 -377 -783
0 351 -806
2 469 476
2 470 473
2 471 472
0 155 245
0 910 704
2 474 475
0 -917 -819
0 332 -627
2 477 480
2 478 479
0 565 208
0 688 -295
2 481 482
0 -63 -705
0 390 959
2 484 499
2 485 492
2 486 489
2 487 488
0 -113 681
0 -792 450
2 490 491
0 -183 -397
0 -983 -177
2 493 496
2 494 495
0 347 -376
0 843 685
2 497 498
0 -610 -554
0 -80 444
2 500 507
2 501 504
2 502 503
0 688 -980
0 799 -88
2 505 506
0 -586 13
0 -316 451
2 508 511
2 509 510
0 -570 570
0 901 118
2 512 513
0 -110 127
0 359 -708
2 515 770
2 516 643
2 517 580
2 518 549
2 519 534
2 520 527
2 521 524
2 522 523
0 -870 -664
0 956 -326
2 525 526
0 731 665
0 -822 543
2 528 531
2 529 530
0 -172 315
0 -467 -229
2 532 533
0 -627 -510
0 607 -396
2 535 542
2 536 539
2 537 538
0 -678 -544
0 31 -819
2 540 541
0 -409 -880
0 -937 982
2 543 546
2 544 545
0 -277 408
0 -940 285
2 547 548
0 -203 -448
0 -682 -571
2 550 565
2 551 558
2 552 555
2 553 554
0 -267 586
0 103 -746
2 556 557
0 -228 718
0 -95 93
2 559 562
2 560 561
0 516 -788
0 645 -569
2 563 564
0 -76 -696
0 -355 -108
2 566 573
2 567 570
2 568 569
0 -357 -90
0 -184 -41
2 571 572
0 866 -711
0 636 44
2 574 577
2 575 576
0 -777 -696
0 -968 -640
2 578 579
0 535 -337
0 -460 373
2 581 612
2 582 597
2 583 590
2 584 587
2 585 586
0 -187 774
0 -235 -458
2 588 589
0 -174 -845
0 287 15
2 591 594
2 592 593
0 -649 516
0 762 -940
2 595 596
0 -385 620
0 99 -811
2 598 605
2 599 602
2 600 601
0 -778 59
0 -979 45
2 603 604
0 -442 24
0 -597 388
2 606 609
2 607 608
0 459 247
0 202 149
2 610 611
0 -173 -540
0 264 -886
2 613 628
2 614 621
2 615 618
2 616 617
0 -347 -126
0 850 -986
2 619 620
0 -23 -666
0 -757 -379
2 622 625
2 623 624
0 -772 -616
0 -811 -817
2 626 627
0 -900 -734
0 769 -257
2 629 636
2 630 633
2 631 632
0 -977 231
0 -491 789
2 634 635
0 -200 493
0 -902 -214
2 637 640
2 638 639
0 -805 -940
0 707 979
2 641 642
0 -819 58
0 -44 567
2 644 707
2 645 676
2 646 661
2 647 654
2 648 651
2 649 650
0 846 -303
0 94 885
2 652 653
0 -270 323
0 8 -330
2 655 658
2 656 657
0 -66 386
0 580 87
2 659 660
0 -975 795
0 941 -134
2 662 669
2 663 666
2 664 665
0 -306 984
0 647 256
2 667 668
0 -650 944
0 321 108
2 670 673
2 671 672
0 -755 301
0 -794 -749
2 674 675
0 444 -498
0 654 989
2 677 692
2 678 685
2 679 682
2 680 681
0 798 573
0 667 -817
2 683 684
0 629 -782
0 -192 322
2 686 689
2 687 688
0 466 246
0 399 356
2 690 691
0 700 -783
0 -946 -691
2 693 700
2 694 697
2 695 696
0 -317 933
0 561 -513
2 698 699
0 -936 780
0 -180 -861
2 701 704
2 702 703
0 830 213
0 388 -627
2 705 706
0 -735 -355
0 -401 91
2 708 739
2 709 724
2 710 717
2 711 714
2 712 713
0 -31 243
0 -956 -404
2 715 716
0 -344 314
0 764 -356
2 718 721
2 719 720
0 754 325
0 866 662
2 722 723
0 -158 -4
0 -639 704
2 725 732
2 726 729
2 727 728
0 -644 -615
0 246 -73
2 730 731
0 -766 387
0 398 -861
2 733 736
2 734 735
0 -944 15
0 82 534
2 737 738
0 138 185
0 -444 623
2 740 755
2 741 748
2 742 745
2 743 744
0 974 -514
0 -847 -220
2 746 747
0 -142 27
0 214 501
2 749 752
2 750 751
0 105 690
0 653 -611
2 753 754
0 733 950
0 569 -940
2 756 763
2 757 760
2 758 759
0 -103 -892
0 430 -657
2 761 762
0 549 775
0 590 620
2 764 767
2 765 766
0 997 709
0 -567 396
2 768 769
0 346 300
0 -595 -567
2 771 898
2 772 835
2 773 804
2 774 789
2 775 782
2 776 779
2 777 778
0 571 511
0 -3 -107
2 780 781
0 -862 322
0 134 330
2 783 786
2 784 785
0 -837 -1000
0 -275 645
2 787 788
0 -897 956
0 -692 625
2 790 797
2 791 794
2 792 793
0 -330 25
0 -187 -532
2 795 796
0 -579 20
0 -944 370
2 798 801
2 799 800
0 -754 52
0 -268 905
2 802 803
0 802 234
0 409 -449
2 805 820
2 806 813
2 807 810
2 808 809
0 573 298
0 -106 62
2 811 812
0 482 -998
0 -924 -224
2 814 817
2 815 816
0 102 -570
0 100 -769
2 818 819
0 -196 762
0 954 638
2 821 828
2 822 825
2 823 824
0 975 834
0 -150 801
2 826 827
0 626 653
0 738 -418
2 829 832
2 830 831
0 536 710
0 252 -826
2 833 834
0 -325 -658
0 598 182
2 836 867
2 837 852
2 838 845
2 839 842
2 840 841
0 -737 391
0 -637 950
2 843 844
0 761 -224
0 249 -289
2 846 849
2 847 848
0 123 766
0 -592 917
2 850 851
0 -381 26
0 509 592
2 853 860
2 854 857
2 855 856
0 416 -325
0 777 -182
2 858 859
0 -892 -250
0 -803 -628
2 861 864
2 862 863
0 -838 -108
0 463 747
2 865 866
0 767 305
0 -52 302
2 868 883
2 869 876
2 870 873
2 871 872
0 -170 -129
0 -708 -350
2 874 875
0 908 521
0 187 645
2 877 880
2 878 879
0 118 -803
0 -641 746
2 881 882
0 506 882
0 151 669
2 884 891
2 885 888
2 886 887
0 -107 749
0 -860 -772
2 889 890
0 -781 -761
0 837 -688
2 892 895
2 893 894
0 -112 -452
0 428 -566
2 896 897
0 977 -294
0 -692 -353
2 899 962
2 900 931
2 901 916
2 902 909
2 903 906
2 904 905
0 438 -274
0 -622 379
2 907 908
0 -952 748
0 520 -457
2 910 913
2 911 912
0 75 -257
0 -121 377
2 914 915
0 171 866
0 -10 331
2 917 924
2 918 921
2 919 920
0 -943 -490
0 151 270
2 922 923
0 344 710
0 -601 564
2 925 928
2 926 927
0 -442 -236
0 210 -964
2 929 930
0 959 -585
0 -312 597
2 932 947
2 933 940
2 934 937
2 935 936
0 268 -865
0 901 340
2 938 939
0 -677 848
0 674 80
2 941 944
2 942 943
0 92 503
0 730 -795
2 945 946
0 -148 -913
0 593 645
2 948 955
2 949 952
2 950 951
0 268 410
0 -344 -732
2 953 954
0 484 164
0 890 805
2 956 959
2 957 958
0 759 -311
0 692 -171
2 960 961
0 -186 712
0 -542 -675
2 963 994
2 964 979
2 965 972
2 966 969
2 967 968
0 -612 695
0 245 124
2 970 971
0 884 786
0 111 297
2 973 976
2 974 975
0 463 47
0 890 -616
2 977 978
0 975 -638
0 -625 -308
2 980 987
2 981 984
2 982 983
0 -43 -374
0 -891 940
2 985 986
0 -373 998
0 979 995
2 988 991
2 989 990
0 770 963
0 -670 -10
2 992 993
0 -747 316
0 -546 431
2 995 1010
2 996 1003
2 997 1000
2 998 999
0 -936 390
0 686 661
2 1001 1002
0 231 80
0 -127 247
2 1004 1007
2 1005 1006
0 -598 -603
0 436 885
2 1008 1009
0 -639 -276
0 643 971
2 1011 1018
2 1012 1015
2 1013 1014
0 984 -6
0 257 -812
2 1016 1017
0 -133 -309
0 -1 702
2 1019 1022
2 1020 1021
0 -869 -373
0 450 497
2 1023 1024
0 278 -244
0 -277 712
2 1026 1537
2 1027 1282
2 1028 1155
2 1029 1092
2 1030 1061
2 1031 1046
2 1032 1039
2 1033 1036
2 1034 1035
0 -197 -336
0 218 857
2 1037 1038
0 -251 443
0 -777 710
2 1040 1043
2 1041 1042
0 749 -633
0 169 -836
2 1044 1045
0 -761 932
0 -831 101
2 1047 1054
2 1048 1051
2 1049 1050
0 -31 -786
0 41 -129
2 1052 1053
0 960 75
0 -107 -863
2 1055 1058
2 1056 1057
0 -338 -18
0 -601 -479
2 1059 1060
0 744 -627
0 51 -627
2 1062 1077
2 1063 1070
2 1064 1067
2 1065 1066
0 -770 -930
0 -258 -76
2 1068 1069
0 -183 -113
0 -447 848
2 1071 1074
2 1072 1073
0 -133 918
0 946 56
2 1075 1076
0 -144 -685
0 702 -649
2 1078 1085
2 1079 1082
2 1080 1081
0 15 760
0 629 -903
2 1083 1084
0 -486 -919
0 871 -776
2 1086 1089
2 1087 1088
0 876 819
0 -646 -734
2 1090 1091
0 329 591
0 -472 538
2 1093 1124
2 1094 1109
2 1095 1102
2 1096 1099
2 1097 1098
0 377 -988
0 80 475
2 1100 1101
0 -739 -270
0 539 882
2 1103 1106
2 1104 1105
0 -514 -791
0 -891 -913
2 1107 1108
0 -338 821
0 446 483
2 1110 1117
2 1111 1114
2 1112 1113
0 909 692
0 409 814
2 1115 1116
0 -667 -249
0 591 -210
2 1118 1121
2 1119 1120
0 938 -349
0 -244 -217
2 1122 1123
0 643 -409
0 -625 -812
2 1125 1140
2 1126 1133
2 1127 1130
2 1128 1129
0 -783 -278
0 -540 -547
2 1131 1132
0 -887 775
0 15 388
2 1134 1137
2 1135 1136
0 562 787
0 -746 -898
2 1138 1139
0 220 -598
0 690 641
2 1141 1148
2 1142 1145
2 1143 1144
0 -464 -903
0 -392 -630
2 1146 1147
0 -757 -404
0 765 -525
2 1149 1152
2 1150 1151
0 -879 966
0 398 -405
2 1153 1154
0 -414 886
0 56 398
2 1156 1219
2 1157 1188
2 1158 1173
2 1159 1166
2 1160 1163
2 1161 1162
0 -970 372
0 337 -94
2 1164 1165
0 -614 -591
0 -240 -14
2 1167 1170
2 1168 1169
0 -151 360
0 -366 352
2 1171 1172
0 60 -731
0 624 528
2 1174 1181
2 1175 1178
2 1176 1177
0 -711 473
0 524 789
2 1179 1180
0 689 -167
0 -694 -582
2 1182 1185
2 1183 1184
0 676 -790
0 934 827
2 1186 1187
0 183 873
0 -513 271
2 1189 1204
2 1190 1197
2 1191 1194
2 1192 1193
0 -132 -707
0 671 739
2 1195 1196
0 -14 -475
0 -752 -126
2 1198 1201
2 1199 1200
0 784 507
0 -325 930
2 1202 1203
0 517 -785
0 610 932
2 1205 1212
2 1206 1209
2 1207 1208
0 -157 -38
0 -307 -311
2 1210 1211
0 -105 922
0 844 531
2 1213 1216
2 1214 1215
0 976 -73
0 578 -250
2 1217 1218
0 -218 -446
0 -384 705
2 1220 1251
2 1221 1236
2 1222 1229
2 1223 1226
2 1224 1225
0 -399 282
0 416 443
2 1227 1228
0 -536 -841
0 -778 653
2 1230 1233
2 1231 1232
0 -287 89
0 925 38
2 1234 1235
0 287 325
0 -274 -616
2 1237 1244
2 1238 1241
2 1239 1240
0 -800 425
0 -232 -513
2 1242 1243
0 563 538
0 858 -247
2 1245 1248
2 1246 1247
0 94 -615
0 534 -332
2 1249 1250
0 342 -86
0 -350 -125
2 1252 1267
2 1253 1260
2 1254 1257
2 1255 1256
0 254 894
0 365 -678
2 1258 1259
0 258 779
0 191 791
2 1261 1264
2 1262 1263
0 733 -422
0 -307 -155
2 1265 1266
0 371 -344
0 -817 665
2 1268 1275
2 1269 1272
2 1270 1271
0 -561 -101
0 574 102
2 1273 1274
0 -487 961
0 199 -627
2 1276 1279
2 1277 1278
0 656 295
0 65 -442
2 1280 1281
0 207 -459
0 -480 -568
2 1283 1410
2 1284 1347
2 1285 1316
2 1286 1301
2 1287 1294
2 1288 1291
2 1289 1290
0 -429 -209
0 -971 681
2 1292 1293
0 -577 234
0 979 148
2 1295 1298
2 1296 1297
0 -570 -554
0 213 453
2 1299 1300
0 745 743
0 -135 -140
2 1302 1309
2 1303 1306
2 1304 1305
0 -251 -237
0 98 -444
2 1307 1308
0 -796 92
0 -957 -727
2 1310 1313
2 1311 1312
0 -828 439
0 -516 411
2 1314 1315
0 -899 922
0 -301 -54
2 1317 1332
2 1318 1325
2 1319 1322
2 1320 1321
0 -72 -885
0 -155 434
2 1323 1324
0 -318 -338
0 329 877
2 1326 1329
2 1327 1328
0 -787 886
0 -775 589
2 1330 1331
0 148 -565
0 456 260
2 1333 1340
2 1334 1337
2 1335 1336
0 249 -814
0 -484 -85
2 1338 1339
0 780 -515
0 -36 510
2 1341 1344
2 1342 1343
0 550 -97
0 -241 726
2 1345 1346
0 -387 642
0 -235 -905
2 1348 1379
2 1349 1364
2 1350 1357
2 1351 1354
2 1352 1353
0 571 -698
0 -883 -421
2 1355 1356
0 715 -347
0 333 -843
2 1358 1361
2 1359 1360
0 -940 733
0 839 87
2 1362 1363
0 -268 133
0 -605 -392
2 1365 1372
2 1366 1369
2 1367 1368
0 -868 257
0 -101 -497
2 1370 1371
0 305 -184
0 261 -166
2 1373 1376
2 1374 1375
0 -210 -544
0 -277 242
2 1377 1378
0 47 -986
0 -124 328
2 1380 1395
2 1381 1388
2 1382 1385
2 1383 1384
0 86 42
0 382 305
2 1386 1387
0 -462 -177
0 380 -215
2 1389 1392
2 1390 1391
0 523 -749
0 550 -462
2 1393 1394
0 -639 -191
0 -865 -543
2 1396 1403
2 1397 1400
2 1398 1399
0 54 -363
0 -872 124
2 1401 1402
0 801 -134
0 653 -238
2 1404 1407
2 1405 1406
0 -761 -179
0 836 404
2 1408 1409
0 963 904
0 601 -544
2 1411 1474
2 1412 1443
2 1413 1428
2 1414 1421
2 1415 1418
2 1416 1417
0 8 593
0 -626 376
2 1419 1420
0 -74 497
0 421 94
2 1422 1425
2 1423 1424
0 286 -899
0 1 692
2 1426 1427
0 465 -800
0 347 -392
2 1429 1436
2 1430 1433
2 1431 1432
0 -144 -705
0 -861 493
2 1434 1435
0 928 -862
0 954 -418
2 1437 1440
2 1438 1439
0 820 462
0 -550 -459
2 1441 1442
0 -379 -351
0 967 556
2 1444 1459
2 1445 1452
2 1446 1449
2 1447 1448
0 -409 596
0 682 -388
2 1450 1451
0 -637 -113
0 -5 841
2 1453 1456
2 1454 1455
0 -44 619
0 -432 -388
2 1457 1458
0 442 86
0 -912 217
2 1460 1467
2 1461 1464
2 1462 1463
0 468 47
0 719 -640
2 1465 1466
0 199 677
0 -154 -520
2 1468 1471
2 1469 1470
0 -436 -759
0 576 923
2 1472 1473
0 -718 -137
0 -391 768
2 1475 1506
2 1476 1491
2 1477 1484
2 1478 1481
2 1479 1480
0 49 -117
0 130 929
2 1482 1483
0 790 -228
0 770 -627
2 1485 1488
2 1486 1487
0 -649 -530
0 159 25
2 1489 1490
0 -368 -526
0 -397 -802
2 1492 1499
2 1493 1496
2 1494 1495
0 -539 -338
0 202 707
2 1497 1498
0 -802 455
0 -499 -807
2 1500 1503
2 1501 1502
0 -369 103
0 -871 -155
2 1504 1505
0 527 401
0 -874 448
2 1507 1522
2 1508 1515
2 1509 1512
2 1510 1511
0 336 -92
0 566 922
2 1513 1514
0 -776 -935
0 247 99
2 1516 1519
2 1517 1518
0 858 751
0 135 557
2 1520 1521
0 -975 -9
0 -372 724
2 1523 1530
2 1524 1527
2 1525 1526
0 -870 -239
0 365 -126
2 1528 1529
0 866 247
0 -826 985
2 1531 1534
2 1532 1533
0 94 85
0 677 388
2 1535 1536
0 698 -184
0 593 -893
2 1538 1793
2 1539 1666
2 1540 1603
2 1541 1572
2 1542 1557
2 1543 1550
2 1544 1547
2 1545 1546
0 808 -597
0 -366 114
2 1548 1549
0 -278 -199
0 818 -433
2 1551 1554
2 1552 1553
0 -163 934
0 589 47
2 1555 1556
0 -419 971
0 -865 784
2 1558 1565
2 1559 1562
2 1560 1561
0 915 677
0 713 -136
2 1563 1564
0 -345 922
0 -262 -219
2 1566 1569
2 1567 1568
0 -157 -208
0 88 247
2 1570 1571
0 -805 343
0 -257 935
2 1573 1588
2 1574 1581
2 1575 1578
2 1576 1577
0 238 892
0 162 45
2 1579 1580
0 -682 -412
0 -637 665
2 1582 1585
2 1583 1584
0 818 -813
0 31 -128
2 1586 1587
0 -385 -457
0 -420 -58
2 1589 1596
2 1590 1593
2 1591 1592
0 320 -314
0 71 526
2 1594 1595
0 782 696
0 -741 211
2 1597 1600
2 1598 1599
0 -160 -260
0 957 -510
2 1601 1602
0 560 557
0 -757 782
2 1604 1635
2 1605 1620
2 1606 1613
2 1607 1610
2 1608 1609
0 -887 175
0 -720 -784
2 1611 1612
0 -756 323
0 -697 -711
2 1614 1617
2 1615 1616
0 -997 800
0 625 109
2 1618 1619
0 135 698
0 -433 455
2 1621 1628
2 1622 1625
2 1623 1624
0 -827 28
0 -235 336
2 1626 1627
0 -997 108
0 -827 -10
2 1629 1632
2 1630 1631
0 562 -306
0 220 -219
2 1633 1634
0 -507 -723
0 817 254
2 1636 1651
2 1637 1644
2 1638 1641
2 1639 1640
0 -682 706
0 507 -229
2 1642 1643
0 791 19
0 -889 -284
2 1645 1648
2 1646 1647
0 -178 81
0 227 -190
2 1649 1650
0 -953 -763
0 9 291
2 1652 1659
2 1653 1656
2 1654 1655
0 -687 793
0 528 691
2 1657 1658
0 299 185
0 -811 462
2 1660 1663
2 1661 1662
0 -886 706
0 570 200
2 1664 1665
0 -866 -383
0 -956 -106
2 1667 1730
2 1668 1699
2 1669 1684
2 1670 1677
2 1671 1674
2 1672 1673
0 -671 -562
0 268 158
2 1675 1676
0 -434 -221
0 -150 -115
2 1678 1681
2 1679 1680
0 -690 -619
0 578 65
2 1682 1683
0 -976 -202
0 -435 -670
2 1685 1692
2 1686 1689
2 1687 1688
0 -568 30
0 445 909
2 1690 1691
0 -681 -263
0 -194 -699
2 1693 1696
2 1694 1695
0 45 -285
0 177 535
2 1697 1698
0 -557 -144
0 -500 -126
2 1700 1715
2 1701 1708
2 1702 1705
2 1703 1704
0 -830 144
0 -25 -719
2 1706 1707
0 -112 -394
0 34 -717
2 1709 1712
2 1710 1711
0 -985 -517
0 278 -885
2 1713 1714
0 -23 -166
0 -987 636
2 1716 1723
2 1717 1720
2 1718 1719
0 872 943
0 -152 -527
2 1721 1722
0 -917 13
0 -357 -66
2 1724 1727
2 1725 1726
0 406 -375
0 -713 -304
2 1728 1729
0 -174 154
0 -144 12
2 1731 1762
2 1732 1747
2 1733 1740
2 1734 1737
2 1735 1736
0 951 -861
0 771 -527
2 1738 1739
0 809 -563
0 358 -64
2 1741 1744
2 1742 1743
0 246 -860
0 915 -356
2 1745 1746
0 215 -444
0 322 -821
2 1748 1755
2 1749 1752
2 1750 1751
0 -198 393
0 -304 -87
2 1753 1754
0 418 236
0 326 -938
2 1756 1759
2 1757 1758
0 424 -758
0 25 -476
2 1760 1761
0 -256 634
0 -344 -742
2 1763 1778
2 1764 1771
2 1765 1768
2 1766 1767
0 -776 350
0 -804 628
2 1769 1770
0 451 287
0 794 914
2 1772 1775
2 1773 1774
0 -569 -353
0 969 -556
2 1776 1777
0 607 -997
0 443 -870
2 1779 1786
2 1780 1783
2 1781 1782
0 -454 130
0 89 364
2 1784 1785
0 527 -879
0 -437 364
2 1787 1790
2 1788 1789
0 940 306
0 -986 494
2 1791 1792
0 338 95
0 -46 515
2 1794 1921
2 1795 1858
2 1796 1827
2 1797 1812
2 1798 1805
2 1799 1802
2 1800 1801
0 -496 -388
0 806 991
2 1803 1804
0 -367 -552
0 884 96
2 1806 1809
2 1807 1808
0 307 -86
0 -567 658
2 1810 1811
0 738 87
0 -328 299
2 1813 1820
2 1814 1817
2 1815 1816
0 -29 -107
0 720 -715
2 1818 1819
0 265 548
0 -882 -351
2 1821 1824
2 1822 1823
0 959 653
0 -254 985
2 1825 1826
0 -80 117
0 -39 -891
2 1828 1843
2 1829 1836
2 1830 1833
2 1831 1832
0 -301 608
0 235 517
2 1834 1835
0 873 -458
0 -122 285
2 1837 1840
2 1838 1839
0 -203 -926
0 -381 997
2 1841 1842
0 -899 456
0 676 49
2 1844 1851
2 1845 1848
2 1846 1847
0 -757 151
0 11 359
2 1849 1850
0 -449 -369
0 437 576
2 1852 1855
2 1853 1854
0 -975 -332
0 -293 404
2 1856 1857
0 -805 -103
0 149 240
2 1859 1890
2 1860 1875
2 1861 1868
2 1862 1865
2 1863 1864
0 -873 399
0 585 -129
2 1866 1867
0 -707 -610
0 788 -680
2 1869 1872
2 1870 1871
0 -874 378
0 594 325
2 1873 1874
0 -63 -928
0 942 308
2 1876 1883
2 1877 1880
2 1878 1879
0 -971 -316
0 12 -52
2 1881 1882
0 -131 -86
0 467 29
2 1884 1887
2 1885 1886
0 -15 566
0 -340 -444
2 1888 1889
0 -822 656
0 250 -726
2 1891 1906
2 1892 1899
2 1893 1896
2 1894 1895
0 955 -586
0 714 385
2 1897 1898
0 581 -233
0 892 809
2 1900 1903
2 1901 1902
0 -259 -43
0 -113 -250
2 1904 1905
0 -961 -384
0 150 -129
2 1907 1914
2 1908 1911
2 1909 1910
0 -889 -65
0 770 -33
2 1912 1913
0 788 -944
0 323 655
2 1915 1918
2 1916 1917
0 1000 -71
0 156 366
2 1919 1920
0 -849 -116
0 302 30
2 1922 1985
2 1923 1954
2 1924 1939
2 1925 1932
2 1926 1929
2 1927 1928
0 699 118
0 725 -705
2 1930 1931
0 -121 -267
0 892 -518
2 1933 1936
2 1934 1935
0 -756 -312
0 859 -135
2 1937 1938
0 -689 274
0 -469 820
2 1940 1947
2 1941 1944
2 1942 1943
0 -118 -127
0 -922 54
2 1945 1946
0 -155 812
0 -338 -408
2 1948 1951
2 1949 1950
0 762 945
0 -916 758
2 1952 1953
0 868 268
0 545 -473
2 1955 1970
2 1956 1963
2 1957 1960
2 1958 1959
0 -441 -70
0 -979 -514
2 1961 1962
0 509 460
0 92 -2
2 1964 1967
2 1965 1966
0 -361 -404
0 210 -171
2 1968 1969
0 -72 -332
0 -420 129
2 1971 1978
2 1972 1975
2 1973 1974
0 881 -556
0 490 297
2 1976 1977
0 -549 -672
0 -567 657
2 1979 1982
2 1980 1981
0 646 -275
0 185 970
2 1983 1984
0 -451 595
0 977 -464
2 1986 2017
2 1987 2002
2 1988 1995
2 1989 1992
2 1990 1991
0 -75 665
0 182 -154
2 1993 1994
0 -716 771
0 707 668
2 1996 1999
2 1997 1998
0 333 926
0 -778 998
2 2000 2001
0 -841 -85
0 250 -147
2 2003 2010
2 2004 2007
2 2005 2006
0 899 128
0 -539 382
2 2008 2009
0 -849 -655
0 -277 96
2 2011 2014
2 2012 2013
0 38 -844
0 302 -3
2 2015 2016
0 328 47
0 -324 -405
2 2018 2033
2 2019 2026
2 2020 2023
2 2021 2022
0 -220 506
0 836 -951
2 2024 2025
0 -326 -154
0 -484 -634
2 2027 2030
2 2028 2029
0 -514 9
0 932 835
2 2031 2032
0 711 476
0 588 -583
2 2034 2041
2 2035 2038
2 2036 2037
0 201 -297
0 243 376
2 2039 2040
0 267 -889
0 850 48
2 2042 2045
2 2043 2044
0 -781 -965
0 228 823
2 2046 2047
0 581 -15
0 481 -426
