1111
10 2 113 224 335 446 557 668 779 890 1001
10 3 14 25 36 47 58 69 80 91 102
10 4 5 6 7 8 9 10 11 12 13
0 -846 43
0 794 332
0 -558 -43
0 -642 -438
0 -245 936
0 -289 489
0 -643 211
0 876 -116
0 -743 290
0 -411 587
10 15 16 17 18 19 20 21 22 23 24
0 -458 -210
0 -967 244
0 -220 -827
0 632 -261
0 970 814
0 301 347
0 188 -93
0 396 925
0 -11 -152
0 562 -561
10 26 27 28 29 30 31 32 33 34 35
0 -943 -995
0 502 -735
0 -315 -939
0 2 -200
0 -692 984
0 277 -167
0 -679 702
0 -185 434
0 -577 -861
0 -802 -653
10 37 38 39 40 41 42 43 44 45 46
0 -716 -894
0 -882 75
0 710 -109
0 -693 937
0 86 -250
0 342 133
0 691 -589
0 0 188
0 235 244
0 99 -27
10 48 49 50 51 52 53 54 55 56 57
0 -328 -771
0 -226 -32
0 474 466
0 -475 50
0 991 992
0 -995 -255
0 -112 -678
0 127 203
0 798 -387
0 -697 64
10 59 60 61 62 63 64 65 66 67 68
0 35 -561
0 435 450
0 -494 577
0 763 425
0 801 -352
0 214 -525
0 797 79
0 744 717
0 967 -930
0 -893 -979
10 70 71 72 73 74 75 76 77 78 79
0 -789 124
0 -137 -458
0 -343 75
0 -694 -304
0 -300 903
0 323 -550
0 796 777
0 -797 386
0 -267 -674
0 -368 610
10 81 82 83 84 85 86 87 88 89 90
0 -520 941
0 813 570
0 402 -326
0 540 379
0 -400 -107
0 868 860
0 332 116
0 279 543
0 -462 -484
0 -745 953
10 92 93 94 95 96 97 98 99 100 101
0 -660 588
0 630 889
0 -31 -391
0 -8 -458
0 742 -757
0 -245 903
0 -679 -442
0 252 874
0 12 -303
0 -997 -946
10 103 104 105 106 107 108 109 110 111 112
0 -891 873
0 -58 417
0 283 -560
0 -471 -972
0 658 52
0 -144 -730
0 852 -663
0 -635 -438
0 155 152
0 954 -891
10 114 125 136 147 158 169 180 191 202 213
10 115 116 117 118 119 120 121 122 123 124
0 908 -995
0 -561 -35
0 720 435
0 -114 -193
0 859 -583
0 639 -696
0 449 -993
0 374 446
0 904 113
0 -345 -804
10 126 127 128 129 130 131 132 133 134 135
0 -883 108
0 -397 -785
0 648 -390
0 305 -604
0 -725 806
0 -367 -589
0 -877 -852
0 580 423
0 -234 767
0 384 -624
10 137 138 139 140 141 142 143 144 145 146
0 -454 176
0 -999 481
0 -800 504
0 -595 -191
0 -562 -115
0 365 985
0 775 -236
0 -610 -112
0 360 501
0 238 413
10 148 149 150 151 152 153 154 155 156 157
0 -964 -588
0 -531 375
0 386 601
0 518 -565
0 -823 -502
0 506 -772
0 635 -293
0 -675 730
0 -641 927
0 134 -806
10 159 160 161 162 163 164 165 166 167 168
0 540 33
0 334 -235
0 -6 276
0 989 604
0 258 -992
0 -164 -287
0 221 -252
0 932 -456
0 -306 75
0 189 -41
10 170 171 172 173 174 175 176 177 178 179
0 -871 -927
0 645 530
0 349 520
0 -609 -830
0 -346 98
0 710 -680
0 373 806
0 -434 18
0 -52 768
0 702 838
10 181 182 183 184 185 186 187 188 189 190
0 -371 579
0 -446 -92
0 336 5
0 251 670
0 288 -80
0 167 -761
0 -240 441
0 -495 280
0 650 364
0 409 -517
10 192 193 194 195 196 197 198 199 200 201
0 -743 -478
0 -414 340
0 -238 -806
0 -126 30
0 -70 68
0 655 -501
0 -884 373
0 -999 837
0 -869 -174
0 -404 -910
10 203 204 205 206 207 208 209 210 211 212
0 -337 -461
0 625 152
0 811 -758
0 -292 -77
0 510 -52
0 36 -113
0 800 398
0 -207 -309
0 469 809
0 -266 478
10 214 215 216 217 218 219 220 221 222 223
0 -834 -446
0 -70 -809
0 522 -141
0 -478 -59
0 -283 755
0 -540 246
0 1 955
0 749 218
0 -606 368
0 -278 313
10 225 236 247 258 269 280 291 302 313 324
10 226 227 228 229 230 231 232 233 234 235
0 -601 -64
0 18 83
0 294 -217
0 -449 274
0 -505 -948
0 -495 87
0 -434 -985
0 -226 -776
0 384 -36
0 -640 263
10 237 238 239 240 241 242 243 244 245 246
0 -596 251
0 -649 -514
0 33 -735
0 602 -888
0 960 -758
0 340 -392
0 889 -40
0 581 -146
0 -388 567
0 150 134
10 248 249 250 251 252 253 254 255 256 257
0 63 -455
0 621 -125
0 -244 36
0 2 -868
0 697 -954
0 -310 -848
0 683 -722
0 834 -858
0 573 395
0 669 243
10 259 260 261 262 263 264 265 266 267 268
0 437 -574
0 -221 -250
0 844 -874
0 -623 393
0 339 -784
0 682 -744
0 839 -227
0 -141 334
0 -98 -148
0 -89 -767
10 270 271 272 273 274 275 276 277 278 279
0 -885 -673
0 297 -412
0 -896 -699
0 -373 -881
0 -174 613
0 679 -15
0 -525 -654
0 665 859
0 -91 -936
0 396 -210
10 281 282 283 284 285 286 287 288 289 290
0 807 -752
0 605 -823
0 973 -367
0 425 -181
0 473 134
0 889 -834
0 382 -629
0 511 643
0 -982 170
0 570 401
10 292 293 294 295 296 297 298 299 300 301
0 -140 -728
0 48 460
0 95 -125
0 -268 -285
0 -295 -43
0 -713 -976
0 -16 -103
0 703 301
0 -469 389
0 588 -158
10 303 304 305 306 307 308 309 310 311 312
0 -346 -524
0 -57 270
0 822 -43
0 -618 82
0 -84 -464
0 71 463
0 402 -229
0 385 -255
0 93 -566
0 681 369
10 314 315 316 317 318 319 320 321 322 323
0 7 -522
0 667 941
0 -761 -553
0 212 -808
0 388 -925
0 923 920
0 627 32
0 541 -607
0 -161 758
0 369 -570
10 325 326 327 328 329 330 331 332 333 334
0 -253 -339
0 -636 440
0 -71 -348
0 -448 323
0 117 190
0 63 606
0 450 29
0 -586 85
0 946 -717
0 -464 -616
10 336 347 358 369 380 391 402 413 424 435
10 337 338 339 340 341 342 343 344 345 346
0 -427 -182
0 163 -260
0 -120 -413
0 919 292
0 987 678
0 -840 689
0 885 -265
0 264 -913
0 555 -105
0 611 -181
10 348 349 350 351 352 353 354 355 356 357
0 -857 913
0 -474 -91
0 -410 528
0 -385 899
0 433 -223
0 702 -131
0 716 -585
0 172 339
0 -518 -395
0 933 530
10 359 360 361 362 363 364 365 366 367 368
0 -845 678
0 -982 -636
0 80 -328
0 66 -176
0 580 -212
0 221 -445
0 891 -82
0 -255 937
0 -90 -537
0 -925 -28
10 370 371 372 373 374 375 376 377 378 379
0 -296 -596
0 989 29
0 -585 813
0 295 706
0 547 412
0 -881 891
0 94 -848
0 529 -509
0 579 580
0 -539 -887
10 381 382 383 384 385 386 387 388 389 390
0 -256 -479
0 40 411
0 453 323
0 -550 938
0 539 807
0 -93 -349
0 123 362
0 395 -234
0 -487 -199
0 -456 918
10 392 393 394 395 396 397 398 399 400 401
0 705 -934
0 -516 -864
0 794 466
0 -697 -40
0 -504 997
0 -95 -388
0 922 224
0 -110 700
0 -880 -765
0 850 -317
10 403 404 405 406 407 408 409 410 411 412
0 -131 484
0 -278 -381
0 858 89
0 316 979
0 -916 -13
0 517 119
0 824 -911
0 725 376
0 57 323
0 802 -631
10 414 415 416 417 418 419 420 421 422 423
0 -61 -34
0 -808 3
0 141 393
0 -779 852
0 -920 -680
0 322 -464
0 944 340
0 -246 -133
0 -712 256
0 -273 -605
10 425 426 427 428 429 430 431 432 433 434
0 -947 640
0 779 53
0 -607 389
0 -2 -364
0 -235 -934
0 402 296
0 640 942
0 452 -22
0 648 -936
0 270 -630
10 436 437 438 439 440 441 442 443 444 445
0 -334 622
0 -741 172
0 -243 -105
0 109 -431
0 629 -461
0 175 -201
0 90 623
0 984 147
0 -10 171
0 617 -683
10 447 458 469 480 491 502 513 524 535 546
10 448 449 450 451 452 453 454 455 456 457
0 -763 650
0 974 265
0 -427 984
0 -194 623
0 -452 926
0 -602 374
0 796 250
0 902 -622
0 -984 415
0 625 -569
10 459 460 461 462 463 464 465 466 467 468
0 467 554
0 -639 -936
0 31 497
0 -55 -954
0 262 -406
0 -276 232
0 -264 -40
0 -315 -383
0 731 742
0 -571 -629
10 470 471 472 473 474 475 476 477 478 479
0 949 -445
0 -620 6
0 -665 45
0 -543 291
0 -24 920
0 -436 728
0 -891 152
0 336 1
0 -761 -626
0 -909 429
10 481 482 483 484 485 486 487 488 489 490
0 850 -403
0 942 327
0 799 14
0 -643 823
0 -955 -957
0 692 -884
0 -272 -282
0 752 812
0 -653 239
0 -741 -303
10 492 493 494 495 496 497 498 499 500 501
0 144 -946
0 -487 55
0 -913 854
0 -814 -259
0 -318 432
0 -543 444
0 532 -15
0 -486 -990
0 199 654
0 617 686
10 503 504 505 506 507 508 509 510 511 512
0 982 299
0 -811 929
0 312 -189
0 -977 -218
0 940 -986
0 142 649
0 756 274
0 540 -488
0 23 -57
0 90 356
10 514 515 516 517 518 519 520 521 522 523
0 -451 -151
0 -527 818
0 -435 272
0 650 497
0 301 827
0 601 -359
0 388 674
0 -670 769
0 259 50
0 51 466
10 525 526 527 528 529 530 531 532 533 534
0 429 -679
0 -202 -253
0 792 -353
0 81 -329
0 340 -190
0 -150 886
0 456 -430
0 791 -237
0 476 -970
0 379 648
10 536 537 538 539 540 541 542 543 544 545
0 512 904
0 378 143
0 194 -157
0 -139 342
0 -532 72
0 122 926
0 -420 -905
0 663 -696
0 515 -141
0 -367 -135
10 547 548 549 550 551 552 553 554 555 556
0 35 515
0 -425 424
0 -586 -885
0 -820 302
0 -606 -745
0 -871 598
0 -388 -783
0 154 -807
0 -598 -230
0 -22 -709
10 558 569 580 591 602 613 624 635 646 657
10 559 560 561 562 563 564 565 566 567 568
0 147 741
0 524 -669
0 485 -345
0 -520 -362
0 -932 -542
0 525 195
0 445 192
0 986 969
0 -130 914
0 742 903
10 570 571 572 573 574 575 576 577 578 579
0 351 -251
0 -33 -556
0 677 254
0 583 425
0 63 -714
0 368 -72
0 -789 -993
0 345 -567
0 -489 -123
0 110 -914
10 581 582 583 584 585 586 587 588 589 590
0 577 -940
0 -867 -707
0 464 140
0 -756 -972
0 580 346
0 880 -125
0 420 -726
0 67 -583
0 875 -827
0 -152 495
10 592 593 594 595 596 597 598 599 600 601
0 714 814
0 672 -833
0 843 335
0 -53 129
0 108 -437
0 443 -200
0 -55 38
0 365 784
0 -269 199
0 680 553
10 603 604 605 606 607 608 609 610 611 612
0 446 818
0 -823 -161
0 -551 173
0 128 534
0 833 -840
0 -160 -415
0 -362 30
0 -308 -484
0 -497 -428
0 -255 359
10 614 615 616 617 618 619 620 621 622 623
0 -348 343
0 469 -437
0 -72 403
0 -435 543
0 112 792
0 -283 547
0 -295 -156
0 -639 -734
0 -542 138
0 -548 266
10 625 626 627 628 629 630 631 632 633 634
0 -776 -552
0 -315 -419
0 276 -642
0 945 612
0 223 -179
0 -373 -750
0 699 540
0 -71 786
0 -929 -76
0 -547 -961
10 636 637 638 639 640 641 642 643 644 645
0 -277 728
0 -419 981
0 381 968
0 908 -917
0 -512 -792
0 172 532
0 -306 69
0 420 -28
0 -825 -778
0 419 865
10 647 648 649 650 651 652 653 654 655 656
0 -752 -777
0 914 206
0 347 992
0 8 -860
0 141 443
0 777 -418
0 304 988
0 -567 993
0 111 289
0 -331 31
10 658 659 660 661 662 663 664 665 666 667
0 -567 -697
0 164 508
0 -984 482
0 947 -300
0 662 -36
0 -874 -2
0 -469 958
0 -881 343
0 -24 -440
0 -693 612
10 669 680 691 702 713 724 735 746 757 768
10 670 671 672 673 674 675 676 677 678 679
0 -499 234
0 -406 -986
0 -259 -302
0 -582 -864
0 -280 -603
0 567 -896
0 -748 620
0 -681 262
0 -287 -997
0 -475 170
10 681 682 683 684 685 686 687 688 689 690
0 234 -889
0 -828 875
0 25 894
0 928 618
0 301 938
0 572 300
0 -706 226
0 683 530
0 760 -976
0 266 863
10 692 693 694 695 696 697 698 699 700 701
0 -55 -508
0 -816 200
0 -709 -558
0 397 -944
0 -180 723
0 249 226
0 324 -258
0 -193 -773
0 -768 -594
0 -442 959
10 703 704 705 706 707 708 709 710 711 712
0 468 -173
0 497 -628
0 720 -549
0 736 -268
0 -537 -529
0 -797 570
0 61 624
0 -500 622
0 -749 -725
0 284 848
10 714 715 716 717 718 719 720 721 722 723
0 -983 -945
0 778 736
0 970 768
0 348 133
0 -592 845
0 -144 784
0 323 175
0 775 50
0 -687 771
0 835 172
10 725 726 727 728 729 730 731 732 733 734
0 731 431
0 -301 984
0 -811 -319
0 2 924
0 200 923
0 559 -319
0 -383 589
0 460 199
0 13 335
0 491 -967
10 736 737 738 739 740 741 742 743 744 745
0 405 985
0 -1 804
0 -443 881
0 -55 694
0 -53 -553
0 -690 830
0 243 740
0 3 -804
0 919 -577
0 -470 922
10 747 748 749 750 751 752 753 754 755 756
0 -857 -886
0 -64 80
0 -23 -669
0 -216 -810
0 231 253
0 352 553
0 144 -801
0 922 -866
0 972 -434
0 -373 110
10 758 759 760 761 762 763 764 765 766 767
0 706 807
0 207 794
0 -243 -263
0 46 -849
0 -65 248
0 -965 -805
0 687 -188
0 -403 -486
0 -508 237
0 13 -512
10 769 770 771 772 773 774 775 776 777 778
0 -604 -896
0 850 335
0 450 -481
0 -467 -901
0 964 -864
0 -508 943
0 -578 -971
0 906 722
0 773 66
0 592 524
10 780 791 802 813 824 835 846 857 868 879
10 781 782 783 784 785 786 787 788 789 790
0 643 -231
0 -357 672
0 -332 -693
0 -613 -930
0 566 -859
0 965 428
0 877 -372
0 264 -839
0 -323 456
0 -144 627
10 792 793 794 795 796 797 798 799 800 801
0 -229 -638
0 965 835
0 -37 314
0 -463 -71
0 -151 -634
0 45 537
0 -493 161
0 668 471
0 213 364
0 -741 -275
10 803 804 805 806 807 808 809 810 811 812
0 252 -128
0 663 -382
0 -115 344
0 276 912
0 -552 -373
0 -920 778
0 146 12
0 -489 -181
0 -39 620
0 -133 699
10 814 815 816 817 818 819 820 821 822 823
0 984 418
0 486 666
0 568 177
0 766 943
0 675 923
0 609 -489
0 260 -241
0 -686 261
0 -146 592
0 -928 -772
10 825 826 827 828 829 830 831 832 833 834
0 -643 985
0 -505 -976
0 22 -602
0 560 670
0 184 -673
0 656 290
0 -935 448
0 141 428
0 81 75
0 390 865
10 836 837 838 839 840 841 842 843 844 845
0 -303 667
0 -738 -144
0 -717 -81
0 444 182
0 -4 -2
0 999 -784
0 -636 -1000
0 508 -703
0 373 -403
0 -782 869
10 847 848 849 850 851 852 853 854 855 856
0 686 -715
0 551 651
0 -254 -849
0 684 11
0 564 -128
0 -960 -689
0 796 905
0 640 -233
0 -839 -211
0 567 -700
10 858 859 860 861 862 863 864 865 866 867
0 -767 583
0 359 -595
0 560 741
0 814 -687
0 -645 -569
0 325 -953
0 -370 -25
0 -40 -590
0 258 -292
0 946 -508
10 869 870 871 872 873 874 875 876 877 878
0 360 962
0 -973 -400
0 131 -464
0 111 -413
0 806 -221
0 480 -855
0 0 -334
0 481 -446
0 -578 767
0 139 -459
10 880 881 882 883 884 885 886 887 888 889
0 434 365
0 673 -639
0 243 -15
0 -871 545
0 779 358
0 327 141
0 587 989
0 -992 499
0 470 -306
0 -729 -20
10 891 902 913 924 935 946 957 968 979 990
10 892 893 894 895 896 897 898 899 900 901
0 -445 -944
0 -322 784
0 270 -549
0 -911 110
0 -627 -284
0 -315 319
0 -882 -774
0 -327 517
0 206 527
0 630 930
10 903 904 905 906 907 908 909 910 911 912
0 120 -201
0 68 -524
0 -460 -327
0 -622 -839
0 -107 700
0 970 259
0 305 44
0 -568 -7
0 -318 974
0 886 697
10 914 915 916 917 918 919 920 921 922 923
0 -393 -540
0 62 -985
0 -869 -281
0 -674 552
0 331 418
0 515 -815
0 227 -503
0 625 -121
0 -413 798
0 339 370
10 925 926 927 928 929 930 931 932 933 934
0 -518 -508
0 -947 694
0 731 -541
0 -607 305
0 38 147
0 -185 123
0 303 727
0 -752 -127
0 467 -298
0 -90 -831
10 936 937 938 939 940 941 942 943 944 945
0 -315 302
0 710 -740
0 331 -831
0 -993 848
0 593 -923
0 -761 -16
0 -734 792
0 -1 -899
0 964 -648
0 -645 -788
10 947 948 949 950 951 952 953 954 955 956
0 -915 154
0 52 198
0 590 -537
0 507 615
0 -700 872
0 976 -784
0 -11 256
0 -908 860
0 -663 241
0 294 309
10 958 959 960 961 962 963 964 965 966 967
0 -950 -469
0 240 -796
0 740 -951
0 926 80
0 -869 63
0 284 -663
0 514 -622
0 133 -982
0 -887 955
0 439 247
10 969 970 971 972 973 974 975 976 977 978
0 -292 -745
0 -106 -357
0 -2 983
0 897 836
0 49 -350
0 -695 -94
0 -712 -660
0 760 -519
0 -463 354
0 381 -878
10 980 981 982 983 984 985 986 987 988 989
0 -197 159
0 -769 555
0 -13 -262
0 751 -22
0 544 -383
0 148 469
0 -867 869
0 -99 -184
0 -762 -176
0 -207 -14
10 991 992 993 994 995 996 997 998 999 1000
0 -263 137
0 288 -112
0 -708 353
0 -865 -476
0 -571 474
0 381 399
0 -512 -385
0 774 -19
0 973 214
0 52 -433
10 1002 1013 1024 1035 1046 1057 1068 1079 1090 1101
10 1003 1004 1005 1006 1007 1008 1009 1010 1011 1012
0 657 525
0 150 104
0 17 -750
0 837 -544
0 146 -500
0 -951 540
0 651 -757
0 -135 -91
0 656 -486
0 207 235
10 1014 1015 1016 1017 1018 1019 1020 1021 1022 1023
0 -99 -53
0 -701 902
0 853 9
0 -225 -588
0 738 -682
0 -551 -143
0 336 384
0 -848 504
0 -13 -301
0 748 -293
10 1025 1026 1027 1028 1029 1030 1031 1032 1033 1034
0 -220 587
0 792 126
0 -788 467
0 -539 -84
0 71 769
0 -749 870
0 -650 187
0 871 -558
0 -159 -438
0 -50 -194
10 1036 1037 1038 1039 1040 1041 1042 1043 1044 1045
0 555 -36
0 -427 205
0 -685 -317
0 917 898
0 -75 474
0 870 376
0 -192 909
0 -405 45
0 735 764
0 -664 -874
10 1047 1048 1049 1050 1051 1052 1053 1054 1055 1056
0 -912 -712
0 179 -268
0 916 -279
0 708 191
0 908 -840
0 138 422
0 -892 -360
0 806 548
0 -877 -906
0 -293 988
10 1058 1059 1060 1061 1062 1063 1064 1065 1066 1067
0 -786 -876
0 61 -515
0 -989 942
0 734 -117
0 -71 698
0 -262 -940
0 -593 503
0 723 -113
0 244 -874
0 -160 670
10 1069 1070 1071 1072 1073 1074 1075 1076 1077 1078
0 17 202
0 -181 107
0 -320 -837
0 -121 250
0 270 -8
0 -261 60
0 581 392
0 811 968
0 586 -788
0 666 102
10 1080 1081 1082 1083 1084 1085 1086 1087 1088 1089
0 -867 -618
0 75 -424
0 -874 462
0 -915 -33
0 -56 -135
0 855 21
0 -723 182
0 -774 -462
0 -883 297
0 -54 -634
10 1091 1092 1093 1094 1095 1096 1097 1098 1099 1100
0 298 -724
0 331 643
0 -153 -855
0 423 376
0 396 323
0 -797 -560
0 400 -872
0 -903 -82
0 819 -987
0 404 -94
10 1102 1103 1104 1105 1106 1107 1108 1109 1110 1111
0 342 -609
0 -666 -920
0 317 652
0 -893 -805
0 -290 615
0 794 607
0 -636 881
0 322 621
0 -535 925
0 64 -521
