100
7 409
21 321
39 254
62 198
74 177
79 169
96 146
105 135
118 120
154 90
181 72
188 68
199 62
210 57
219 53
239 45
311 24
320 22
356 15
376 12
408 8
483 2
499 1
500 1
516 2
570 6
581 7
630 13
746 40
749 41
768 48
780 53
823 75
834 82
845 90
854 97
903 146
913 159
925 177
964 267
972 295
981 335
991 400
995 442
996 455
995 559
993 582
984 650
964 734
955 761
943 790
932 812
899 860
894 866
888 873
881 881
841 914
811 933
789 944
780 948
723 968
705 973
665 982
649 985
643 986
623 989
570 995
545 997
516 999
500 1000
0 1000
0 999
468 998
441 996
408 993
350 985
334 982
283 970
239 956
226 951
197 938
181 929
176 926
154 911
127 889
105 866
89 846
62 803
61 801
47 769
32 724
30 717
27 706
26 702
12 631
9 609
8 601
5 571
3 546
0 500
1 999
23 500
