97
180 20
190 20
170 30
160 30
160 40
170 40
180 30
190 30
190 40
180 40
170 50
160 50
160 60
170 60
180 50
190 50
180 60
190 60
190 70
150 60
100 50
110 50
110 30
100 30
100 40
90 40
90 30
80 40
80 30
70 20
70 30
50 30
60 40
70 40
50 60
80 60
70 50
90 50
90 60
140 60
180 70
60 70
30 60
50 70
20 70
20 60
10 60
10 70
0 70
10 50
10 40
0 60
0 0
20 0
20 10
10 10
10 30
20 20
30 20
30 30
20 30
20 40
30 40
30 50
20 50
40 60
40 50
50 50
50 40
40 40
40 20
30 10
50 20
60 20
50 10
40 10
30 0
190 0
170 10
180 10
160 20
160 10
60 10
80 20
140 20
120 30
120 50
130 50
130 30
140 40
140 50
150 50
150 40
140 30
150 20
150 30
190 10
19 1
180 17
