100
0 0
1000 0
1000 1000
0 1000
0 3
998 2
998 998
2 998
2 5
996 4
996 996
4 996
4 7
994 6
994 994
6 994
6 9
992 8
992 992
8 992
8 11
990 10
990 990
10 990
10 13
988 12
988 988
12 988
12 15
986 14
986 986
14 986
14 17
984 16
984 984
16 984
16 19
982 18
982 982
18 982
18 21
980 20
980 980
20 980
20 23
978 22
978 978
22 978
22 25
976 24
976 976
23 26
23 977
977 977
977 23
21 24
21 979
979 979
979 21
19 22
19 981
981 981
981 19
17 20
17 983
983 983
983 17
15 18
15 985
985 985
985 15
13 16
13 987
987 987
987 13
11 14
11 989
989 989
989 11
9 12
9 991
991 991
991 9
7 10
7 993
993 993
993 7
5 8
5 995
995 995
995 5
3 6
3 997
997 997
997 3
1 4
1 999
999 999
999 1
0 2
1 1
501 499
