100
380 626
511 639
548 551
651 476
706 462
636 604
652 617
776 577
794 566
821 433
765 410
778 276
735 345
700 329
448 550
283 482
537 332
706 213
741 204
833 152
657 182
626 173
568 225
602 213
673 203
537 286
459 317
609 261
493 344
334 430
468 338
331 400
350 326
512 197
553 155
424 120
446 179
462 198
172 445
215 302
127 405
118 412
119 499
142 556
147 590
137 648
120 675
210 678
407 682
222 727
180 716
98 857
93 854
41 829
13 839
73 763
44 750
34 477
5 607
3 768
0 369
119 242
97 322
163 340
140 164
353 8
274 252
318 282
379 15
477 48
633 139
555 16
763 80
740 92
843 73
817 566
609 658
581 677
502 741
573 764
593 772
866 766
724 802
759 832
756 860
758 867
118 858
188 807
460 707
456 735
327 798
421 824
458 789
527 713
560 670
412 667
250 670
316 567
534 558
468 619
684 493
609 839
