100
845 528
842 889
837 997
809 663
786 746
793 554
782 470
769 798
709 992
520 993
95 983
191 897
250 666
136 715
139 745
32 979
32 918
5 916
0 740
31 283
10 238
36 177
102 740
141 635
145 353
132 435
106 607
130 383
41 66
139 12
403 11
330 45
225 48
153 216
251 342
233 374
289 424
266 99
334 62
341 114
438 147
421 235
401 235
449 245
408 440
358 473
315 589
293 686
353 774
341 692
431 634
396 806
408 845
412 923
350 946
313 984
489 990
456 953
427 489
488 368
491 753
497 562
497 275
502 573
535 551
553 868
592 970
560 709
644 710
669 759
684 920
708 892
732 680
719 631
736 283
692 245
625 236
612 639
576 697
531 309
509 153
492 211
478 256
504 49
535 11
960 6
675 38
694 231
692 167
887 174
994 454
995 472
998 877
963 849
966 835
921 837
926 562
970 551
913 467
833 515
344 183
576 45
