100
695 43
538 87
463 208
597 329
750 306
812 481
960 555
912 344
983 450
987 573
994 852
941 985
801 855
792 800
849 806
792 696
924 701
939 672
710 546
722 668
723 807
715 767
624 524
634 554
547 503
357 352
627 458
651 495
937 558
932 545
864 509
753 489
509 397
341 335
300 495
199 528
380 688
489 667
294 547
363 473
503 554
597 695
569 554
710 800
607 783
679 842
682 915
817 982
616 1000
480 931
508 896
503 852
247 912
176 993
134 963
148 941
118 833
300 741
202 581
309 683
445 821
201 558
184 531
188 505
166 269
123 207
114 392
69 399
116 416
123 534
72 536
102 640
94 843
58 868
45 796
1 791
15 582
65 225
166 49
218 28
341 2
263 145
280 224
227 125
196 132
175 117
233 291
321 179
344 0
530 3
752 2
798 10
870 42
932 103
919 184
884 498
890 231
746 121
552 225
537 135
42 782
683 600
