94
5 5
995 5
995 995
5 995
990 990
5 990
970 970
5 970
950 950
5 950
930 930
5 930
910 910
5 910
890 890
5 890
870 870
5 870
850 850
5 850
830 830
5 830
810 810
5 810
790 790
5 790
770 770
5 770
750 750
5 750
730 730
5 730
710 710
5 710
690 690
5 690
670 670
5 670
650 650
5 650
630 630
5 630
610 610
5 610
590 590
5 590
570 570
5 570
550 550
5 550
530 530
5 530
510 510
5 510
490 490
5 490
470 470
5 470
450 450
5 450
430 430
5 430
410 410
5 410
390 390
5 390
370 370
5 370
350 350
5 350
330 330
5 330
310 310
5 310
290 290
5 290
270 270
5 270
250 250
5 250
230 230
5 230
210 210
5 210
190 190
5 190
170 170
5 170
150 150
5 150
130 130
5 130
110 110
5 110
6 6
310 949
