74
89 395
52 622
124 832
115 698
95 598
199 491
190 356
191 398
132 315
94 371
34 221
91 0
153 139
220 465
260 283
312 30
409 15
338 50
343 52
437 69
359 89
332 213
377 505
375 396
405 199
657 90
658 50
360 50
618 23
642 7
824 191
688 417
795 227
709 286
662 321
646 175
485 210
381 357
420 329
441 301
451 281
479 307
455 483
392 551
376 535
301 320
290 314
225 772
185 780
266 825
279 800
315 762
580 533
606 579
521 207
606 304
671 444
716 643
840 196
852 294
862 490
801 853
828 277
696 860
577 661
580 841
501 740
498 851
97 836
71 678
63 660
30 621
11 823
3 701
856 401
700 103
