89
10 15
10 10
5 10
5 15
0 15
0 0
5 0
5 5
15 5
10 0
100 0
20 5
25 5
15 10
85 10
30 5
90 5
105 0
285 0
295 5
350 5
290 0
445 0
355 5
380 5
450 0
735 0
715 5
665 5
710 10
730 10
720 5
735 5
740 0
745 0
740 5
745 5
745 15
740 10
735 10
740 15
685 15
705 10
630 10
660 5
590 5
610 10
625 10
680 15
615 15
605 10
570 10
585 5
425 5
540 10
565 10
610 15
480 15
535 10
425 10
475 15
370 15
420 10
410 10
420 5
385 5
370 10
405 10
365 15
150 15
255 10
365 10
290 5
275 5
250 10
220 10
270 5
235 5
200 10
215 10
145 15
105 15
145 10
195 10
230 5
95 5
140 10
90 10
100 15
1 1
637 2
