100
1000 20
1 40
1000 60
1 80
1000 100
1 120
1000 140
1 160
1000 180
1 200
1000 220
1 240
1000 260
1 280
1000 300
1 320
1000 340
1 360
1000 380
1 400
1000 420
1 440
1000 460
1 480
1000 500
1 520
1000 540
1 560
1000 580
1 600
1000 620
1 640
1000 660
1 680
1000 700
1 720
1000 740
1 760
1000 780
1 800
1000 820
1 840
1000 860
1 880
1000 900
1 920
1000 940
1 960
1000 999
1000 1000
0 960
999 940
0 920
999 900
0 880
999 860
0 840
999 820
0 800
999 780
0 760
999 740
0 720
999 700
0 680
999 660
0 640
999 620
0 600
999 580
0 560
999 540
0 520
999 500
0 480
999 460
0 440
999 420
0 400
999 380
0 360
999 340
0 320
999 300
0 280
999 260
0 240
999 220
0 200
999 180
0 160
999 140
0 120
999 100
0 80
999 60
0 40
999 20
0 1
0 0
1 1
999 999
