100
425 641
614 667
719 714
598 761
548 727
505 713
415 832
505 856
724 762
764 767
803 755
773 727
826 633
832 509
842 570
829 456
742 430
706 513
604 527
942 208
912 569
959 330
975 605
977 878
882 609
844 694
869 789
930 896
992 894
763 937
699 930
701 854
732 810
709 820
657 881
507 896
342 805
130 700
184 894
615 914
612 922
446 994
74 870
22 961
0 706
0 13
11 169
14 499
58 230
34 188
118 63
173 54
226 47
103 272
60 447
170 369
127 440
49 734
77 819
100 696
203 545
268 466
246 358
230 262
221 253
299 284
206 245
185 211
257 24
347 10
482 30
558 51
622 73
747 78
628 89
546 82
516 93
524 137
457 274
484 261
506 175
880 149
689 402
686 417
487 342
422 294
518 78
335 186
390 124
298 136
348 244
459 351
589 548
513 495
441 359
274 494
194 678
176 705
308 571
397 506
896 532
777 174
