1 100
100
822286 0
856789 53904
986567 124632
629039 119995
732157 187986
691605 224716
728650 288493
591087 278144
801573 440668
425257 269876
614456 446428
424157 350893
645680 606334
406524 432904
545628 659551
359831 495265
367048 578376
251435 457360
319990 680014
336526 849968
214009 658652
232187 904311
98360 515621
108973 862614
55474 881749
0 900114
-56113 891896
-101045 799858
-143869 754190
-235222 916132
-163705 503835
-329257 831608
-337060 716290
-364165 662414
-521079 821089
-368883 507724
-450670 544767
-412490 439258
-592048 555970
-720088 595709
-706225 513102
-641586 407163
-676555 371939
-749146 352521
-715546 283304
-722497 234753
-749712 192493
-707221 134909
-651906 82354
-717116 45117
-720272 0
-780050 -49076
-964482 -121842
-799715 -152553
-511398 -131304
-562208 -182672
-544720 -215669
-839271 -394931
-696614 -382966
-658903 -418152
-657802 -477921
-739704 -611937
-704034 -661132
-520011 -553755
-327871 -396329
-433277 -596355
-390638 -615548
-468864 -852861
-364517 -774638
-243557 -615155
-292320 -899670
-168996 -658198
-167302 -877028
-122131 -966772
-53020 -842729
0 -798675
51216 -814059
82278 -651299
156834 -822157
145925 -568341
279097 -858972
187105 -472575
248889 -528916
431272 -784481
434827 -685178
383512 -527859
555972 -672055
562984 -599517
708015 -664870
682008 -564206
667882 -485244
612610 -388774
556573 -305978
485992 -228690
560514 -221923
750828 -243958
796532 -204514
869842 -165931
701184 -88580
692890 -43592
699289 653851 979110 907817 -10855 250920
-70601 639095 413847 -582558 962057 911623
-636833 291045 92482 262855 284884 585740
-836871 989316 704743 828451 -616237 886764
360246 88408 725601 100395 -236229 415535
600781 7538 830584 -574893 900554 839304
181116 -88104 466882 -57623 984251 459690
-931656 -877454 925930 -181989 130058 299691
401417 -521940 154848 192104 211218 654634
-825075 527433 123218 667237 412287 759893
-35560 -905694 145386 -462250 -791713 454363
-2998 -866255 805787 -790315 219048 646459
-88062 923265 439562 645755 722189 402195
-381856 -292285 594004 -898889 691282 471172
-582141 -305377 853507 -660824 -72332 894082
349548 -883108 954019 97384 684494 34997
830276 -12439 957134 -754990 -720384 1852
460584 965989 719254 -290424 113667 975934
696062 -271389 795383 -519855 -176906 764209
842794 570663 887322 -902487 11712 36817
635728 800228 913108 748009 -34877 994681
42260 -924963 562198 340174 -570679 917385
679934 -334541 131079 342742 865572 726025
616310 -608063 259724 -248735 913615 429522
133680 -33093 185937 98172 -956524 372479
-134491 -323217 89016 738592 -565766 781887
-625407 -935400 96256 64778 532404 414286
-889678 -794391 845968 -917894 157900 893608
967907 -959715 550375 -436910 364226 555950
926446 795155 699836 261329 29417 451386
-884644 432676 807020 -295653 152038 12266
60925 -748597 429765 -840641 11817 914020
-795201 974471 305931 -23120 536145 831749
-474673 -820892 754091 -456940 -814426 692639
462513 243427 16352 -506242 329466 947863
765078 -833451 709783 -527642 -484412 302660
470375 -537546 905709 -643778 -630998 886966
-144982 810811 395716 -329863 -765070 419281
-163720 -218711 792883 361264 437234 249308
-512484 230928 224131 -55246 -892711 692053
561385 -266999 212022 733332 -788898 965767
-223945 -589072 656891 37218 358961 647312
-68174 567334 264075 -892178 -748005 685449
582110 445798 757152 567009 -939129 807963
-633445 -517194 60453 -387078 678327 928277
688808 -397333 672381 879097 87162 727253
-490836 76095 990036 -787321 -642241 469628
85188 -32799 812503 -227385 725908 343270
814808 525446 666284 337353 466415 416198
300767 -39212 956457 923890 -402252 186966
96998 -581315 991727 -350648 -720946 659502
-639549 835331 346456 -695954 -189576 881786
281255 559471 320686 -505476 766058 983496
-787883 -300536 219258 990659 518823 494101
277028 433956 848441 -401965 566973 747280
108949 467881 770125 597534 38813 168885
232130 707270 241737 -467291 -103902 494530
100291 28303 895934 -293889 -345747 604603
2533 792577 4660 -723815 7506 738318
526159 689570 389145 -422413 -325088 992617
-10446 209394 782644 88567 -15481 765026
943091 -356444 752695 29502 -321182 177449
-970484 -519225 551644 612274 194877 744589
86718 581200 337305 939415 6220 284492
219985 726665 513095 -767252 390569 435406
245857 206275 10348 -385565 -534920 824327
468185 980177 544888 972648 -166798 250993
448544 -713558 829680 449398 -855372 529390
632148 420348 895107 120741 -841125 202631
-839323 -266551 738662 -675280 -964569 745993
589924 -152571 405789 -87895 564241 109975
-351814 361374 66010 -596137 470462 966058
434274 678961 750011 -593448 -512301 121900
-999116 -520239 495814 134511 -88507 654756
155305 284165 113329 -890243 -832967 983039
-670045 204588 490678 -232924 340021 991870
-148548 -457300 993451 280378 -517324 120858
-896548 763882 17028 319893 249166 7810
783623 518148 982773 769968 -363120 162019
-284451 31981 696810 5478 341770 8872
-414145 610258 52058 -822951 -813911 644246
881082 883697 110132 -861595 415635 721521
-459449 670191 624591 -64737 137774 826359
405019 513926 95419 406190 735404 652808
907610 -599281 84681 -640672 458632 192576
-282246 -558964 196688 867390 863591 881228
31671 230577 370341 986405 321687 898454
-782815 321084 2552 480442 -314970 731921
506713 562097 172509 715812 668546 523807
604810 -887966 868386 -174053 858685 377959
-828452 589678 472382 -956083 451326 446660
509059 228457 24435 -396610 -120577 386582
572230 940171 118640 -594869 694102 184299
-443695 -709847 589281 -355830 -51590 251251
616870 515093 369884 342198 -441825 229058
-241017 -539 75498 -938800 -185842 443169
218084 630886 342411 962426 -298885 148919
243425 630387 62742 -888711 -933893 940382
605394 -348341 54726 316465 -484341 726796
689937 -838824 447046 849074 -423942 822746
