1
4
6
7
8
10
12
19
21
22
25
26
28
31
35
40
41
46
47
48
50
54
57
59
60
61
63
66
70
74
79
81
85
86
87
88
94
95
105
106
107
109
111
115
117
118
123
125
129
134
135
136
138
139
140
144
145
149
152
153
156
162
164
167
169
173
175
177
181
183
189
193
196
198
200
201
202
206
207
210
212
213
217
224
226
227
231
232
234
236
238
240
241
242
244
246
252
256
262
267
271
272
280
281
282
285
288
290
292
295
299
301
303
310
316
319
321
322
323
325
327
329
332
335
336
338
344
348
349
351
355
356
360
361
367
368
369
376
379
380
381
382
385
387
388
389
391
392
395
396
397
399
401
403
410
412
413
420
422
428
435
436
437
438
442
445
450
452
453
457
463
466
467
471
472
473
475
476
480
481
485
488
490
491
496
500
502
504
505
507
509
513
518
519
523
524
525
526
527
529
531
533
536
539
540
542
549
552
555
558
559
563
565
566
569
570
573
574
575
581
582
583
586
587
588
589
591
601
602
604
605
610
611
615
618
622
626
629
630
631
634
635
638
639
641
642
644
646
658
659
660
664
666
667
668
669
671
673
675
676
677
678
679
684
690
691
699
700
701
703
704
706
709
711
712
716
717
718
719
720
724
731
732
733
735
739
743
744
745
746
749
757
758
761
763
764
766
767
768
770
771
775
776
777
781
783
786
787
789
790
791
792
796
797
800
802
806
810
813
817
823
825
826
827
829
833
836
838
840
845
846
847
849
854
857
866
869
872
873
875
877
878
882
883
887
888
890
894
896
902
905
907
908
910
915
916
919
922
928
929
934
935
937
945
946
949
954
956
957
959
961
967
971
972
974
976
978
983
986
990
991
995
996
997
1000
1001
1007
1008
1009
1012
1013
1018
1020
1021
1022
1034
1035
1037
1038
1039
1043
1044
1046
1047
1051
1052
1061
1063
1064
1069
1071
1072
1075
1076
1080
1081
1082
1084
1087
1089
1090
1097
1107
1111
1116
1118
1127
1128
1129
1132
1133
1136
1137
1142
1145
1146
1147
1153
1157
1158
1160
1162
1166
1169
1170
1174
1175
1178
1179
1180
1182
1184
1185
1186
1188
1190
1192
1199
1202
1203
1204
1206
1208
1209
1212
1213
1216
1217
1221
1226
1227
1228
1235
1239
1245
1247
1248
1250
1251
1252
1253
1262
1264
1265
1266
1272
1273
1275
1279
1281
1283
1285
1286
1287
1291
1292
1294
1295
1297
1300
1301
1302
1305
1306
1310
1312
1314
1317
1318
1319
1320
1324
1329
1333
1334
1335
1339
1344
1347
1349
1359
1361
1365
1371
1375
1377
1378
1382
1383
1384
1386
1389
1399
1401
1407
1408
1409
1412
1413
1414
1415
1416
1418
1419
1423
1425
1426
1427
1429
1433
1436
1439
1441
1442
1447
1449
1450
1451
1452
1455
1462
1464
1470
1472
1473
1475
1476
1479
1482
1483
1484
1487
1491
1494
1496
1497
1499
1500
1502
1506
1515
1516
1518
1520
1521
1522
1527
1528
1529
1531
1532
1534
1536
1537
1538
1541
1544
1545
1550
1551
1552
1553
1554
1557
1558
1565
1570
1571
1575
1578
1580
1583
1584
1588
1589
1591
1594
1597
1602
1605
1609
1611
1613
1617
1620
1623
1624
1626
1628
1629
1632
1638
1641
1645
1646
1648
1649
1651
1653
1654
1659
1662
1663
1666
1667
1670
1672
1678
1679
1680
1684
1695
1698
1699
1700
1701
1703
1705
1706
1707
1708
1709
1716
1718
1721
1727
1733
1737
1739
1741
1745
1750
1751
1753
1756
1757
1759
1760
1763
1766
1767
1769
1771
1772
1774
1775
1777
1781
1782
1788
1792
1793
1794
1796
1802
1810
1812
1813
1814
1817
1823
1830
1831
1834
1835
1836
1838
1843
1844
1850
1855
1859
1861
1868
1875
1877
1880
1887
1892
1893
1895
1900
1903
1904
1909
1912
1913
1914
1915
1916
1917
1918
1920
1921
1923
1931
1932
1933
1936
1938
1941
1943
1944
1945
1946
1948
1949
1950
1951
1953
1955
1959
1960
1963
1964
1966
1969
1973
1976
1978
1979
1980
1985
1986
1989
1993
1998
1999
2001
2002
2007
2008
2009
2010
2012
2013
2015
2016
2019
2020
2024
2027
2030
2038
2039
2040
2043
2047
2049
2050
2051
2052
2056
2057
2060
2061
2062
2064
2067
2069
2071
2087
2088
2089
2092
2094
2096
2100
2101
2102
2110
2112
2113
2115
2119
2124
2131
2135
2136
2139
2141
2144
2147
2149
2152
2155
2161
2162
2163
2164
2166
2168
2170
2173
2176
2178
2179
2181
2182
2187
2188
2192
2193
2195
2199
2201
2202
2204
2205
2208
2211
2214
2218
2222
2223
2224
2225
2226
2228
2230
2231
2234
2237
2239
2240
2241
2244
2247
2250
2254
2257
2259
2262
2268
2269
2270
2271
2273
2276
2278
2283
2284
2293
2297
2298
2305
2307
2317
2328
2330
2336
2339
2341
2342
2343
2345
2350
2354
2363
2367
2368
2374
2380
2381
2383
2384
2387
2390
2392
2393
2394
2396
2400
2401
2403
2405
2407
2417
2419
2426
2428
2431
2432
2434
2437
2438
2441
2447
2451
2452
2453
2456
2457
2460
2461
2462
2465
2466
2472
2475
2482
2488
2489
2493
2495
2497
2499
2501
2504
2506
2507
2509
2512
2514
2515
2516
2528
2529
2531
2532
2535
2538
2542
2547
2552
2557
2559
2561
2563
2565
2574
2575
2578
2582
2585
2587
2589
2591
2595
2596
2597
2600
2602
2603
2605
2610
2611
2615
2617
2619
2620
2621
2623
2624
2626
2627
2629
2630
2636
2637
2640
2648
2649
2651
2655
2664
2668
2670
2673
2677
2678
2680
2685
2686
2687
2691
2693
2694
2695
2696
2697
2699
2702
2709
2711
2717
2718
2719
2720
2722
2725
2730
2732
2740
2744
2746
2747
2748
2751
2755
2757
2762
2764
2765
2769
2771
2773
2774
2776
2779
2780
2781
2784
2786
2790
2795
2796
2797
2798
2805
2806
2809
2815
2821
2822
2833
2836
2837
2845
2849
2850
2852
2856
2858
2860
2861
2864
2868
2873
2874
2878
2882
2883
2887
2889
2890
2891
2893
2896
2900
2902
2904
2913
2914
2917
2920
2921
2924
2926
2930
2933
2936
2938
2943
2945
2946
2948
2950
2951
2952
2954
2955
2957
2959
2961
2962
2964
2967
2968
2970
2977
2979
2984
2986
2993
2997
2998
3000
3003
3007
3018
3019
3021
3027
3028
3029
3032
3036
3037
3045
3054
3055
3058
3059
3067
3068
3071
3074
3080
3083
3088
3089
3090
3096
3099
3101
3103
3107
3117
3118
3125
3126
3128
3130
3131
3133
3135
3136
3138
3141
3144
3146
3147
3156
3157
3160
3161
3162
3163
3164
3165
3166
3168
3170
3172
3184
3189
3190
3194
3198
3200
3202
3205
3208
3210
3211
3212
3219
3221
3223
3224
3228
3229
3232
3233
3239
3244
3245
3247
3248
3255
3257
3260
3261
3262
3272
3280
3286
3287
3289
3290
3294
3299
3301
3304
3305
3307
3308
3309
3310
3311
3312
3320
3322
3324
3325
3328
3330
3331
3333
3334
3336
3339
3340
3343
3350
3351
3354
3356
3360
3362
3363
3365
3368
3369
3370
3371
3374
3376
3377
3379
3384
3389
3390
3391
3392
3396
3398
3401
3402
3403
3407
3408
3409
3410
3414
3415
3417
3419
3420
3423
3424
3433
3435
3436
3438
3439
3443
3445
3446
3447
3450
3451
3452
3453
3455
3457
3465
3469
3470
3473
3478
3484
3485
3488
3489
3490
3492
3493
3496
3500
3502
3503
3505
3507
3508
3509
3515
3516
3517
3520
3524
3527
3530
3531
3532
3536
3538
3542
3548
3550
3556
3557
3559
3561
3564
3565
3567
3568
3570
3571
3577
3579
3580
3587
3588
3590
3593
3595
3597
3598
3603
3605
3606
3607
3608
3609
3610
3619
3620
3622
3625
3627
3628
3631
3632
3634
3637
3639
3641
3642
3645
3646
3647
3648
3650
3651
3652
3657
3658
3662
3663
3664
3666
3670
3671
3672
3675
3677
3681
3682
3687
3688
3692
3695
3696
3697
3701
3704
3705
3706
3707
3710
13
23
29
33
37
38
64
68
84
155
179
220
230
247
261
278
342
353
564
722
747
748
756
799
805
831
848
852
860
865
999
1025
1065
1101
1102
1152
1163
1215
1225
1243
1261
1289
1323
1327
1331
1341
1342
1360
1428
1461
1485
1510
1526
1563
1569
1572
1574
1607
1644
1656
1668
1686
1713
1719
1738
1743
1783
1787
1797
1888
1898
1956
1965
1982
1984
1996
2125
2128
2130
2267
2308
2325
2332
2333
2398
2402
2427
2444
2445
2464
2471
2518
2533
2551
2569
2570
2577
2601
2609
2654
2707
2738
2810
2857
2867
2898
2922
2944
3008
3010
3026
3035
3039
3048
3052
3079
3086
3095
3104
3187
3191
3193
3207
3237
3271
3335
3355
3375
3395
3480
3491
3506
3560
3584
3654
3673
557
1697
1791
2171
2404
2543
2854
3486
920
2808
2
3
5
24
36
44
51
53
55
69
73
75
78
80
82
89
91
92
93
99
101
104
110
113
114
116
119
120
131
133
151
158
159
170
174
182
186
197
204
211
223
228
233
237
239
250
264
270
273
274
277
284
286
289
296
300
305
306
312
313
318
330
339
343
352
354
362
373
375
386
390
394
402
404
421
425
432
444
446
448
455
458
462
470
482
486
494
495
508
515
534
550
551
560
561
571
577
579
584
585
590
592
593
594
599
606
607
609
612
613
616
617
628
640
643
645
654
657
662
672
686
687
688
689
692
693
721
728
730
738
741
742
750
754
755
772
773
774
788
794
801
807
809
812
818
820
824
850
858
864
867
880
889
897
906
909
917
918
921
930
931
933
942
953
962
964
975
980
981
982
992
1002
1006
1023
1026
1028
1036
1040
1045
1050
1053
1058
1060
1062
1085
1086
1091
1110
1113
1121
1125
1130
1135
1148
1154
1164
1165
1171
1173
1191
1193
1195
1198
1211
1220
1231
1238
1244
1255
1267
1277
1282
1299
1315
1316
1325
1350
1353
1356
1363
1364
1367
1376
1385
1394
1402
1410
1430
1453
1454
1468
1469
1471
1474
1488
1490
1498
1507
1525
1581
1598
1600
1601
1604
1619
1625
1627
1661
1669
1673
1674
1676
1683
1687
1688
1689
1694
1702
1712
1724
1736
1740
1747
1748
1765
1776
1789
1795
1798
1815
1816
1819
1820
1829
1842
1847
1851
1852
1853
1856
1867
1869
1883
1884
1886
1889
1890
1896
1897
1906
1925
1926
1927
1929
1930
1942
1947
1958
1961
1970
1987
1988
1991
1997
2011
2017
2032
2033
2035
2037
2042
2044
2053
2058
2068
2079
2081
2083
2086
2097
2117
2133
2134
2140
2142
2146
2154
2158
2165
2183
2189
2197
2200
2206
2207
2215
2233
2236
2238
2242
2243
2249
2251
2253
2256
2261
2263
2264
2266
2274
2282
2288
2291
2292
2296
2302
2306
2316
2320
2322
2326
2334
2335
2338
2340
2353
2355
2366
2378
2389
2410
2411
2418
2420
2421
2424
2429
2435
2436
2442
2443
2458
2470
2481
2484
2485
2494
2500
2510
2517
2521
2524
2526
2527
2530
2555
2556
2564
2573
2583
2588
2590
2598
2606
2607
2612
2616
2618
2622
2632
2635
2639
2647
2652
2657
2660
2665
2666
2688
2712
2723
2724
2726
2741
2745
2752
2758
2760
2788
2789
2791
2799
2800
2801
2807
2812
2814
2818
2820
2824
2828
2831
2838
2839
2843
2847
2851
2859
2863
2871
2875
2876
2877
2895
2901
2905
2911
2923
2925
2937
2939
2942
2956
2958
2980
2982
2992
2995
2996
3005
3006
3012
3013
3014
3015
3023
3024
3041
3046
3047
3050
3051
3056
3062
3064
3069
3078
3085
3097
3098
3110
3111
3113
3134
3143
3151
3152
3159
3169
3171
3182
3183
3185
3192
3234
3241
3250
3252
3263
3264
3267
3277
3281
3282
3283
3292
3296
3319
3332
3347
3348
3352
3353
3359
3366
3373
3385
3386
3387
3399
3413
3425
3428
3429
3431
3442
3444
3448
3449
3458
3459
3462
3471
3474
3476
3495
3499
3501
3513
3519
3522
3523
3529
3533
3535
3537
3539
3541
3551
3552
3563
3569
3573
3575
3578
3581
3582
3594
3599
3600
3604
3629
3649
3656
3659
3665
3667
3674
3683
3685
3689
3699
3702
3708
3709
1922
2029
2159
2644
2674
3033
3199
3668
58
77
124
157
176
194
215
235
265
268
279
328
334
359
370
383
415
621
647
696
707
729
740
830
835
863
912
936
973
985
1077
1083
1092
1094
1183
1229
1232
1241
1274
1290
1328
1358
1379
1397
1403
1431
1460
1467
1486
1501
1514
1524
1540
1621
1642
1675
1728
1773
1825
1862
1871
1981
1983
1992
2004
2031
2036
2054
2055
2106
2114
2129
2177
2216
2227
2286
2321
2369
2386
2391
2423
2463
2520
2546
2549
2586
2669
2672
2684
2692
2735
2777
2804
2885
2894
2971
2999
3009
3040
3042
3109
3167
3174
3297
3316
3317
3329
3344
3404
3427
3479
3482
3498
3525
3553
3576
3586
3589
9
11
14
15
16
17
18
20
27
30
32
34
39
42
43
45
49
52
56
62
65
67
71
72
76
83
90
96
97
98
100
102
103
108
112
121
122
126
127
128
130
132
137
141
142
143
146
147
148
150
154
160
161
163
165
166
168
171
172
178
180
184
185
187
188
190
191
192
195
199
203
205
208
209
214
216
218
219
221
222
225
229
243
245
248
249
251
253
254
255
257
258
259
260
263
266
269
275
276
283
287
291
293
294
297
298
302
304
307
308
309
311
314
315
317
320
324
326
331
333
337
340
341
345
346
347
350
357
358
363
364
365
366
371
372
374
377
378
384
393
398
400
405
406
407
408
409
411
414
416
417
418
419
423
424
426
427
429
430
431
433
434
439
440
441
443
447
449
451
454
456
459
460
461
464
465
468
469
474
477
478
479
483
484
487
489
492
493
497
498
499
501
503
506
510
511
512
514
516
517
520
521
522
528
530
532
535
537
538
541
543
544
545
546
547
548
553
554
556
562
567
568
572
576
578
580
595
596
597
598
600
603
608
614
619
620
623
624
625
627
632
633
636
637
648
649
650
651
652
653
655
656
661
663
665
670
674
680
681
682
683
685
694
695
697
698
702
705
708
710
713
714
715
723
725
726
727
734
736
737
751
752
753
759
760
762
765
769
778
779
780
782
784
785
793
795
798
803
804
808
811
814
815
816
819
821
822
828
832
834
837
839
841
842
843
844
851
853
855
856
859
861
862
868
870
871
874
876
879
881
884
885
886
891
892
893
895
898
899
900
901
903
904
911
913
914
923
924
925
926
927
932
938
939
940
941
943
944
947
948
950
951
952
955
958
960
963
965
966
968
969
970
977
979
984
987
988
989
993
994
998
1003
1004
1005
1010
1011
1014
1015
1016
1017
1019
1024
1027
1029
1030
1031
1032
1033
1041
1042
1048
1049
1054
1055
1056
1057
1059
1066
1067
1068
1070
1073
1074
1078
1079
1088
1093
1095
1096
1098
1099
1100
1103
1104
1105
1106
1108
1109
1112
1114
1115
1117
1119
1120
1122
1123
1124
1126
1131
1134
1138
1139
1140
1141
1143
1144
1149
1150
1151
1155
1156
1159
1161
1167
1168
1172
1176
1177
1181
1187
1189
1194
1196
1197
1200
1201
1205
1207
1210
1214
1218
1219
1222
1223
1224
1230
1233
1234
1236
1237
1240
1242
1246
1249
1254
1256
1257
1258
1259
1260
1263
1268
1269
1270
1271
1276
1278
1280
1284
1288
1293
1296
1298
1303
1304
1307
1308
1309
1311
1313
1321
1322
1326
1330
1332
1336
1337
1338
1340
1343
1345
1346
1348
1351
1352
1354
1355
1357
1362
1366
1368
1369
1370
1372
1373
1374
1380
1381
1387
1388
1390
1391
1392
1393
1395
1396
1398
1400
1404
1405
1406
1411
1417
1420
1421
1422
1424
1432
1434
1435
1437
1438
1440
1443
1444
1445
1446
1448
1456
1457
1458
1459
1463
1465
1466
1477
1478
1480
1481
1489
1492
1493
1495
1503
1504
1505
1508
1509
1511
1512
1513
1517
1519
1523
1530
1533
1535
1539
1542
1543
1546
1547
1548
1549
1555
1556
1559
1560
1561
1562
1564
1566
1567
1568
1573
1576
1577
1579
1582
1585
1586
1587
1590
1592
1593
1595
1596
1599
1603
1606
1608
1610
1612
1614
1615
1616
1618
1622
1630
1631
1633
1634
1635
1636
1637
1639
1640
1643
1647
1650
1652
1655
1657
1658
1660
1664
1665
1671
1677
1681
1682
1685
1690
1691
1692
1693
1696
1704
1710
1711
1714
1715
1717
1720
1722
1723
1725
1726
1729
1730
1731
1732
1734
1735
1742
1744
1746
1749
1752
1754
1755
1758
1761
1762
1764
1768
1770
1778
1779
1780
1784
1785
1786
1790
1799
1800
1801
1803
1804
1805
1806
1807
1808
1809
1811
1818
1821
1822
1824
1826
1827
1828
1832
1833
1837
1839
1840
1841
1845
1846
1848
1849
1854
1857
1858
1860
1863
1864
1865
1866
1870
1872
1873
1874
1876
1878
1879
1881
1882
1885
1891
1894
1899
1901
1902
1905
1907
1908
1910
1911
1919
1924
1928
1934
1935
1937
1939
1940
1952
1954
1957
1962
1967
1968
1971
1972
1974
1975
1977
1990
1994
1995
2000
2003
2005
2006
2014
2018
2021
2022
2023
2025
2026
2028
2034
2041
2045
2046
2048
2059
2063
2065
2066
2070
2072
2073
2074
2075
2076
2077
2078
2080
2082
2084
2085
2090
2091
2093
2095
2098
2099
2103
2104
2105
2107
2108
2109
2111
2116
2118
2120
2121
2122
2123
2126
2127
2132
2137
2138
2143
2145
2148
2150
2151
2153
2156
2157
2160
2167
2169
2172
2174
2175
2180
2184
2185
2186
2190
2191
2194
2196
2198
2203
2209
2210
2212
2213
2217
2219
2220
2221
2229
2232
2235
2245
2246
2248
2252
2255
2258
2260
2265
2272
2275
2277
2279
2280
2281
2285
2287
2289
2290
2294
2295
2299
2300
2301
2303
2304
2309
2310
2311
2312
2313
2314
2315
2318
2319
2323
2324
2327
2329
2331
2337
2344
2346
2347
2348
2349
2351
2352
2356
2357
2358
2359
2360
2361
2362
2364
2365
2370
2371
2372
2373
2375
2376
2377
2379
2382
2385
2388
2395
2397
2399
2406
2408
2409
2412
2413
2414
2415
2416
2422
2425
2430
2433
2439
2440
2446
2448
2449
2450
2454
2455
2459
2467
2468
2469
2473
2474
2476
2477
2478
2479
2480
2483
2486
2487
2490
2491
2492
2496
2498
2502
2503
2505
2508
2511
2513
2519
2522
2523
2525
2534
2536
2537
2539
2540
2541
2544
2545
2548
2550
2553
2554
2558
2560
2562
2566
2567
2568
2571
2572
2576
2579
2580
2581
2584
2592
2593
2594
2599
2604
2608
2613
2614
2625
2628
2631
2633
2634
2638
2641
2642
2643
2645
2646
2650
2653
2656
2658
2659
2661
2662
2663
2667
2671
2675
2676
2679
2681
2682
2683
2689
2690
2698
2700
2701
2703
2704
2705
2706
2708
2710
2713
2714
2715
2716
2721
2727
2728
2729
2731
2733
2734
2736
2737
2739
2742
2743
2749
2750
2753
2754
2756
2759
2761
2763
2766
2767
2768
2770
2772
2775
2778
2782
2783
2785
2787
2792
2793
2794
2802
2803
2811
2813
2816
2817
2819
2823
2825
2826
2827
2829
2830
2832
2834
2835
2840
2841
2842
2844
2846
2848
2853
2855
2862
2865
2866
2869
2870
2872
2879
2880
2881
2884
2886
2888
2892
2897
2899
2903
2906
2907
2908
2909
2910
2912
2915
2916
2918
2919
2927
2928
2929
2931
2932
2934
2935
2940
2941
2947
2949
2953
2960
2963
2965
2966
2969
2972
2973
2974
2975
2976
2978
2981
2983
2985
2987
2988
2989
2990
2991
2994
3001
3002
3004
3011
3016
3017
3020
3022
3025
3030
3031
3034
3038
3043
3044
3049
3053
3057
3060
3061
3063
3065
3066
3070
3072
3073
3075
3076
3077
3081
3082
3084
3087
3091
3092
3093
3094
3100
3102
3105
3106
3108
3112
3114
3115
3116
3119
3120
3121
3122
3123
3124
3127
3129
3132
3137
3139
3140
3142
3145
3148
3149
3150
3153
3154
3155
3158
3173
3175
3176
3177
3178
3179
3180
3181
3186
3188
3195
3196
3197
3201
3203
3204
3206
3209
3213
3214
3215
3216
3217
3218
3220
3222
3225
3226
3227
3230
3231
3235
3236
3238
3240
3242
3243
3246
3249
3251
3253
3254
3256
3258
3259
3265
3266
3268
3269
3270
3273
3274
3275
3276
3278
3279
3284
3285
3288
3291
3293
3295
3298
3300
3302
3303
3306
3313
3314
3315
3318
3321
3323
3326
3327
3337
3338
3341
3342
3345
3346
3349
3357
3358
3361
3364
3367
3372
3378
3380
3381
3382
3383
3388
3393
3394
3397
3400
3405
3406
3411
3412
3416
3418
3421
3422
3426
3430
3432
3434
3437
3440
3441
3454
3456
3460
3461
3463
3464
3466
3467
3468
3472
3475
3477
3481
3483
3487
3494
3497
3504
3510
3511
3512
3514
3518
3521
3526
3528
3534
3540
3543
3544
3545
3546
3547
3549
3554
3555
3558
3562
3566
3572
3574
3583
3585
3591
3592
3596
3601
3602
3611
3612
3613
3614
3615
3616
3617
3618
3621
3623
3624
3626
3630
3633
3635
3636
3638
3640
3643
3644
3653
3655
3660
3661
3669
3676
3678
3679
3680
3684
3686
3690
3691
3693
3694
3698
3700
3703
3711
