4
7
10
14
15
17
18
19
22
23
24
25
32
33
35
38
39
41
42
44
46
47
49
50
51
52
59
63
64
67
71
72
73
75
76
77
79
80
82
91
94
95
96
97
98
101
105
106
107
110
117
123
125
133
138
142
146
150
151
153
163
164
165
167
168
170
173
174
175
178
180
188
190
191
193
200
205
209
212
217
221
222
223
226
230
231
232
235
237
239
242
244
245
247
249
251
254
255
256
258
259
263
266
268
269
272
273
274
275
278
279
280
281
282
283
285
286
287
288
291
294
295
296
298
299
300
301
305
307
312
314
315
317
320
322
327
329
330
331
333
335
336
337
339
340
341
343
348
350
356
357
361
365
369
370
372
375
376
377
379
384
387
389
391
394
397
404
407
410
414
415
416
417
420
423
424
425
427
429
435
437
439
448
450
452
453
456
461
462
466
470
471
472
475
476
482
484
485
486
488
490
498
499
502
503
508
510
511
512
516
520
522
524
526
527
528
530
531
532
534
536
541
543
546
548
551
552
554
556
557
561
563
565
567
569
570
571
572
573
575
577
578
579
581
584
585
586
587
592
594
595
597
600
604
607
610
616
618
620
625
632
634
638
642
644
645
652
654
662
665
666
669
673
674
675
676
677
679
680
682
683
686
687
688
691
695
698
699
704
707
708
709
712
715
717
718
721
723
725
727
728
729
731
737
738
739
742
746
749
750
755
756
757
760
761
762
766
769
772
773
775
777
778
779
782
783
785
788
789
790
791
792
798
800
801
802
807
813
815
818
820
821
824
825
827
828
830
833
836
838
839
840
843
844
848
852
854
855
856
857
863
864
865
868
869
871
874
877
883
884
886
889
890
892
893
894
896
897
900
903
904
910
911
912
913
914
915
918
919
921
923
925
926
927
928
931
939
940
941
952
953
955
958
959
960
961
962
963
964
965
968
969
971
972
975
978
988
990
992
993
995
996
997
999
1001
1004
1006
1010
1012
1016
1017
1018
1020
1022
1024
1027
1028
1029
1031
1033
1034
1036
1043
1047
1048
1050
1052
1055
1056
1057
1058
1061
1063
1064
1068
1073
1074
1076
1077
1078
1079
1080
1082
1084
1086
1088
1090
1091
1092
1093
1096
1098
1099
1102
1104
1106
1109
1110
1113
1114
1116
1117
1122
1125
1127
1128
1129
1131
1134
1135
1136
1137
1138
1139
1144
1145
1147
1152
1153
1154
1156
1159
1163
1166
1168
1169
1171
1172
1174
1177
1179
1180
1182
1183
1187
1192
1196
1198
1200
1205
1208
1211
1212
1214
1215
1218
1223
1224
1225
1229
1230
1232
1234
1235
1244
1245
1247
1248
1254
1255
1260
1264
1265
1268
1269
1274
1276
1277
1278
1284
1285
1288
1289
1294
1299
1301
1307
1309
1310
1311
1312
1313
1316
1320
1321
1328
1329
1332
1340
1344
1349
1351
1352
1354
1356
1359
1362
1363
1365
1368
1369
1370
1377
1379
1381
1382
1383
1387
1389
1391
1392
1393
1394
1395
1400
1402
1404
1405
1406
1409
1410
1412
1414
1424
1426
1428
1429
1434
1437
1438
1439
1447
1449
1451
1453
1456
1458
1459
1461
1463
1466
1468
1470
1474
1475
1477
1482
1484
1486
1487
1490
1492
1496
1497
1503
1504
1506
1508
1509
1510
1512
1513
1515
1520
1523
1524
1527
1528
1529
1530
1535
1537
1541
1546
1554
1555
1557
1559
1560
1562
1563
1569
1570
1573
1575
1576
1577
1579
1580
1581
1584
1585
1588
1589
1590
1594
1595
1596
1597
1599
1608
1611
1616
1617
1618
1622
1627
1630
1638
1639
1645
1650
1653
1654
1655
1656
1657
1658
1659
1663
1665
1666
1667
1669
1671
1673
1678
1683
1684
1685
1686
1687
1688
1690
1692
1693
1694
1695
1698
1702
1706
1707
1708
1714
1718
1719
1720
1721
1728
1729
1730
1732
1734
1737
1739
1744
1745
1747
1748
1749
1750
1751
1752
1757
1762
1764
1769
1770
1773
1774
1775
1777
1781
1786
1788
1789
1791
1792
1793
1794
1795
1796
1798
1801
1806
1807
1809
1811
1813
1817
1819
1820
1821
1823
1826
1827
1829
1830
1833
1834
1835
1836
1838
1844
1846
1851
1852
1859
1862
1863
1864
1865
1866
1867
1869
1871
1875
1878
1879
1884
1896
1905
1906
1907
1908
1910
1914
1917
1918
1919
1923
1929
1931
1932
1933
1935
1936
1937
1940
1943
1948
1949
1950
1951
1952
1959
1960
1961
1962
1963
1964
1966
1968
1972
1973
1975
1976
1978
1980
1982
1984
1985
1986
1990
1991
1994
1997
1998
2001
2005
2006
2007
2008
2021
2024
2027
2029
2030
2032
2033
2035
2036
2037
2043
2045
2047
2048
2052
2053
2056
2058
2059
2061
2068
2073
2074
2075
2078
2080
2086
2087
2089
2090
2091
2092
2093
2094
2097
2102
2103
2104
2106
2113
2116
2120
2121
2122
2123
2125
2126
2127
2128
2129
2136
2137
2138
2139
2142
2143
2144
2145
2153
2154
2160
2166
2169
2172
2176
2180
2181
2183
2186
2187
2189
2191
2192
2197
2200
2201
2202
2203
2205
2208
2211
2217
2218
2222
2226
2232
2235
2236
2239
2240
2242
2250
2252
2254
2256
2257
2258
2260
2261
2265
2266
2268
2270
2277
2278
2279
2280
2289
2291
2292
2296
2297
2298
2300
2302
2306
2307
2310
2320
2321
2323
2328
2333
2334
2335
2337
2339
2340
2343
2344
2347
2348
2349
2350
2352
2353
2354
2355
2357
2358
2365
2366
2367
2368
2369
2379
2382
2387
2388
2390
2392
2397
2400
2402
2404
2405
2411
2413
2421
2422
2423
2424
2429
2431
2433
2436
2439
2441
2442
2444
2448
2450
2451
2454
2455
2459
2460
2464
2467
2469
2470
2472
2482
2483
2485
2486
2487
2490
2491
2494
2498
2501
2506
2507
2510
2512
2513
2515
2523
2524
2528
2529
2534
2536
2537
2541
2542
2543
2550
2552
2553
2555
2558
2561
2562
2563
2566
2567
2571
2575
2578
2579
2582
2583
2586
2587
2588
2589
2590
2591
2594
2597
2598
2599
2600
2603
2605
2606
2608
2611
2615
2616
2622
2623
2624
2625
2628
2629
2634
2637
2638
2640
2642
2643
2644
2647
2648
2652
2653
2654
2657
2658
2660
2663
2669
2670
2671
2676
2679
2682
2683
2684
2686
2691
2693
2694
2696
2698
2701
2703
2705
2706
2714
2715
2716
2718
2720
2726
2728
2731
2735
2737
2741
2743
2746
2748
2752
2758
2766
2767
2768
2769
2770
2772
2774
2776
2779
2781
2791
2794
2798
2800
2804
2805
2806
2810
2812
2815
2818
2819
2821
2824
2826
2828
2829
2831
2833
2838
2841
2844
2845
2847
2848
2849
2854
2856
2859
2864
2865
2867
2868
2869
2871
2872
2877
2878
2879
2880
2881
2882
2887
2888
2890
2891
2894
2896
2904
2906
2908
2911
2913
2914
2915
2918
2920
2921
2922
2923
2925
2930
2932
2933
2936
2937
2938
2947
2948
2952
2954
2955
2958
2962
2964
2965
2968
2971
2974
2975
2976
2980
2984
2986
2989
2990
2994
2995
2996
2999
3000
3004
3010
3011
3012
3015
3016
3021
3024
3028
3032
3033
3036
3037
3043
3044
3049
3050
3051
3052
3058
3060
3063
3065
3066
3068
3070
3077
3079
3084
3085
3087
3088
3094
3099
3100
3106
3107
3113
3114
3115
3120
3122
3125
3126
3127
3129
3130
3135
3136
3137
3141
3144
3145
3146
3150
3151
3152
3154
3155
3156
3158
3163
3164
3169
3172
3175
3176
3177
3178
3181
3183
3184
3186
3187
3192
3196
3200
3201
3202
3203
3205
3208
3211
3213
3215
3218
3222
3223
3231
3234
3239
3240
3242
3244
3248
3252
3254
3255
3258
3259
3261
3265
3266
3267
3269
3271
3272
3278
3279
3281
3282
3284
3288
3289
3290
3291
3292
3294
3295
3296
3298
3299
3300
3301
3303
3305
3306
3307
3313
3316
3318
3321
3323
3325
3326
3327
3328
3329
3331
3336
3340
3341
3349
3350
3351
3353
3361
3363
3367
3369
3371
3376
3378
3381
3382
3383
3389
3391
3393
3398
3400
3401
3405
3406
3407
3410
3414
3416
3417
3418
3419
3420
3425
3426
3429
3430
3431
3432
3433
3434
3436
3438
3442
3443
3445
3447
3451
3456
3457
3460
3461
3462
3465
3468
3471
3472
3473
3477
3478
3481
3483
3496
3498
3507
3511
3514
3516
3517
3519
3521
3522
3523
3525
3528
3531
3532
3536
3538
3539
3540
3543
3544
3545
3547
3552
3554
3555
3556
3557
3559
3560
3561
3565
3569
3570
3571
3572
3577
3580
3584
3585
3596
3597
3605
3608
3609
3615
3617
3621
3622
3623
3624
3627
3628
3629
3631
3632
3638
3640
3643
3644
3650
3651
3652
3653
3655
3656
3657
3659
3660
3663
3666
3668
3671
3672
3673
3675
3679
3680
3681
3683
3684
3688
3690
3691
3692
3695
3697
3703
3704
3708
3712
3713
3721
3727
3734
3735
3736
3737
3740
3747
3749
3750
3751
3755
3759
3760
3764
3765
3768
3775
3780
3782
3783
3787
3788
3795
3796
3802
3803
3805
3807
3808
3810
3812
3813
3815
3817
3818
3820
3821
3822
3824
3827
3835
3836
3839
3840
3842
3847
3849
3852
3853
3856
3862
3863
3866
3867
3869
3871
3872
3875
3876
3879
3880
3881
3884
3885
3886
3887
3888
3889
3891
3897
3898
3900
3904
3906
3909
3911
3913
3917
3918
3919
3920
3921
3923
3924
3925
3926
3927
3935
3939
3940
3941
3942
3944
3945
3947
3950
3954
3958
3959
3960
3962
3963
3966
3967
3968
3970
3971
3974
3976
3980
3985
3986
3987
3988
3990
3992
3993
3995
3997
4004
4006
4007
4016
4020
4022
4024
4026
4030
4032
4036
4037
4038
4040
4045
4047
4050
4052
4053
4056
4062
4063
4066
4067
4068
4071
4074
4075
4076
4081
4092
4094
4095
4096
4098
4099
4100
4108
4110
4111
4112
4113
4114
4116
4119
4127
27
28
155
181
185
207
214
276
381
445
478
495
497
519
564
580
696
866
888
924
1007
1065
1181
1262
1355
1417
1525
1565
1578
1635
1641
1676
1704
1717
1778
1799
1861
1887
2046
2114
2159
2164
2167
2195
2255
2386
2425
2458
2503
2661
2709
2717
2723
2780
2799
2807
2814
2924
2926
2967
2978
3112
3190
3198
3207
3257
3270
3293
3437
3439
3488
3505
3611
3619
3730
3953
3991
4012
4104
4115
535
1407
1609
2412
2
9
16
26
43
53
56
61
68
69
81
83
86
92
100
108
111
119
134
136
140
145
159
176
179
192
195
196
199
202
204
211
250
271
290
297
318
325
332
342
359
364
366
378
382
385
402
412
419
421
426
433
434
438
442
463
464
465
468
480
487
494
521
525
540
549
553
558
559
562
589
599
605
608
609
613
619
623
626
631
637
650
657
658
661
685
689
693
694
700
713
735
740
753
759
763
765
767
781
786
804
809
811
841
850
853
859
860
867
875
876
882
887
891
895
906
908
909
916
930
938
945
966
976
982
985
986
989
991
994
1002
1014
1030
1042
1044
1046
1066
1069
1072
1105
1107
1108
1111
1124
1141
1157
1165
1176
1186
1193
1226
1236
1241
1246
1251
1273
1275
1283
1286
1292
1293
1296
1302
1317
1318
1325
1331
1338
1357
1364
1366
1398
1399
1411
1421
1427
1433
1445
1455
1457
1464
1473
1476
1480
1488
1493
1500
1516
1517
1522
1536
1542
1543
1549
1551
1552
1574
1591
1603
1615
1623
1625
1626
1631
1632
1634
1636
1644
1646
1661
1689
1699
1703
1711
1725
1726
1736
1742
1771
1780
1797
1810
1816
1818
1849
1850
1853
1860
1868
1874
1876
1877
1881
1882
1889
1893
1900
1902
1904
1915
1925
1927
1955
1971
1981
1987
1992
1999
2009
2023
2026
2049
2050
2060
2071
2076
2079
2083
2085
2099
2107
2111
2130
2132
2141
2149
2152
2157
2161
2163
2173
2194
2216
2227
2237
2243
2245
2273
2275
2276
2284
2286
2293
2295
2299
2312
2318
2324
2336
2338
2351
2373
2375
2378
2381
2389
2394
2395
2417
2418
2420
2427
2445
2453
2462
2465
2476
2477
2478
2489
2497
2502
2518
2522
2538
2539
2544
2548
2549
2572
2573
2576
2581
2585
2607
2617
2627
2631
2639
2645
2646
2650
2651
2655
2673
2677
2695
2699
2700
2719
2733
2745
2753
2765
2771
2786
2811
2820
2822
2832
2855
2860
2862
2863
2874
2885
2899
2903
2905
2910
2931
2944
2951
2956
2957
2960
2973
2977
2981
2985
2987
2991
3001
3006
3013
3019
3022
3026
3059
3067
3074
3075
3076
3078
3080
3081
3083
3086
3097
3098
3118
3119
3123
3131
3138
3139
3147
3153
3157
3166
3168
3171
3189
3194
3197
3216
3227
3228
3233
3237
3245
3246
3304
3309
3311
3312
3315
3337
3342
3344
3345
3346
3358
3375
3379
3394
3396
3403
3411
3412
3422
3427
3435
3463
3479
3485
3486
3492
3495
3524
3527
3530
3537
3550
3579
3583
3586
3590
3593
3599
3604
3613
3614
3618
3620
3635
3641
3645
3647
3649
3669
3676
3686
3694
3706
3710
3714
3715
3719
3726
3732
3733
3743
3745
3762
3763
3767
3771
3776
3777
3794
3798
3804
3826
3832
3841
3846
3855
3857
3859
3860
3864
3890
3895
3903
3907
3930
3931
3932
3938
3964
3969
3972
3977
3979
3981
4013
4018
4019
4025
4028
4034
4039
4054
4058
4059
4060
4080
4085
4087
4088
4090
4101
4103
4105
4120
4123
4125
116
1202
1996
2095
2396
135
166
169
246
311
418
436
443
469
481
601
805
942
956
981
1146
1173
1249
1250
1261
1327
1371
1460
1613
1620
1756
1759
1784
1831
1989
2015
2020
2184
2206
2212
2322
2372
2430
2475
2666
2668
2688
2725
2764
2858
2902
2969
3209
3251
3491
3541
3592
3595
3658
3746
3892
3946
3951
3955
3996
4029
4065
1
3
5
6
8
11
12
13
20
21
29
30
31
34
36
37
40
45
48
54
55
57
58
60
62
65
66
70
74
78
84
85
87
88
89
90
93
99
102
103
104
109
112
113
114
115
118
120
121
122
124
126
127
128
129
130
131
132
137
139
141
143
144
147
148
149
152
154
156
157
158
160
161
162
171
172
177
182
183
184
186
187
189
194
197
198
201
203
206
208
210
213
215
216
218
219
220
224
225
227
228
229
233
234
236
238
240
241
243
248
252
253
257
260
261
262
264
265
267
270
277
284
289
292
293
302
303
304
306
308
309
310
313
316
319
321
323
324
326
328
334
338
344
345
346
347
349
351
352
353
354
355
358
360
362
363
367
368
371
373
374
380
383
386
388
390
392
393
395
396
398
399
400
401
403
405
406
408
409
411
413
422
428
430
431
432
440
441
444
446
447
449
451
454
455
457
458
459
460
467
473
474
477
479
483
489
491
492
493
496
500
501
504
505
506
507
509
513
514
515
517
518
523
529
533
537
538
539
542
544
545
547
550
555
560
566
568
574
576
582
583
588
590
591
593
596
598
602
603
606
611
612
614
615
617
621
622
624
627
628
629
630
633
635
636
639
640
641
643
646
647
648
649
651
653
655
656
659
660
663
664
667
668
670
671
672
678
681
684
690
692
697
701
702
703
705
706
710
711
714
716
719
720
722
724
726
730
732
733
734
736
741
743
744
745
747
748
751
752
754
758
764
768
770
771
774
776
780
784
787
793
794
795
796
797
799
803
806
808
810
812
814
816
817
819
822
823
826
829
831
832
834
835
837
842
845
846
847
849
851
858
861
862
870
872
873
878
879
880
881
885
898
899
901
902
905
907
917
920
922
929
932
933
934
935
936
937
943
944
946
947
948
949
950
951
954
957
967
970
973
974
977
979
980
983
984
987
998
1000
1003
1005
1008
1009
1011
1013
1015
1019
1021
1023
1025
1026
1032
1035
1037
1038
1039
1040
1041
1045
1049
1051
1053
1054
1059
1060
1062
1067
1070
1071
1075
1081
1083
1085
1087
1089
1094
1095
1097
1100
1101
1103
1112
1115
1118
1119
1120
1121
1123
1126
1130
1132
1133
1140
1142
1143
1148
1149
1150
1151
1155
1158
1160
1161
1162
1164
1167
1170
1175
1178
1184
1185
1188
1189
1190
1191
1194
1195
1197
1199
1201
1203
1204
1206
1207
1209
1210
1213
1216
1217
1219
1220
1221
1222
1227
1228
1231
1233
1237
1238
1239
1240
1242
1243
1252
1253
1256
1257
1258
1259
1263
1266
1267
1270
1271
1272
1279
1280
1281
1282
1287
1290
1291
1295
1297
1298
1300
1303
1304
1305
1306
1308
1314
1315
1319
1322
1323
1324
1326
1330
1333
1334
1335
1336
1337
1339
1341
1342
1343
1345
1346
1347
1348
1350
1353
1358
1360
1361
1367
1372
1373
1374
1375
1376
1378
1380
1384
1385
1386
1388
1390
1396
1397
1401
1403
1408
1413
1415
1416
1418
1419
1420
1422
1423
1425
1430
1431
1432
1435
1436
1440
1441
1442
1443
1444
1446
1448
1450
1452
1454
1462
1465
1467
1469
1471
1472
1478
1479
1481
1483
1485
1489
1491
1494
1495
1498
1499
1501
1502
1505
1507
1511
1514
1518
1519
1521
1526
1531
1532
1533
1534
1538
1539
1540
1544
1545
1547
1548
1550
1553
1556
1558
1561
1564
1566
1567
1568
1571
1572
1582
1583
1586
1587
1592
1593
1598
1600
1601
1602
1604
1605
1606
1607
1610
1612
1614
1619
1621
1624
1628
1629
1633
1637
1640
1642
1643
1647
1648
1649
1651
1652
1660
1662
1664
1668
1670
1672
1674
1675
1677
1679
1680
1681
1682
1691
1696
1697
1700
1701
1705
1709
1710
1712
1713
1715
1716
1722
1723
1724
1727
1731
1733
1735
1738
1740
1741
1743
1746
1753
1754
1755
1758
1760
1761
1763
1765
1766
1767
1768
1772
1776
1779
1782
1783
1785
1787
1790
1800
1802
1803
1804
1805
1808
1812
1814
1815
1822
1824
1825
1828
1832
1837
1839
1840
1841
1842
1843
1845
1847
1848
1854
1855
1856
1857
1858
1870
1872
1873
1880
1883
1885
1886
1888
1890
1891
1892
1894
1895
1897
1898
1899
1901
1903
1909
1911
1912
1913
1916
1920
1921
1922
1924
1926
1928
1930
1934
1938
1939
1941
1942
1944
1945
1946
1947
1953
1954
1956
1957
1958
1965
1967
1969
1970
1974
1977
1979
1983
1988
1993
1995
2000
2002
2003
2004
2010
2011
2012
2013
2014
2016
2017
2018
2019
2022
2025
2028
2031
2034
2038
2039
2040
2041
2042
2044
2051
2054
2055
2057
2062
2063
2064
2065
2066
2067
2069
2070
2072
2077
2081
2082
2084
2088
2096
2098
2100
2101
2105
2108
2109
2110
2112
2115
2117
2118
2119
2124
2131
2133
2134
2135
2140
2146
2147
2148
2150
2151
2155
2156
2158
2162
2165
2168
2170
2171
2174
2175
2177
2178
2179
2182
2185
2188
2190
2193
2196
2198
2199
2204
2207
2209
2210
2213
2214
2215
2219
2220
2221
2223
2224
2225
2228
2229
2230
2231
2233
2234
2238
2241
2244
2246
2247
2248
2249
2251
2253
2259
2262
2263
2264
2267
2269
2271
2272
2274
2281
2282
2283
2285
2287
2288
2290
2294
2301
2303
2304
2305
2308
2309
2311
2313
2314
2315
2316
2317
2319
2325
2326
2327
2329
2330
2331
2332
2341
2342
2345
2346
2356
2359
2360
2361
2362
2363
2364
2370
2371
2374
2376
2377
2380
2383
2384
2385
2391
2393
2398
2399
2401
2403
2406
2407
2408
2409
2410
2414
2415
2416
2419
2426
2428
2432
2434
2435
2437
2438
2440
2443
2446
2447
2449
2452
2456
2457
2461
2463
2466
2468
2471
2473
2474
2479
2480
2481
2484
2488
2492
2493
2495
2496
2499
2500
2504
2505
2508
2509
2511
2514
2516
2517
2519
2520
2521
2525
2526
2527
2530
2531
2532
2533
2535
2540
2545
2546
2547
2551
2554
2556
2557
2559
2560
2564
2565
2568
2569
2570
2574
2577
2580
2584
2592
2593
2595
2596
2601
2602
2604
2609
2610
2612
2613
2614
2618
2619
2620
2621
2626
2630
2632
2633
2635
2636
2641
2649
2656
2659
2662
2664
2665
2667
2672
2674
2675
2678
2680
2681
2685
2687
2689
2690
2692
2697
2702
2704
2707
2708
2710
2711
2712
2713
2721
2722
2724
2727
2729
2730
2732
2734
2736
2738
2739
2740
2742
2744
2747
2749
2750
2751
2754
2755
2756
2757
2759
2760
2761
2762
2763
2773
2775
2777
2778
2782
2783
2784
2785
2787
2788
2789
2790
2792
2793
2795
2796
2797
2801
2802
2803
2808
2809
2813
2816
2817
2823
2825
2827
2830
2834
2835
2836
2837
2839
2840
2842
2843
2846
2850
2851
2852
2853
2857
2861
2866
2870
2873
2875
2876
2883
2884
2886
2889
2892
2893
2895
2897
2898
2900
2901
2907
2909
2912
2916
2917
2919
2927
2928
2929
2934
2935
2939
2940
2941
2942
2943
2945
2946
2949
2950
2953
2959
2961
2963
2966
2970
2972
2979
2982
2983
2988
2992
2993
2997
2998
3002
3003
3005
3007
3008
3009
3014
3017
3018
3020
3023
3025
3027
3029
3030
3031
3034
3035
3038
3039
3040
3041
3042
3045
3046
3047
3048
3053
3054
3055
3056
3057
3061
3062
3064
3069
3071
3072
3073
3082
3089
3090
3091
3092
3093
3095
3096
3101
3102
3103
3104
3105
3108
3109
3110
3111
3116
3117
3121
3124
3128
3132
3133
3134
3140
3142
3143
3148
3149
3159
3160
3161
3162
3165
3167
3170
3173
3174
3179
3180
3182
3185
3188
3191
3193
3195
3199
3204
3206
3210
3212
3214
3217
3219
3220
3221
3224
3225
3226
3229
3230
3232
3235
3236
3238
3241
3243
3247
3249
3250
3253
3256
3260
3262
3263
3264
3268
3273
3274
3275
3276
3277
3280
3283
3285
3286
3287
3297
3302
3308
3310
3314
3317
3319
3320
3322
3324
3330
3332
3333
3334
3335
3338
3339
3343
3347
3348
3352
3354
3355
3356
3357
3359
3360
3362
3364
3365
3366
3368
3370
3372
3373
3374
3377
3380
3384
3385
3386
3387
3388
3390
3392
3395
3397
3399
3402
3404
3408
3409
3413
3415
3421
3423
3424
3428
3440
3441
3444
3446
3448
3449
3450
3452
3453
3454
3455
3458
3459
3464
3466
3467
3469
3470
3474
3475
3476
3480
3482
3484
3487
3489
3490
3493
3494
3497
3499
3500
3501
3502
3503
3504
3506
3508
3509
3510
3512
3513
3515
3518
3520
3526
3529
3533
3534
3535
3542
3546
3548
3549
3551
3553
3558
3562
3563
3564
3566
3567
3568
3573
3574
3575
3576
3578
3581
3582
3587
3588
3589
3591
3594
3598
3600
3601
3602
3603
3606
3607
3610
3612
3616
3625
3626
3630
3633
3634
3636
3637
3639
3642
3646
3648
3654
3661
3662
3664
3665
3667
3670
3674
3677
3678
3682
3685
3687
3689
3693
3696
3698
3699
3700
3701
3702
3705
3707
3709
3711
3716
3717
3718
3720
3722
3723
3724
3725
3728
3729
3731
3738
3739
3741
3742
3744
3748
3752
3753
3754
3756
3757
3758
3761
3766
3769
3770
3772
3773
3774
3778
3779
3781
3784
3785
3786
3789
3790
3791
3792
3793
3797
3799
3800
3801
3806
3809
3811
3814
3816
3819
3823
3825
3828
3829
3830
3831
3833
3834
3837
3838
3843
3844
3845
3848
3850
3851
3854
3858
3861
3865
3868
3870
3873
3874
3877
3878
3882
3883
3893
3894
3896
3899
3901
3902
3905
3908
3910
3912
3914
3915
3916
3922
3928
3929
3933
3934
3936
3937
3943
3948
3949
3952
3956
3957
3961
3965
3973
3975
3978
3982
3983
3984
3989
3994
3998
3999
4000
4001
4002
4003
4005
4008
4009
4010
4011
4014
4015
4017
4021
4023
4027
4031
4033
4035
4041
4042
4043
4044
4046
4048
4049
4051
4055
4057
4061
4064
4069
4070
4072
4073
4077
4078
4079
4082
4083
4084
4086
4089
4091
4093
4097
4102
4106
4107
4109
4117
4118
4121
4122
4124
4126
