2
4
8
9
11
12
13
15
19
22
25
26
28
29
31
37
38
39
43
46
47
49
56
58
59
62
63
67
69
73
75
76
77
79
81
84
87
88
92
94
95
100
102
105
106
108
109
113
115
116
120
125
127
129
131
140
141
143
144
148
150
151
154
156
162
164
167
174
176
178
180
181
186
190
191
194
196
197
202
203
206
214
216
218
219
221
224
225
228
230
231
233
239
242
244
246
248
251
253
254
255
256
257
258
260
264
265
266
268
269
270
271
275
277
278
280
284
285
286
289
290
292
293
298
299
300
302
304
305
313
315
316
317
322
327
328
331
332
333
335
337
339
341
345
349
350
358
360
363
364
365
366
367
368
369
373
374
375
377
386
388
390
391
395
400
401
405
407
408
410
411
413
414
415
416
423
439
440
443
446
447
448
449
452
459
461
462
471
477
478
484
486
487
488
490
492
493
494
497
498
499
500
501
504
510
511
515
517
522
523
531
534
536
537
544
550
552
557
558
559
560
564
566
568
576
577
579
580
582
586
593
598
599
606
607
609
619
621
624
630
631
635
639
640
642
644
646
657
658
660
662
663
665
668
670
672
675
676
679
680
682
685
688
690
692
698
700
701
704
708
710
712
720
723
729
737
739
740
741
744
745
746
747
757
759
765
771
772
782
787
788
793
795
798
800
802
803
806
807
812
813
819
821
823
824
826
827
834
836
837
841
843
844
850
852
853
856
863
864
866
868
876
877
878
881
883
884
885
887
889
890
891
896
899
905
906
910
912
913
915
924
930
933
935
938
947
948
950
957
959
964
965
967
968
979
980
982
986
990
991
993
994
996
998
1002
1004
1010
1014
1015
1016
1017
1018
1020
1021
1024
1025
1031
1034
1038
1041
1042
1045
1053
1060
1063
1065
1066
1068
1071
1072
1075
1077
1082
1083
1084
1086
1088
1092
1096
1100
1101
1102
1111
1112
1113
1118
1119
1120
1124
1127
1128
1131
1135
1136
1138
1139
1140
1154
1162
1169
1173
1175
1178
1181
1183
1184
1188
1190
1194
1197
1199
1202
1205
1207
1210
1213
1215
1223
1225
1227
1229
1235
1239
1242
1244
1245
1246
1248
1249
1250
1257
1258
1263
1264
1265
1270
1271
1275
1277
1278
1280
1283
1285
1287
1295
1300
1302
1308
1310
1313
1316
1317
1318
1320
1329
1330
1334
1335
1338
1339
1340
1344
1345
1348
1349
1350
1351
1358
1360
1366
1367
1372
1379
1382
1383
1387
1388
1390
1392
1394
1396
1397
1402
1403
1405
1413
1419
1420
1421
1428
1429
1430
1431
1432
1436
1440
1442
1443
1444
1450
1451
1452
1454
1458
1461
1462
1464
1466
1468
1469
1475
1478
1483
1485
1486
1487
1499
1500
1503
1511
1515
1517
1518
1521
1523
1526
1528
1529
1530
1532
1534
1538
1539
1542
1544
1545
1548
1550
1551
1553
1561
1566
1567
1568
1569
1571
1573
1574
1578
1582
1583
1585
1586
1588
1590
1591
1593
1595
1596
1604
1606
1616
1619
1622
1624
1626
1631
1635
1637
1638
1641
1647
1648
1650
1653
1655
1658
1661
1662
1664
1665
1666
1667
1669
1671
1676
1680
1684
1686
1692
1696
1697
1698
1699
1708
1709
1711
1712
1713
1716
1717
1719
1720
1721
1722
1725
1727
1728
1730
1734
1742
1743
1747
1749
1753
1754
1755
1756
1757
1760
1761
1763
1765
1769
1771
1774
1778
1781
1782
1783
1785
1787
1788
1789
1798
1799
1803
1806
1807
1809
1811
1814
1817
1818
1824
1828
1831
1833
1836
1843
1844
1850
1851
1852
1853
1856
1858
1859
1863
1866
1867
1868
1869
1870
1871
1873
1877
1878
1879
1880
1881
1884
1886
1889
1898
1899
1901
1909
1910
1911
1912
1914
1916
1922
1924
1929
1932
1935
1938
1942
1947
1951
1952
1953
1958
1962
1971
1977
1981
1985
1990
1991
1997
1998
1999
2000
2008
2009
2010
2011
2012
2015
2016
2019
2020
2022
2027
2031
2032
2033
2035
2036
2040
2050
2053
2056
2057
2059
2060
2062
2063
2064
2066
2067
2068
2069
2071
2072
2079
2083
2084
2085
2086
2087
2090
2093
2104
2108
2120
2121
2123
2126
2127
2130
2135
2142
2143
2145
2150
2151
2152
2153
2154
2155
2156
2158
2162
2163
2166
2167
2168
2169
2170
2171
2172
2173
2176
2178
2180
2182
2186
2188
2190
2191
2195
2200
2202
2204
2205
2206
2211
2212
2216
2217
2218
2226
2229
2230
2231
2233
2237
2238
2239
2243
2244
2253
2260
2262
2266
2267
2268
2269
2270
2271
2275
2280
2292
2295
2300
2301
2302
2304
2305
2306
2311
2313
2318
2325
2326
2327
2328
2329
2332
2338
2340
2341
2342
2343
2344
2349
2354
2355
2356
2361
2362
2363
2364
2366
2367
2372
2374
2375
2377
2380
2387
2388
2390
2399
2400
2401
2402
2403
2404
2405
2407
2412
2413
2417
2419
2424
2428
2430
2431
2436
2440
2445
2446
2447
2451
2462
2465
2469
2471
2472
2473
2477
2478
2484
2487
2489
2494
2498
2504
2505
2512
2516
2518
2519
2520
2522
2524
2528
2534
2537
2542
2547
2549
2551
2553
2555
2558
2560
2562
2564
2568
2569
2570
2571
2574
2575
2576
2581
2585
2586
2590
2591
2601
2604
2607
2608
2612
2618
2624
2626
2631
2637
2641
2645
2646
2647
2651
2653
2657
2660
2667
2671
2674
2675
2679
2680
2683
2684
2685
2687
2689
2691
2694
2696
2697
2698
2699
2702
2703
2704
2706
2708
2709
2711
2722
2724
2726
2728
2730
2731
2734
2736
2737
2739
2742
2743
2744
2747
2753
2755
2759
2762
2763
2767
2771
2774
2776
2777
2780
2781
2784
2785
2787
2793
2801
2802
2803
2810
2814
2820
2825
2826
2827
2828
2829
2835
2836
2837
2839
2842
2844
2845
2846
2847
2849
2850
2851
2864
2866
2868
2874
2875
2876
2877
2879
2881
2883
2887
2888
2890
2892
2895
2896
2898
2905
2906
2908
2909
2914
2918
2922
2926
2933
2936
2938
2940
2944
2946
2953
2955
2956
2964
2965
2966
2967
2968
2969
2970
2971
2978
2980
2984
2994
2999
3000
3001
3003
3004
3007
3008
3010
3011
3012
3013
3016
3017
3020
3024
3025
3026
3028
3029
3033
3034
3035
3036
3037
3039
3040
3041
3049
3051
3055
3060
3062
3065
3066
3072
3073
3074
3075
3077
3080
3083
3084
3085
3086
3088
3090
3092
3097
3098
3099
3101
3104
3105
3108
3112
3113
3114
3115
3119
3121
3123
3125
3126
3129
3135
3137
3140
3146
3147
3150
3153
3155
3156
3158
3160
3161
3163
3166
3167
3174
3177
3179
3182
3185
3189
3190
3194
3201
3202
3204
3207
3208
3209
3210
3212
3214
3215
3217
3219
3220
3224
3228
3233
3235
3236
3238
3241
3242
3245
3246
3250
3257
3258
3259
3262
3263
3266
3267
3268
3269
3271
3275
3281
3286
3288
3290
3291
3292
3293
3294
3295
3297
3298
3301
3306
3308
3312
3316
3317
3320
3321
3322
3324
3328
3329
3330
3332
3334
3336
3344
3350
3352
3353
3356
3360
3361
3363
3366
3377
3384
3386
3387
3390
3395
3402
3403
3405
3406
3407
3409
3412
3415
3420
3421
3422
3428
3430
3432
3434
3437
3438
3440
3441
3443
3446
3449
3454
3457
3461
3462
3466
3469
3472
3476
3477
3478
3479
3484
3493
3494
3497
3500
3501
3503
3504
3511
3512
3514
3517
3519
3521
3523
3524
3527
3528
3530
3531
3535
3536
3537
3541
3542
3543
3547
3548
3552
3554
3558
3559
3569
3570
3571
3576
3578
3581
3585
3586
3587
3590
3591
3605
3609
3614
3615
3616
3624
3631
3632
3633
3635
3636
3637
3638
3639
3642
3648
3650
3651
3653
3654
3657
3666
3671
3672
3673
3676
3679
3681
3682
3683
3684
3686
3687
3688
3692
3695
3696
3697
3699
3702
3705
3708
3715
3716
3720
3722
3724
3725
3732
3734
3736
3740
3745
3747
3748
3749
3750
3755
3756
3758
3759
3760
3764
3765
3768
3769
3771
3774
3781
3782
3789
3792
3795
3798
3800
3803
3805
3806
3807
3811
3813
3817
3818
3819
3825
3826
3829
3835
3836
3838
3839
3842
3844
3845
3848
3853
3857
3858
3859
3861
3862
3866
3867
3868
3870
3872
3881
3882
3883
3888
3890
3895
3904
3914
3915
3916
3918
3920
3922
3924
3927
3932
3933
3936
3944
3952
3953
3954
3955
3956
3957
3958
3960
3963
3964
3969
3972
3973
3975
3976
3977
3979
3980
3981
3983
3988
3989
3992
17
64
91
138
146
166
179
215
243
261
262
314
330
334
380
381
412
418
444
445
469
481
520
524
525
538
562
563
574
583
588
634
650
656
687
706
722
756
764
766
785
796
818
854
867
874
909
917
963
973
992
1029
1032
1036
1046
1059
1074
1098
1137
1149
1157
1160
1206
1238
1254
1269
1291
1323
1325
1356
1364
1373
1381
1404
1406
1417
1439
1481
1492
1504
1505
1516
1533
1537
1541
1546
1584
1707
1715
1759
1766
1777
1794
1819
1865
1908
1933
1937
1945
1973
2002
2021
2030
2112
2119
2221
2246
2297
2310
2316
2398
2410
2466
2468
2479
2503
2515
2545
2565
2588
2621
2639
2662
2676
2677
2738
2751
2765
2791
2796
2861
2873
2884
2997
3031
3038
3134
3138
3151
3152
3213
3221
3231
3264
3283
3310
3315
3319
3345
3358
3416
3425
3447
3482
3491
3582
3583
3584
3604
3610
3623
3625
3641
3674
3704
3741
3770
3794
3809
3820
3887
3929
3934
3967
3982
287
376
422
838
955
1143
1168
1327
1331
1362
1408
2006
2432
2880
2899
2942
3014
3248
3340
3617
3655
438
1748
1
5
21
24
40
44
48
52
53
65
72
82
83
85
86
90
96
99
104
110
111
117
119
122
128
130
132
137
147
149
152
155
159
173
182
193
199
200
201
204
209
210
211
213
229
235
245
252
273
279
291
294
307
312
320
325
329
336
338
342
353
354
355
356
359
384
387
389
399
428
430
435
436
441
453
454
456
457
458
465
466
468
482
491
502
506
507
512
513
514
526
529
532
535
541
542
548
553
556
561
565
567
569
597
600
608
611
616
617
620
627
633
637
643
648
649
654
671
673
674
683
689
697
711
715
725
727
735
742
748
751
752
753
767
776
777
794
801
804
805
808
815
816
830
831
832
833
840
845
847
849
855
858
862
869
882
888
893
914
921
922
923
928
929
934
942
944
946
951
952
953
954
961
966
978
983
988
999
1003
1005
1008
1012
1019
1030
1033
1040
1049
1050
1051
1052
1055
1079
1085
1091
1094
1099
1106
1109
1110
1114
1116
1126
1148
1155
1156
1159
1166
1170
1174
1191
1195
1196
1198
1200
1204
1218
1230
1231
1241
1243
1251
1255
1272
1274
1276
1281
1284
1286
1292
1294
1297
1303
1307
1312
1315
1321
1328
1332
1333
1341
1343
1354
1357
1365
1374
1380
1384
1391
1411
1414
1422
1423
1424
1433
1434
1448
1463
1465
1470
1472
1473
1479
1480
1494
1510
1512
1513
1514
1520
1522
1525
1536
1554
1576
1579
1589
1594
1607
1610
1617
1633
1640
1643
1645
1652
1656
1663
1670
1675
1678
1690
1706
1710
1714
1726
1729
1739
1752
1768
1772
1797
1804
1805
1810
1813
1820
1823
1825
1827
1837
1838
1845
1846
1848
1862
1883
1885
1891
1893
1894
1895
1900
1903
1913
1915
1917
1921
1923
1930
1931
1934
1936
1943
1957
1963
1965
1966
1979
1980
1982
1988
1989
1995
1996
2023
2039
2046
2047
2048
2049
2055
2065
2070
2073
2074
2076
2077
2078
2080
2081
2082
2098
2107
2110
2114
2118
2128
2132
2133
2134
2137
2138
2141
2148
2149
2159
2161
2175
2177
2181
2189
2196
2199
2201
2203
2208
2209
2219
2224
2227
2240
2242
2249
2250
2252
2257
2263
2264
2265
2273
2283
2286
2287
2288
2289
2315
2337
2339
2353
2358
2370
2378
2379
2381
2384
2389
2394
2406
2434
2435
2439
2442
2444
2448
2450
2452
2456
2457
2458
2459
2474
2476
2490
2492
2499
2501
2510
2514
2525
2540
2541
2544
2546
2548
2550
2557
2561
2566
2572
2577
2579
2594
2597
2610
2614
2615
2616
2619
2627
2638
2643
2644
2649
2650
2664
2666
2669
2692
2695
2701
2712
2715
2716
2717
2727
2741
2746
2749
2752
2760
2764
2766
2772
2775
2800
2806
2809
2815
2816
2823
2832
2852
2854
2856
2859
2869
2870
2882
2889
2893
2901
2902
2921
2923
2924
2929
2931
2941
2948
2949
2957
2961
2963
2979
2981
2986
2989
2992
2998
3002
3015
3018
3019
3022
3045
3048
3057
3067
3068
3076
3093
3094
3109
3116
3117
3118
3128
3131
3132
3141
3149
3165
3169
3172
3184
3196
3198
3199
3206
3218
3222
3237
3239
3251
3253
3255
3270
3273
3274
3276
3277
3279
3285
3287
3289
3299
3300
3303
3304
3305
3307
3309
3323
3325
3326
3341
3355
3357
3380
3381
3388
3393
3396
3397
3398
3400
3404
3408
3414
3417
3423
3427
3474
3492
3495
3502
3508
3510
3516
3522
3525
3529
3533
3540
3549
3551
3553
3563
3564
3573
3574
3577
3588
3594
3601
3603
3606
3618
3640
3643
3644
3658
3659
3667
3678
3685
3689
3691
3693
3694
3698
3700
3707
3709
3712
3713
3717
3718
3721
3728
3729
3742
3753
3786
3799
3814
3816
3822
3827
3846
3847
3849
3851
3854
3863
3871
3877
3878
3880
3891
3893
3894
3899
3902
3903
3907
3909
3910
3912
3919
3928
3935
3946
3947
3984
3987
3990
3991
975
3079
2678
2871
169
308
378
403
519
521
653
779
949
1158
1375
1634
1651
2481
2517
2720
2920
3435
3629
3703
3864
42
54
103
142
170
184
188
227
276
348
396
402
409
425
442
601
610
636
664
791
810
880
892
894
897
901
970
1028
1061
1078
1104
1105
1141
1142
1147
1167
1177
1228
1268
1288
1322
1400
1415
1467
1477
1493
1502
1519
1549
1552
1557
1558
1575
1587
1609
1628
1630
1649
1687
1701
1733
1735
1746
1751
1762
1816
1821
1826
1829
1918
1948
1954
2054
2058
2097
2125
2179
2210
2241
2258
2279
2317
2334
2376
2386
2495
2496
2543
2554
2563
2578
2582
2584
2613
2748
2795
2799
2830
2911
2927
2934
2945
2962
3009
3052
3059
3069
3106
3133
3157
3168
3170
3176
3226
3247
3249
3272
3278
3296
3331
3335
3348
3351
3362
3368
3436
3448
3453
3455
3513
3518
3520
3544
3608
3630
3669
3730
3762
3772
3926
3950
3961
3
6
7
10
14
16
18
20
23
27
30
32
33
34
35
36
41
45
50
51
55
57
60
61
66
68
70
71
74
78
80
89
93
97
98
101
107
112
114
118
121
123
124
126
133
134
135
136
139
145
153
157
158
160
161
163
165
168
171
172
175
177
183
185
187
189
192
195
198
205
207
208
212
217
220
222
223
226
232
234
236
237
238
240
241
247
249
250
259
263
267
272
274
281
282
283
288
295
296
297
301
303
306
309
310
311
318
319
321
323
324
326
340
343
344
346
347
351
352
357
361
362
370
371
372
379
382
383
385
392
393
394
397
398
404
406
417
419
420
421
424
426
427
429
431
432
433
434
437
450
451
455
460
463
464
467
470
472
473
474
475
476
479
480
483
485
489
495
496
503
505
508
509
516
518
527
528
530
533
539
540
543
545
546
547
549
551
554
555
570
571
572
573
575
578
581
584
585
587
589
590
591
592
594
595
596
602
603
604
605
612
613
614
615
618
622
623
625
626
628
629
632
638
641
645
647
651
652
655
659
661
666
667
669
677
678
681
684
686
691
693
694
695
696
699
702
703
705
707
709
713
714
716
717
718
719
721
724
726
728
730
731
732
733
734
736
738
743
749
750
754
755
758
760
761
762
763
768
769
770
773
774
775
778
780
781
783
784
786
789
790
792
797
799
809
811
814
817
820
822
825
828
829
835
839
842
846
848
851
857
859
860
861
865
870
871
872
873
875
879
886
895
898
900
902
903
904
907
908
911
916
918
919
920
925
926
927
931
932
936
937
939
940
941
943
945
956
958
960
962
969
971
972
974
976
977
981
984
985
987
989
995
997
1000
1001
1006
1007
1009
1011
1013
1022
1023
1026
1027
1035
1037
1039
1043
1044
1047
1048
1054
1056
1057
1058
1062
1064
1067
1069
1070
1073
1076
1080
1081
1087
1089
1090
1093
1095
1097
1103
1107
1108
1115
1117
1121
1122
1123
1125
1129
1130
1132
1133
1134
1144
1145
1146
1150
1151
1152
1153
1161
1163
1164
1165
1171
1172
1176
1179
1180
1182
1185
1186
1187
1189
1192
1193
1201
1203
1208
1209
1211
1212
1214
1216
1217
1219
1220
1221
1222
1224
1226
1232
1233
1234
1236
1237
1240
1247
1252
1253
1256
1259
1260
1261
1262
1266
1267
1273
1279
1282
1289
1290
1293
1296
1298
1299
1301
1304
1305
1306
1309
1311
1314
1319
1324
1326
1336
1337
1342
1346
1347
1352
1353
1355
1359
1361
1363
1368
1369
1370
1371
1376
1377
1378
1385
1386
1389
1393
1395
1398
1399
1401
1407
1409
1410
1412
1416
1418
1425
1426
1427
1435
1437
1438
1441
1445
1446
1447
1449
1453
1455
1456
1457
1459
1460
1471
1474
1476
1482
1484
1488
1489
1490
1491
1495
1496
1497
1498
1501
1506
1507
1508
1509
1524
1527
1531
1535
1540
1543
1547
1555
1556
1559
1560
1562
1563
1564
1565
1570
1572
1577
1580
1581
1592
1597
1598
1599
1600
1601
1602
1603
1605
1608
1611
1612
1613
1614
1615
1618
1620
1621
1623
1625
1627
1629
1632
1636
1639
1642
1644
1646
1654
1657
1659
1660
1668
1672
1673
1674
1677
1679
1681
1682
1683
1685
1688
1689
1691
1693
1694
1695
1700
1702
1703
1704
1705
1718
1723
1724
1731
1732
1736
1737
1738
1740
1741
1744
1745
1750
1758
1764
1767
1770
1773
1775
1776
1779
1780
1784
1786
1790
1791
1792
1793
1795
1796
1800
1801
1802
1808
1812
1815
1822
1830
1832
1834
1835
1839
1840
1841
1842
1847
1849
1854
1855
1857
1860
1861
1864
1872
1874
1875
1876
1882
1887
1888
1890
1892
1896
1897
1902
1904
1905
1906
1907
1919
1920
1925
1926
1927
1928
1939
1940
1941
1944
1946
1949
1950
1955
1956
1959
1960
1961
1964
1967
1968
1969
1970
1972
1974
1975
1976
1978
1983
1984
1986
1987
1992
1993
1994
2001
2003
2004
2005
2007
2013
2014
2017
2018
2024
2025
2026
2028
2029
2034
2037
2038
2041
2042
2043
2044
2045
2051
2052
2061
2075
2088
2089
2091
2092
2094
2095
2096
2099
2100
2101
2102
2103
2105
2106
2109
2111
2113
2115
2116
2117
2122
2124
2129
2131
2136
2139
2140
2144
2146
2147
2157
2160
2164
2165
2174
2183
2184
2185
2187
2192
2193
2194
2197
2198
2207
2213
2214
2215
2220
2222
2223
2225
2228
2232
2234
2235
2236
2245
2247
2248
2251
2254
2255
2256
2259
2261
2272
2274
2276
2277
2278
2281
2282
2284
2285
2290
2291
2293
2294
2296
2298
2299
2303
2307
2308
2309
2312
2314
2319
2320
2321
2322
2323
2324
2330
2331
2333
2335
2336
2345
2346
2347
2348
2350
2351
2352
2357
2359
2360
2365
2368
2369
2371
2373
2382
2383
2385
2391
2392
2393
2395
2396
2397
2408
2409
2411
2414
2415
2416
2418
2420
2421
2422
2423
2425
2426
2427
2429
2433
2437
2438
2441
2443
2449
2453
2454
2455
2460
2461
2463
2464
2467
2470
2475
2480
2482
2483
2485
2486
2488
2491
2493
2497
2500
2502
2506
2507
2508
2509
2511
2513
2521
2523
2526
2527
2529
2530
2531
2532
2533
2535
2536
2538
2539
2552
2556
2559
2567
2573
2580
2583
2587
2589
2592
2593
2595
2596
2598
2599
2600
2602
2603
2605
2606
2609
2611
2617
2620
2622
2623
2625
2628
2629
2630
2632
2633
2634
2635
2636
2640
2642
2648
2652
2654
2655
2656
2658
2659
2661
2663
2665
2668
2670
2672
2673
2681
2682
2686
2688
2690
2693
2700
2705
2707
2710
2713
2714
2718
2719
2721
2723
2725
2729
2732
2733
2735
2740
2745
2750
2754
2756
2757
2758
2761
2768
2769
2770
2773
2778
2779
2782
2783
2786
2788
2789
2790
2792
2794
2797
2798
2804
2805
2807
2808
2811
2812
2813
2817
2818
2819
2821
2822
2824
2831
2833
2834
2838
2840
2841
2843
2848
2853
2855
2857
2858
2860
2862
2863
2865
2867
2872
2878
2885
2886
2891
2894
2897
2900
2903
2904
2907
2910
2912
2913
2915
2916
2917
2919
2925
2928
2930
2932
2935
2937
2939
2943
2947
2950
2951
2952
2954
2958
2959
2960
2972
2973
2974
2975
2976
2977
2982
2983
2985
2987
2988
2990
2991
2993
2995
2996
3005
3006
3021
3023
3027
3030
3032
3042
3043
3044
3046
3047
3050
3053
3054
3056
3058
3061
3063
3064
3070
3071
3078
3081
3082
3087
3089
3091
3095
3096
3100
3102
3103
3107
3110
3111
3120
3122
3124
3127
3130
3136
3139
3142
3143
3144
3145
3148
3154
3159
3162
3164
3171
3173
3175
3178
3180
3181
3183
3186
3187
3188
3191
3192
3193
3195
3197
3200
3203
3205
3211
3216
3223
3225
3227
3229
3230
3232
3234
3240
3243
3244
3252
3254
3256
3260
3261
3265
3280
3282
3284
3302
3311
3313
3314
3318
3327
3333
3337
3338
3339
3342
3343
3346
3347
3349
3354
3359
3364
3365
3367
3369
3370
3371
3372
3373
3374
3375
3376
3378
3379
3382
3383
3385
3389
3391
3392
3394
3399
3401
3410
3411
3413
3418
3419
3424
3426
3429
3431
3433
3439
3442
3444
3445
3450
3451
3452
3456
3458
3459
3460
3463
3464
3465
3467
3468
3470
3471
3473
3475
3480
3481
3483
3485
3486
3487
3488
3489
3490
3496
3498
3499
3505
3506
3507
3509
3515
3526
3532
3534
3538
3539
3545
3546
3550
3555
3556
3557
3560
3561
3562
3565
3566
3567
3568
3572
3575
3579
3580
3589
3592
3593
3595
3596
3597
3598
3599
3600
3602
3607
3611
3612
3613
3619
3620
3621
3622
3626
3627
3628
3634
3645
3646
3647
3649
3652
3656
3660
3661
3662
3663
3664
3665
3668
3670
3675
3677
3680
3690
3701
3706
3710
3711
3714
3719
3723
3726
3727
3731
3733
3735
3737
3738
3739
3743
3744
3746
3751
3752
3754
3757
3761
3763
3766
3767
3773
3775
3776
3777
3778
3779
3780
3783
3784
3785
3787
3788
3790
3791
3793
3796
3797
3801
3802
3804
3808
3810
3812
3815
3821
3823
3824
3828
3830
3831
3832
3833
3834
3837
3840
3841
3843
3850
3852
3855
3856
3860
3865
3869
3873
3874
3875
3876
3879
3884
3885
3886
3889
3892
3896
3897
3898
3900
3901
3905
3906
3908
3911
3913
3917
3921
3923
3925
3930
3931
3937
3938
3939
3940
3941
3942
3943
3945
3948
3949
3951
3959
3962
3965
3966
3968
3970
3971
3974
3978
3985
3986
