3
6
7
10
13
22
24
28
32
33
36
37
38
39
40
42
47
48
49
50
51
54
56
61
66
72
73
75
79
83
84
87
89
91
92
97
98
105
109
111
112
114
121
122
123
124
127
130
131
133
135
136
138
139
140
143
146
147
148
149
155
158
159
162
170
174
178
179
183
187
188
196
198
200
201
202
203
209
213
221
222
226
227
228
229
230
234
235
236
238
245
250
253
261
266
268
269
271
273
276
282
284
285
290
291
292
294
296
298
302
305
308
311
314
316
320
322
323
324
330
331
336
337
339
346
349
352
353
360
362
365
367
370
371
372
373
374
376
382
384
385
386
388
393
394
396
401
410
411
412
413
418
422
423
426
428
430
433
434
440
441
444
451
455
456
458
465
467
468
475
477
479
480
491
493
494
496
497
500
503
505
511
513
518
519
525
528
530
532
533
534
537
538
542
543
544
548
553
555
560
561
563
567
568
569
573
574
575
577
578
579
580
581
584
585
589
598
599
600
605
606
609
610
611
612
613
615
616
619
620
623
628
629
634
635
636
640
642
645
647
649
657
659
664
665
669
671
673
674
675
677
678
680
683
686
687
690
696
697
702
704
705
706
716
717
720
721
722
725
726
730
733
737
738
742
745
748
756
760
761
764
765
768
771
772
779
780
782
783
784
785
787
789
791
794
807
810
815
816
817
818
821
823
825
828
829
831
832
833
850
851
857
858
859
862
863
864
865
868
873
874
876
881
883
884
886
887
888
889
892
895
896
902
905
906
914
915
918
921
928
930
933
935
942
945
960
963
966
967
968
970
972
974
978
984
987
989
998
1000
1002
1007
1010
1012
1017
1024
1035
1037
1039
1044
1047
1048
1050
1055
1057
1061
1065
1067
1068
1069
1072
1076
1085
1094
1095
1099
1102
1104
1105
1106
1108
1112
1117
1118
1119
1120
1126
1127
1132
1134
1136
1137
1141
1143
1145
1146
1149
1156
1157
1159
1162
1163
1167
1172
1174
1176
1177
1179
1182
1184
1185
1187
1198
1199
1200
1202
1211
1215
1217
1220
1222
1226
1233
1239
1247
1253
1259
1265
1269
1273
1276
1277
1281
1283
1286
1288
1291
1297
1298
1299
1300
1301
1302
1306
1310
1312
1313
1315
1318
1319
1320
1331
1337
1339
1341
1342
1348
1351
1353
1357
1358
1359
1360
1363
1367
1373
1374
1377
1382
1385
1387
1389
1391
1393
1394
1410
1412
1413
1414
1420
1423
1425
1426
1428
1429
1431
1433
1438
1439
1440
1442
1448
1450
1452
1456
1459
1463
1464
1468
1477
1483
1485
1489
1490
1492
1494
1496
1498
1499
1500
1501
1504
1505
1506
1511
1512
1513
1521
1522
1523
1532
1534
1538
1539
1542
1543
1548
1550
1551
1552
1555
1557
1562
1566
1568
1569
1572
1574
1576
1577
1582
1586
1588
1592
1593
1597
1601
1604
1605
1609
1610
1611
1616
1619
1636
1637
1640
1645
1647
1654
1657
1658
1660
1661
1662
1664
1666
1670
1673
1674
1677
1689
1690
1695
1700
1701
1702
1705
1707
1708
1714
1715
1716
1718
1722
1730
1731
1735
1742
1744
1745
1754
1758
1761
1763
1764
1765
1766
1769
1775
1776
1777
1778
1785
1789
1790
1791
1792
1798
1799
1806
1808
1810
1812
1813
1814
1815
1819
1822
1824
1828
1829
1833
1836
1837
1839
1840
1841
1842
1846
1855
1857
1858
1859
1866
1869
1872
1874
1876
1878
1879
1881
1883
1884
1885
1887
1890
1892
1893
1895
1896
1897
1900
1902
1904
1905
1906
1910
1913
1918
1919
1922
1923
1925
1928
1931
1935
1937
1939
1940
1943
1944
1949
1950
1955
1956
1962
1965
1969
1974
1975
1977
1982
1986
1987
1991
2004
2005
2006
2007
2011
2012
2020
2021
2024
2027
2028
2029
2031
2033
2034
2040
2041
2042
2043
2045
2046
2047
2051
2054
2055
2056
2057
2058
2062
2065
2066
2068
2069
2070
2071
2072
2073
2075
2083
2091
2092
2094
2097
2098
2106
2107
2108
2111
2112
2113
2116
2117
2121
2122
2126
2130
2137
2141
2144
2148
2150
2154
2155
2156
2164
2166
2174
2175
2177
2178
2179
2185
2186
2189
2190
2192
2198
2200
2204
2206
2208
2209
2210
2212
2213
2224
2225
2227
2229
2231
2233
2237
2240
2241
2254
2257
2259
2266
2272
14
16
21
26
44
45
46
69
70
119
137
163
165
215
240
244
254
309
325
332
350
383
402
406
416
420
424
457
476
517
521
549
566
597
603
633
638
641
655
658
670
681
703
714
727
749
752
755
792
793
795
797
824
826
827
856
866
879
891
922
939
947
953
956
986
999
1030
1036
1059
1081
1114
1115
1121
1122
1142
1160
1168
1169
1183
1212
1216
1224
1230
1241
1245
1278
1280
1282
1304
1322
1330
1364
1392
1409
1416
1419
1467
1474
1493
1508
1553
1560
1561
1573
1598
1614
1620
1624
1635
1671
1675
1683
1684
1692
1727
1734
1738
1747
1768
1771
1772
1797
1849
1853
1875
1877
1915
1921
1933
1960
1971
2003
2025
2052
2086
2128
2146
2184
2197
2207
2216
2250
2255
2256
2265
8
18
78
94
184
190
272
299
439
546
901
996
1011
1033
1125
1188
1427
1502
1518
1567
1706
1818
2158
2203
2242
778
1293
1396
1443
1510
1945
2061
15
25
27
31
34
55
59
60
64
65
67
76
77
80
85
90
96
99
100
101
102
106
108
110
113
120
128
129
141
145
150
153
161
169
175
181
185
189
191
194
199
204
205
225
237
247
255
259
260
262
263
283
288
293
304
307
313
327
334
340
343
345
357
369
378
381
387
390
391
399
407
414
431
432
436
438
447
449
454
459
461
466
473
474
481
483
487
488
489
490
498
507
510
516
523
527
540
541
551
552
562
565
570
587
595
604
608
626
630
639
643
646
650
653
660
662
663
667
682
684
718
719
723
731
736
739
741
743
767
777
786
805
819
822
835
846
849
854
861
875
880
894
897
904
916
919
934
948
951
958
964
975
976
982
983
985
988
993
995
1009
1018
1034
1038
1041
1042
1046
1053
1060
1062
1064
1066
1071
1082
1083
1100
1107
1123
1129
1131
1135
1147
1153
1155
1164
1165
1170
1171
1173
1191
1195
1196
1201
1204
1206
1208
1229
1232
1236
1238
1242
1243
1244
1246
1248
1251
1254
1256
1257
1264
1267
1268
1271
1275
1285
1292
1295
1305
1308
1311
1314
1316
1329
1332
1333
1346
1347
1350
1352
1354
1355
1356
1362
1365
1368
1370
1372
1383
1384
1386
1397
1399
1401
1402
1403
1411
1418
1430
1436
1441
1453
1476
1487
1491
1524
1526
1536
1540
1541
1544
1554
1556
1558
1563
1571
1583
1584
1607
1612
1617
1621
1622
1626
1627
1628
1629
1633
1634
1639
1643
1648
1656
1659
1668
1676
1680
1703
1711
1719
1720
1724
1748
1752
1781
1786
1794
1795
1800
1802
1807
1811
1825
1851
1861
1863
1886
1888
1891
1901
1908
1912
1920
1926
1927
1930
1934
1941
1942
1951
1959
1973
1979
1981
1983
1989
1992
1993
1994
1996
1998
2010
2015
2017
2030
2036
2038
2048
2049
2053
2064
2082
2085
2090
2096
2099
2103
2115
2120
2125
2127
2136
2138
2139
2145
2149
2151
2159
2162
2169
2171
2181
2182
2195
2199
2202
2211
2217
2219
2220
2221
2226
2245
2252
1630
425
2080
168
224
257
448
450
462
602
707
840
878
929
955
1130
1336
1447
1454
1535
1631
1780
1880
1978
1984
2093
2114
2133
2263
86
118
125
176
186
206
210
233
243
248
280
281
286
315
326
347
355
364
392
403
435
453
486
506
512
514
535
545
586
591
592
617
644
651
661
676
713
724
728
744
746
751
763
801
837
839
847
848
898
910
912
917
923
940
943
954
965
971
992
997
1019
1026
1049
1088
1101
1113
1150
1154
1178
1181
1192
1203
1214
1221
1228
1323
1325
1328
1345
1366
1369
1378
1381
1415
1444
1462
1470
1473
1480
1482
1514
1525
1528
1530
1549
1565
1618
1642
1665
1685
1687
1696
1713
1725
1739
1740
1750
1751
1774
1793
1809
1820
1827
1831
1838
1847
1848
1856
1860
1862
1898
1916
1948
1963
1999
2008
2009
2050
2079
2110
2147
2157
2163
2168
2205
2230
2239
2244
2248
2262
2268
1
2
4
5
9
11
12
17
19
20
23
29
30
35
41
43
52
53
57
58
62
63
68
71
74
81
82
88
93
95
103
104
107
115
116
117
126
132
134
142
144
151
152
154
156
157
160
164
166
167
171
172
173
177
180
182
192
193
195
197
207
208
211
212
214
216
217
218
219
220
223
231
232
239
241
242
246
249
251
252
256
258
264
265
267
270
274
275
277
278
279
287
289
295
297
300
301
303
306
310
312
317
318
319
321
328
329
333
335
338
341
342
344
348
351
354
356
358
359
361
363
366
368
375
377
379
380
389
395
397
398
400
404
405
408
409
415
417
419
421
427
429
437
442
443
445
446
452
460
463
464
469
470
471
472
478
482
484
485
492
495
499
501
502
504
508
509
515
520
522
524
526
529
531
536
539
547
550
554
556
557
558
559
564
571
572
576
582
583
588
590
593
594
596
601
607
614
618
621
622
624
625
627
631
632
637
648
652
654
656
666
668
672
679
685
688
689
691
692
693
694
695
698
699
700
701
708
709
710
711
712
715
729
732
734
735
740
747
750
753
754
757
758
759
762
766
769
770
773
774
775
776
781
788
790
796
798
799
800
802
803
804
806
808
809
811
812
813
814
820
830
834
836
838
841
842
843
844
845
852
853
855
860
867
869
870
871
872
877
882
885
890
893
899
900
903
907
908
909
911
913
920
924
925
926
927
931
932
936
937
938
941
944
946
949
950
952
957
959
961
962
969
973
977
979
980
981
990
991
994
1001
1003
1004
1005
1006
1008
1013
1014
1015
1016
1020
1021
1022
1023
1025
1027
1028
1029
1031
1032
1040
1043
1045
1051
1052
1054
1056
1058
1063
1070
1073
1074
1075
1077
1078
1079
1080
1084
1086
1087
1089
1090
1091
1092
1093
1096
1097
1098
1103
1109
1110
1111
1116
1124
1128
1133
1138
1139
1140
1144
1148
1151
1152
1158
1161
1166
1175
1180
1186
1189
1190
1193
1194
1197
1205
1207
1209
1210
1213
1218
1219
1223
1225
1227
1231
1234
1235
1237
1240
1249
1250
1252
1255
1258
1260
1261
1262
1263
1266
1270
1272
1274
1279
1284
1287
1289
1290
1294
1296
1303
1307
1309
1317
1321
1324
1326
1327
1334
1335
1338
1340
1343
1344
1349
1361
1371
1375
1376
1379
1380
1388
1390
1395
1398
1400
1404
1405
1406
1407
1408
1417
1421
1422
1424
1432
1434
1435
1437
1445
1446
1449
1451
1455
1457
1458
1460
1461
1465
1466
1469
1471
1472
1475
1478
1479
1481
1484
1486
1488
1495
1497
1503
1507
1509
1515
1516
1517
1519
1520
1527
1529
1531
1533
1537
1545
1546
1547
1559
1564
1570
1575
1578
1579
1580
1581
1585
1587
1589
1590
1591
1594
1595
1596
1599
1600
1602
1603
1606
1608
1613
1615
1623
1625
1632
1638
1641
1644
1646
1649
1650
1651
1652
1653
1655
1663
1667
1669
1672
1678
1679
1681
1682
1686
1688
1691
1693
1694
1697
1698
1699
1704
1709
1710
1712
1717
1721
1723
1726
1728
1729
1732
1733
1736
1737
1741
1743
1746
1749
1753
1755
1756
1757
1759
1760
1762
1767
1770
1773
1779
1782
1783
1784
1787
1788
1796
1801
1803
1804
1805
1816
1817
1821
1823
1826
1830
1832
1834
1835
1843
1844
1845
1850
1852
1854
1864
1865
1867
1868
1870
1871
1873
1882
1889
1894
1899
1903
1907
1909
1911
1914
1917
1924
1929
1932
1936
1938
1946
1947
1952
1953
1954
1957
1958
1961
1964
1966
1967
1968
1970
1972
1976
1980
1985
1988
1990
1995
1997
2000
2001
2002
2013
2014
2016
2018
2019
2022
2023
2026
2032
2035
2037
2039
2044
2059
2060
2063
2067
2074
2076
2077
2078
2081
2084
2087
2088
2089
2095
2100
2101
2102
2104
2105
2109
2118
2119
2123
2124
2129
2131
2132
2134
2135
2140
2142
2143
2152
2153
2160
2161
2165
2167
2170
2172
2173
2176
2180
2183
2187
2188
2191
2193
2194
2196
2201
2214
2215
2218
2222
2223
2228
2232
2234
2235
2236
2238
2243
2246
2247
2249
2251
2253
2258
2260
2261
2264
2267
2269
2270
2271
