1
3
10
12
13
14
17
18
20
22
31
33
36
39
54
58
60
62
64
65
66
75
77
80
83
88
89
90
92
97
98
101
104
106
110
122
125
126
127
131
134
135
136
143
147
162
164
166
168
171
177
178
179
181
182
188
189
190
198
206
208
209
212
213
214
215
216
217
223
228
229
239
242
243
245
247
252
253
257
258
265
267
268
271
280
282
286
287
290
291
296
301
309
313
316
324
327
329
334
335
345
347
356
371
372
377
379
381
382
384
386
387
390
396
398
399
406
408
410
414
420
422
426
427
430
439
443
445
447
449
452
460
461
462
464
466
471
473
474
476
481
496
498
502
511
514
516
517
522
524
534
535
544
553
554
557
560
561
562
563
564
566
570
573
575
576
577
584
585
590
595
598
604
611
615
619
628
632
636
638
640
646
650
652
655
659
662
663
666
667
668
673
680
681
685
686
687
689
707
711
715
719
725
731
732
738
746
747
748
752
756
757
767
769
770
771
774
778
779
793
798
799
801
803
804
807
808
811
814
819
820
822
825
826
827
846
852
854
857
859
863
869
872
876
877
881
894
907
911
913
915
919
925
929
933
934
935
943
945
947
948
963
966
975
977
981
984
988
989
992
995
999
21
29
67
68
91
108
129
144
151
153
158
170
211
238
244
260
263
264
270
303
326
336
338
362
383
415
419
459
469
472
482
490
523
532
550
600
645
656
674
700
741
743
760
763
796
805
830
835
839
842
849
910
952
953
965
987
116
176
186
201
251
293
332
344
349
402
484
499
528
543
559
581
586
587
613
631
647
688
705
714
717
761
766
780
815
821
824
865
896
917
927
996
23
72
78
111
132
194
300
321
333
346
370
413
424
431
571
609
627
720
892
946
954
956
52
141
196
417
436
521
538
621
661
776
871
939
107
150
167
317
395
507
958
38
353
448
478
495
676
218
275
455
930
487
654
660
289
745
845
855
980
44
53
519
634
675
480
488
994
694
159
736
145
904
583
354
537
4
9
26
30
35
37
45
59
63
73
84
85
87
96
112
115
118
120
123
128
146
160
174
183
195
197
203
221
236
262
274
281
297
299
339
342
373
380
388
397
401
403
418
429
433
437
441
446
485
489
518
548
552
568
572
589
593
596
616
617
626
641
643
653
671
672
690
693
706
710
721
740
759
762
765
772
777
785
788
790
800
812
817
834
848
850
879
883
895
909
918
941
962
967
973
983
991
391
152
637
325
363
764
547
782
651
870
622
8
864
467
16
624
875
726
298
623
311
204
202
148
233
494
926
95
505
234
922
682
140
444
156
828
691
540
308
840
24
432
241
974
607
276
259
976
269
124
937
55
27
997
990
903
454
193
191
695
630
130
931
861
605
350
331
272
207
172
19
955
908
901
856
669
555
440
340
137
968
851
831
712
702
670
378
348
173
878
806
599
592
556
527
468
897
882
529
513
497
392
279
155
960
944
916
816
802
737
601
394
230
225
113
70
11
998
932
844
810
794
728
723
709
703
648
542
512
486
483
463
400
310
284
102
100
82
81
48
982
938
921
906
890
838
829
775
729
701
610
520
503
364
305
199
161
157
86
76
50
969
959
950
866
832
789
744
657
644
614
608
580
569
549
510
442
435
434
404
328
283
278
255
246
227
226
219
185
165
154
119
99
93
7
6
2
978
923
912
888
886
880
862
823
758
751
750
749
739
734
730
727
722
696
642
635
603
597
579
565
541
533
526
504
457
451
438
421
375
366
361
358
357
322
318
302
266
261
237
231
224
220
192
121
105
94
56
34
1000
993
986
985
979
972
971
970
964
961
957
951
949
942
940
936
928
924
920
914
905
902
900
899
898
893
891
889
887
885
884
874
873
868
867
860
858
853
847
843
841
837
836
833
818
813
809
797
795
792
791
787
786
784
783
781
773
768
755
754
753
742
735
733
724
718
716
713
708
704
699
698
697
692
684
683
679
678
677
665
664
658
649
639
633
629
625
620
618
612
606
602
594
591
588
582
578
574
567
558
551
546
545
539
536
531
530
525
515
509
508
506
501
500
493
492
491
479
477
475
470
465
458
456
453
450
428
425
423
416
412
411
409
407
405
393
389
385
376
374
369
368
367
365
360
359
355
352
351
343
341
337
330
323
320
319
315
314
312
307
306
304
295
294
292
288
285
277
273
256
254
250
249
248
240
235
232
222
210
205
200
187
184
180
175
169
163
149
142
139
138
133
117
114
109
103
79
74
71
69
61
57
51
49
47
46
43
42
41
40
32
28
25
15
5
