108
163
236
253
287
305
358
360
367
469
537
542
93
307
17
65
95
243
267
329
359
528
541
563
75
100
134
356
445
465
513
26
44
113
302
514
54
265
281
342
405
531
547
555
133
139
153
286
340
11
52
301
350
421
451
24
32
255
299
408
463
483
81
235
330
529
533
553
43
137
223
327
373
443
510
552
40
49
111
190
240
280
487
539
46
306
323
381
78
98
392
440
16
83
106
276
523
546
561
31
60
266
278
399
448
461
1
389
549
48
184
404
4
146
303
337
409
501
37
69
121
284
485
158
365
486
5
91
181
417
339
498
516
112
152
154
424
450
364
380
422
495
508
535
237
394
497
126
384
14
216
435
73
231
277
348
212
371
557
382
262
423
452
13
41
120
141
316
352
402
144
115
175
204
9
22
45
332
496
21
309
325
403
479
94
187
201
222
347
490
318
2
229
314
506
527
167
369
84
178
71
197
297
35
310
395
521
475
562
211
232
447
434
64
335
18
42
468
489
55
85
38
291
377
140
215
270
319
58
560
118
388
480
357
292
494
522
59
132
207
492
123
247
503
162
147
151
116
515
413
326
375
254
446
456
226
217
228
89
396
473
138
425
341
499
556
525
275
317
172
378
68
170
251
321
437
183
205
122
47
169
164
426
543
155
186
99
213
105
372
453
538
540
56
199
194
304
467
482
230
282
366
259
97
414
295
272
511
526
57
28
457
96
128
519
87
397
6
345
500
173
27
512
241
419
376
551
191
313
70
449
548
202
504
180
51
433
246
308
269
363
471
379
214
271
293
196
338
77
101
312
344
7
361
131
142
220
148
505
176
195
466
66
368
558
34
258
415
185
218
346
296
324
386
420
559
391
188
427
166
234
250
200
239
481
12
110
248
168
387
8
156
460
550
334
353
464
103
174
362
383
439
177
472
256
354
268
107
374
225
206
242
416
462
109
279
407
227
534
400
418
454
249
273
509
62
90
119
136
238
398
431
33
102
455
502
23
53
210
428
517
72
157
161
224
315
430
507
406
488
3
39
209
289
390
554
179
484
257
264
524
104
127
198
260
63
165
274
298
300
328
393
493
564
203
331
459
470
25
135
458
476
530
86
124
219
263
410
442
30
125
150
245
285
343
520
545
76
149
189
294
322
518
544
192
288
351
429
536
61
88
114
130
311
336
370
438
171
221
252
333
411
474
478
20
80
117
160
182
401
441
491
79
82
159
385
19
143
349
36
74
244
412
436
92
145
290
320
477
532
10
15
50
67
129
193
208
283
355
29
233
261
432
444
