1
4
5
7
8
13
16
20
21
24
25
27
29
30
34
35
36
39
40
41
42
45
48
51
52
53
57
60
63
66
72
73
79
80
85
88
94
95
96
99
104
108
111
115
118
120
121
124
125
127
131
133
134
135
136
138
141
142
144
145
148
154
164
166
167
169
171
176
177
183
184
187
188
189
190
191
192
195
201
205
206
208
210
211
212
213
215
223
224
225
230
244
245
250
254
255
256
258
259
262
263
265
267
268
269
271
273
274
278
279
280
281
282
287
289
290
295
299
303
304
305
309
310
311
314
315
320
322
324
327
332
335
336
337
338
339
340
342
343
344
346
347
349
354
358
359
360
365
366
368
370
371
374
376
377
378
382
383
387
388
389
391
394
396
398
400
401
402
407
410
412
415
417
422
426
427
432
433
435
440
441
442
445
446
447
448
450
452
454
455
456
458
459
460
462
464
465
468
470
471
472
473
479
480
481
482
487
488
492
493
497
499
500
501
504
505
508
509
510
511
512
518
520
522
523
525
527
528
530
532
534
536
539
543
545
546
551
553
559
561
569
570
571
572
573
575
576
578
582
584
585
589
593
594
611
616
620
621
622
629
630
633
635
636
637
639
640
641
643
644
647
649
653
654
656
659
661
662
666
672
673
676
677
678
681
682
689
690
691
692
695
699
701
703
709
712
714
717
718
719
721
723
727
735
737
740
741
742
745
747
749
750
754
760
761
762
764
767
768
770
771
772
773
774
775
776
785
789
795
796
805
806
809
810
815
818
819
822
823
824
825
829
832
833
836
837
839
841
842
844
846
847
848
850
853
856
857
861
863
866
870
874
878
883
885
888
890
891
895
897
901
902
904
905
909
911
912
916
923
925
926
927
928
931
935
936
937
942
944
946
947
948
950
951
954
955
957
959
960
963
964
968
970
974
975
977
978
979
980
984
985
987
988
990
992
993
1001
1002
1003
1004
1006
1008
1009
1010
1011
1015
1018
1019
1020
1031
1032
1033
1035
1036
1037
1044
1045
1057
1058
1059
1066
1067
1071
1072
1077
1082
1085
1086
1087
1088
1089
1090
1093
1095
1097
1104
1105
1106
1107
1109
1114
1117
1118
1122
1124
1126
1129
1130
1131
1134
1135
1136
1138
1140
1141
1145
1150
1152
1155
1161
1163
1165
1167
1172
1173
1175
1177
1179
1182
1185
1187
1188
1196
1197
1199
1200
1201
1205
1211
1213
1215
1221
1223
1227
1228
1231
1234
1242
1245
1249
1250
1252
1253
1257
1258
1261
1263
1265
1267
1269
1272
1273
1275
1276
1278
1279
1281
1283
1284
1287
1288
1289
1290
1291
1293
1296
1297
1305
1307
1308
1311
1312
1313
1314
1315
1317
1320
1322
1325
1326
1327
1336
1338
1341
1345
1352
1353
1355
1356
1358
1363
1366
1368
1371
1374
1375
1383
1385
1387
1389
1394
1395
1397
1399
1401
1406
1410
1411
1412
1413
1417
1421
1426
1427
1432
1434
1435
1437
1438
1439
1440
1444
1447
1449
1451
1452
1453
1457
1459
1461
1466
1467
1468
1470
1473
1474
1475
1477
1478
1482
1485
1488
1491
1503
1507
1509
1510
1512
1513
1519
1520
1525
1528
1530
1537
1544
1547
1548
1550
1551
1553
1556
1561
1564
1567
1572
1573
1574
1575
1577
1579
1581
1582
1585
1586
1589
1590
1595
1597
1598
1599
1605
1609
1610
1613
1619
1622
1624
1630
1631
1633
1635
1639
1643
1646
1650
1651
1652
1653
1654
1656
1658
1660
1661
1663
1668
1670
1671
1672
1673
1676
1677
1678
1683
1684
1685
1688
1695
1697
1699
1702
1703
1705
1706
1709
1713
1714
1717
1720
1722
1723
1724
1728
1729
1732
1735
1737
1738
1739
1742
1747
1748
1749
1753
1754
1758
1759
1762
1765
1767
1768
1769
1771
1772
1774
1775
1780
1782
1783
1788
1794
1799
1802
1804
1805
1807
1811
1813
1814
1817
1822
1827
1831
1834
1837
1838
1842
1843
1844
1847
1848
1851
1852
1853
1857
1858
1862
1863
1865
1866
1872
1873
1874
1875
1877
1878
1879
1880
1884
1886
1887
1889
1890
1892
1893
1894
1896
1897
1898
1902
1903
1904
1907
1909
1910
1914
1919
1920
1923
1927
1929
1930
1933
1935
1936
1937
1938
1939
1941
1942
1944
1946
1949
1950
1951
1954
1956
1958
1959
1960
1961
1962
1963
1965
1966
1967
1969
1972
1974
1977
1981
1983
1984
1985
1987
1990
1992
1994
2000
2001
2003
2004
2007
2008
2011
2015
2017
2022
2024
2025
2029
2031
2034
2035
2038
2039
2041
2042
2043
2044
2046
2047
2049
2050
2055
2056
2057
2062
2066
2067
2068
2069
2070
2074
2075
2076
2078
2082
2086
2088
2094
2098
2101
2103
2109
2119
2122
2124
2131
2132
2135
2136
2137
2140
2142
2148
2151
2158
2160
2161
2163
2166
2167
2171
2175
2176
2179
2181
2187
2193
2194
2195
2197
2199
2201
2202
2203
2204
2207
2213
2216
2217
2218
2220
2222
2223
2227
2230
2232
2236
2237
2238
2241
2243
2246
2248
2250
2251
2257
2260
2263
2266
2267
2268
2270
2274
2276
2277
2283
2289
2291
2295
2297
2298
2300
2301
2306
2307
2308
2309
2311
2313
2315
2316
2317
2318
2320
2322
2324
2331
2333
2335
2339
2341
2342
2343
2344
2345
2346
2347
2353
2354
2357
2358
2361
2362
2364
2365
2367
2368
2371
2372
2384
2386
2388
2390
2391
2394
2395
2400
2403
2406
2407
2410
2415
2422
2436
2440
2441
2443
2445
2452
2453
2454
2456
2457
2458
2459
2463
2464
2465
2467
2468
2470
2471
2472
2474
2479
2480
2489
2490
2492
2493
2495
2501
2503
2504
2511
2513
2520
2521
2533
2534
2536
2538
2542
2548
2550
2555
2556
2562
2565
2570
2572
2573
2578
2579
2580
2581
2585
2586
2591
2592
2596
2598
2600
2601
2602
2603
2604
2605
2609
2611
2612
2618
2621
2622
2623
2625
2628
2632
2634
2637
2638
2640
2642
2643
2645
2647
2648
2650
2651
2652
2655
2659
2666
2667
2668
2669
2671
2674
2676
2682
2684
2685
2688
2697
2698
2700
2701
2703
2704
2705
2710
2711
2713
2721
2722
2723
2724
2726
2727
2729
2732
2736
2737
2741
2742
2746
2751
2753
2760
2763
2766
2774
2780
2784
2787
2790
2792
2795
2796
2799
2801
2802
2803
2808
2809
2810
2811
2822
2823
2828
2829
2831
2842
2846
2847
2848
2850
2856
2857
2861
2862
2863
2865
2879
2880
2881
2883
2884
2893
2894
2897
2898
2899
2900
2901
2902
2905
2906
2908
2910
2912
2913
2916
2919
2924
2926
2927
2929
2932
2934
2935
2936
2937
2940
2942
2945
2946
2948
2950
2951
2952
2954
2957
2958
2961
2962
2968
2970
2975
2978
2981
2983
2984
2985
2991
2992
2995
2996
2997
2998
3003
3005
3006
3007
3011
3013
3015
3016
3017
3018
3021
3022
3025
3026
3028
3029
3031
3034
3036
3038
3042
3044
3046
3051
3053
3054
3055
3056
3057
3058
3059
3066
3068
3072
3079
3085
3087
3089
3090
3091
3095
3097
3100
3105
3107
3108
3109
3110
3113
3114
3121
3124
3128
3129
3130
3131
3133
3134
3137
3138
3141
3142
3147
3148
3151
3152
3153
3155
3158
3161
3166
3168
3169
3171
3177
3178
3179
3180
3185
3189
3192
3193
3197
3198
3199
3201
3202
3203
3205
3206
3207
3209
3212
3213
3214
3215
3216
3217
3219
3223
3224
3225
3227
3228
3229
3230
3231
3235
3250
3255
3256
3259
3267
3268
3271
3272
3277
3278
3280
3281
3285
3286
3287
3288
3291
3295
3298
3299
3300
3302
3311
3318
3319
3320
3321
3322
3323
3325
3326
3328
3330
3331
3337
3339
3342
3344
3348
3349
3350
3352
3353
3356
3357
3358
3361
3362
3364
3367
3369
3374
3377
3378
3385
3390
3392
3394
3395
3400
3401
3404
3405
3406
3408
3410
3415
3417
3420
3421
3423
3427
3428
3434
3437
3439
3441
3445
3446
3449
3450
3453
3454
3455
3457
3460
3461
3464
11
12
59
100
139
207
228
243
251
323
341
485
503
587
713
729
851
860
864
882
884
973
1046
1048
1053
1054
1154
1190
1212
1219
1237
1238
1316
1340
1351
1460
1487
1515
1523
1588
1734
1743
1751
1761
1770
1806
1809
1826
1856
1860
1912
1986
1988
2096
2112
2157
2278
2281
2370
2379
2412
2437
2438
2460
2544
2552
2567
2635
2686
2728
2830
2834
2891
2896
2953
2974
3074
3078
3140
3159
3290
3304
3336
91
2363
2923
19
23
38
55
61
69
92
98
105
107
113
143
159
163
180
182
193
196
217
222
227
229
231
234
236
238
257
260
277
285
294
296
298
306
308
316
317
318
321
325
329
348
350
353
355
357
369
375
390
397
404
413
425
428
449
457
466
475
486
490
506
507
514
529
531
537
538
542
544
547
552
554
557
565
566
579
583
590
602
607
617
623
624
631
634
642
645
648
657
660
667
669
674
675
679
685
686
688
698
704
705
724
728
730
731
732
734
736
755
756
759
763
766
782
792
793
800
816
820
834
855
859
862
868
876
877
886
887
908
915
922
929
933
940
941
956
958
962
965
972
994
1007
1021
1023
1029
1034
1040
1043
1047
1050
1061
1073
1074
1076
1079
1092
1094
1099
1102
1112
1119
1132
1139
1143
1149
1156
1169
1171
1178
1181
1195
1203
1210
1220
1224
1225
1240
1241
1248
1254
1282
1292
1295
1300
1304
1306
1309
1319
1329
1330
1342
1346
1357
1359
1373
1378
1380
1386
1391
1396
1403
1408
1414
1418
1420
1429
1441
1443
1445
1446
1455
1456
1469
1471
1472
1479
1481
1484
1486
1492
1494
1495
1500
1505
1511
1516
1531
1541
1543
1546
1555
1557
1592
1593
1594
1596
1602
1606
1607
1618
1621
1623
1634
1636
1638
1645
1655
1664
1665
1667
1675
1679
1682
1689
1692
1700
1704
1715
1718
1731
1744
1746
1755
1760
1777
1779
1800
1803
1808
1810
1812
1820
1821
1825
1832
1835
1845
1868
1871
1882
1888
1901
1906
1915
1917
1922
1926
1948
1979
1980
1989
1991
1997
1998
2005
2009
2010
2014
2016
2027
2028
2048
2090
2091
2095
2097
2115
2117
2121
2126
2128
2130
2134
2146
2153
2154
2165
2168
2169
2174
2177
2192
2200
2206
2209
2214
2219
2221
2226
2229
2231
2233
2234
2239
2255
2259
2262
2269
2275
2279
2286
2292
2321
2326
2337
2348
2349
2350
2351
2375
2381
2396
2404
2408
2417
2419
2423
2430
2433
2444
2446
2450
2482
2485
2488
2498
2509
2515
2528
2529
2535
2540
2546
2549
2551
2554
2559
2560
2561
2563
2566
2569
2571
2575
2576
2584
2590
2594
2624
2627
2636
2644
2646
2656
2661
2662
2670
2672
2678
2681
2687
2694
2695
2707
2718
2720
2730
2735
2740
2756
2762
2775
2779
2782
2793
2806
2825
2833
2841
2843
2858
2867
2869
2873
2874
2875
2877
2878
2887
2892
2907
2911
2931
2944
2949
2960
2966
2967
2971
2972
2973
2979
2982
2999
3000
3024
3032
3035
3048
3049
3050
3061
3070
3076
3077
3081
3082
3086
3088
3092
3112
3116
3122
3139
3144
3149
3154
3162
3165
3170
3174
3200
3208
3211
3236
3237
3240
3251
3253
3254
3258
3260
3262
3273
3279
3282
3294
3297
3307
3312
3316
3327
3334
3345
3351
3355
3360
3370
3379
3382
3383
3386
3397
3402
3419
3426
3431
3433
3458
3462
1506
3065
28
31
68
86
165
194
204
216
328
333
356
380
444
478
574
596
601
664
697
715
777
852
997
1000
1101
1123
1191
1277
1323
1367
1382
1393
1538
1554
1571
1648
1698
1999
2002
2077
2084
2149
2156
2191
2284
2439
2478
2568
2588
2607
2690
2733
2816
2859
3126
3167
3182
3226
3412
2
3
6
9
10
14
15
17
18
22
26
32
33
37
43
44
46
47
49
50
54
56
58
62
64
65
67
70
71
74
75
76
77
78
81
82
83
84
87
89
90
93
97
101
102
103
106
109
110
112
114
116
117
119
122
123
126
128
129
130
132
137
140
146
147
149
150
151
152
153
155
156
157
158
160
161
162
168
170
172
173
174
175
178
179
181
185
186
197
198
199
200
202
203
209
214
218
219
220
221
226
232
233
235
237
239
240
241
242
246
247
248
249
252
253
261
264
266
270
272
275
276
283
284
286
288
291
292
293
297
300
301
302
307
312
313
319
326
330
331
334
345
351
352
361
362
363
364
367
372
373
379
381
384
385
386
392
393
395
399
403
405
406
408
409
411
414
416
418
419
420
421
423
424
429
430
431
434
436
437
438
439
443
451
453
461
463
467
469
474
476
477
483
484
489
491
494
495
496
498
502
513
515
516
517
519
521
524
526
533
535
540
541
548
549
550
555
556
558
560
562
563
564
567
568
577
580
581
586
588
591
592
595
597
598
599
600
603
604
605
606
608
609
610
612
613
614
615
618
619
625
626
627
628
632
638
646
650
651
652
655
658
663
665
668
670
671
680
683
684
687
693
694
696
700
702
706
707
708
710
711
716
720
722
725
726
733
738
739
743
744
746
748
751
752
753
757
758
765
769
778
779
780
781
783
784
786
787
788
790
791
794
797
798
799
801
802
803
804
807
808
811
812
813
814
817
821
826
827
828
830
831
835
838
840
843
845
849
854
858
865
867
869
871
872
873
875
879
880
881
889
892
893
894
896
898
899
900
903
906
907
910
913
914
917
918
919
920
921
924
930
932
934
938
939
943
945
949
952
953
961
966
967
969
971
976
981
982
983
986
989
991
995
996
998
999
1005
1012
1013
1014
1016
1017
1022
1024
1025
1026
1027
1028
1030
1038
1039
1041
1042
1049
1051
1052
1055
1056
1060
1062
1063
1064
1065
1068
1069
1070
1075
1078
1080
1081
1083
1084
1091
1096
1098
1100
1103
1108
1110
1111
1113
1115
1116
1120
1121
1125
1127
1128
1133
1137
1142
1144
1146
1147
1148
1151
1153
1157
1158
1159
1160
1162
1164
1166
1168
1170
1174
1176
1180
1183
1184
1186
1189
1192
1193
1194
1198
1202
1204
1206
1207
1208
1209
1214
1216
1217
1218
1222
1226
1229
1230
1232
1233
1235
1236
1239
1243
1244
1246
1247
1251
1255
1256
1259
1260
1262
1264
1266
1268
1270
1271
1274
1280
1285
1286
1294
1298
1299
1301
1302
1303
1310
1318
1321
1324
1328
1331
1332
1333
1334
1335
1337
1339
1343
1344
1347
1348
1349
1350
1354
1360
1361
1362
1364
1365
1369
1370
1372
1376
1377
1379
1381
1384
1388
1390
1392
1398
1400
1402
1404
1405
1407
1409
1415
1416
1419
1422
1423
1424
1425
1428
1430
1431
1433
1436
1442
1448
1450
1454
1458
1462
1463
1464
1465
1476
1480
1483
1489
1490
1493
1496
1497
1498
1499
1501
1502
1504
1508
1514
1517
1518
1521
1522
1524
1526
1527
1529
1532
1533
1534
1535
1536
1539
1540
1542
1545
1549
1552
1558
1559
1560
1562
1563
1565
1566
1568
1569
1570
1576
1578
1580
1583
1584
1587
1591
1600
1601
1603
1604
1608
1611
1612
1614
1615
1616
1617
1620
1625
1626
1627
1628
1629
1632
1637
1640
1641
1642
1644
1647
1649
1657
1659
1662
1666
1669
1674
1680
1681
1686
1687
1690
1691
1693
1694
1696
1701
1707
1708
1710
1711
1712
1716
1719
1721
1725
1726
1727
1730
1733
1736
1740
1741
1745
1750
1752
1756
1757
1763
1764
1766
1773
1776
1778
1781
1784
1785
1786
1787
1789
1790
1791
1792
1793
1795
1796
1797
1798
1801
1815
1816
1818
1819
1823
1824
1828
1829
1830
1833
1836
1839
1840
1841
1846
1849
1850
1854
1855
1859
1861
1864
1867
1869
1870
1876
1881
1883
1885
1891
1895
1899
1900
1905
1908
1911
1913
1916
1918
1921
1924
1925
1928
1931
1932
1934
1940
1943
1945
1947
1952
1953
1955
1957
1964
1968
1970
1971
1973
1975
1976
1978
1982
1993
1995
1996
2006
2012
2013
2018
2019
2020
2021
2023
2026
2030
2032
2033
2036
2037
2040
2045
2051
2052
2053
2054
2058
2059
2060
2061
2063
2064
2065
2071
2072
2073
2079
2080
2081
2083
2085
2087
2089
2092
2093
2099
2100
2102
2104
2105
2106
2107
2108
2110
2111
2113
2114
2116
2118
2120
2123
2125
2127
2129
2133
2138
2139
2141
2143
2144
2145
2147
2150
2152
2155
2159
2162
2164
2170
2172
2173
2178
2180
2182
2183
2184
2185
2186
2188
2189
2190
2196
2198
2205
2208
2210
2211
2212
2215
2224
2225
2228
2235
2240
2242
2244
2245
2247
2249
2252
2253
2254
2256
2258
2261
2264
2265
2271
2272
2273
2280
2282
2285
2287
2288
2290
2293
2294
2296
2299
2302
2303
2304
2305
2310
2312
2314
2319
2323
2325
2327
2328
2329
2330
2332
2334
2336
2338
2340
2352
2355
2356
2359
2360
2366
2369
2373
2374
2376
2377
2378
2380
2382
2383
2385
2387
2389
2392
2393
2397
2398
2399
2401
2402
2405
2409
2411
2413
2414
2416
2418
2420
2421
2424
2425
2426
2427
2428
2429
2431
2432
2434
2435
2442
2447
2448
2449
2451
2455
2461
2462
2466
2469
2473
2475
2476
2477
2481
2483
2484
2486
2487
2491
2494
2496
2497
2499
2500
2502
2505
2506
2507
2508
2510
2512
2514
2516
2517
2518
2519
2522
2523
2524
2525
2526
2527
2530
2531
2532
2537
2539
2541
2543
2545
2547
2553
2557
2558
2564
2574
2577
2582
2583
2587
2589
2593
2595
2597
2599
2606
2608
2610
2613
2614
2615
2616
2617
2619
2620
2626
2629
2630
2631
2633
2639
2641
2649
2653
2654
2657
2658
2660
2663
2664
2665
2673
2675
2677
2679
2680
2683
2689
2691
2692
2693
2696
2699
2702
2706
2708
2709
2712
2714
2715
2716
2717
2719
2725
2731
2734
2738
2739
2743
2744
2745
2747
2748
2749
2750
2752
2754
2755
2757
2758
2759
2761
2764
2765
2767
2768
2769
2770
2771
2772
2773
2776
2777
2778
2781
2783
2785
2786
2788
2789
2791
2794
2797
2798
2800
2804
2805
2807
2812
2813
2814
2815
2817
2818
2819
2820
2821
2824
2826
2827
2832
2835
2836
2837
2838
2839
2840
2844
2845
2849
2851
2852
2853
2854
2855
2860
2864
2866
2868
2870
2871
2872
2876
2882
2885
2886
2888
2889
2890
2895
2903
2904
2909
2914
2915
2917
2918
2920
2921
2922
2925
2928
2930
2933
2938
2939
2941
2943
2947
2955
2956
2959
2963
2964
2965
2969
2976
2977
2980
2986
2987
2988
2989
2990
2993
2994
3001
3002
3004
3008
3009
3010
3012
3014
3019
3020
3023
3027
3030
3033
3037
3039
3040
3041
3043
3045
3047
3052
3060
3062
3063
3064
3067
3069
3071
3073
3075
3080
3083
3084
3093
3094
3096
3098
3099
3101
3102
3103
3104
3106
3111
3115
3117
3118
3119
3120
3123
3125
3127
3132
3135
3136
3143
3145
3146
3150
3156
3157
3160
3163
3164
3172
3173
3175
3176
3181
3183
3184
3186
3187
3188
3190
3191
3194
3195
3196
3204
3210
3218
3220
3221
3222
3232
3233
3234
3238
3239
3241
3242
3243
3244
3245
3246
3247
3248
3249
3252
3257
3261
3263
3264
3265
3266
3269
3270
3274
3275
3276
3283
3284
3289
3292
3293
3296
3301
3303
3305
3306
3308
3309
3310
3313
3314
3315
3317
3324
3329
3332
3333
3335
3338
3340
3341
3343
3346
3347
3354
3359
3363
3365
3366
3368
3371
3372
3373
3375
3376
3380
3381
3384
3387
3388
3389
3391
3393
3396
3398
3399
3403
3407
3409
3411
3413
3414
3416
3418
3422
3424
3425
3429
3430
3432
3435
3436
3438
3440
3442
3443
3444
3447
3448
3451
3452
3456
3459
3463
3465
