1
2
4
5
6
7
11
14
17
18
19
20
22
26
27
31
32
35
36
37
38
39
40
41
46
48
50
53
55
59
61
63
64
65
69
71
72
76
78
79
82
83
84
85
89
91
97
98
99
101
103
107
108
109
110
111
114
115
116
117
120
121
122
123
124
126
128
131
133
134
135
136
137
138
141
150
154
158
160
164
165
166
170
174
175
176
180
182
186
187
190
191
193
199
203
205
206
207
209
213
214
215
216
220
222
223
226
227
228
230
232
233
234
235
237
239
241
244
247
250
252
255
256
257
258
260
263
264
266
267
271
273
274
281
284
286
288
289
293
294
296
299
300
301
302
304
306
307
308
309
310
311
313
314
317
320
321
322
323
324
327
334
335
336
337
339
341
342
344
346
349
353
354
355
357
358
362
363
364
365
366
370
372
373
375
376
378
379
380
381
382
383
384
386
387
394
397
398
400
402
403
405
412
413
416
420
422
428
435
436
442
443
445
446
448
449
451
452
453
455
458
460
461
464
465
467
468
469
470
475
477
478
479
481
483
484
490
495
499
500
501
504
505
506
507
508
513
515
518
520
525
529
531
532
534
535
536
537
538
539
540
542
543
545
546
553
554
555
556
561
562
563
565
566
569
571
579
581
583
584
585
587
590
594
595
598
599
605
606
607
608
609
611
613
614
617
621
622
623
627
629
630
631
632
635
640
643
644
645
648
649
652
653
654
655
657
663
664
670
671
673
674
676
677
679
680
682
687
688
690
694
697
699
700
703
705
708
713
715
716
719
723
724
726
727
729
739
740
742
745
748
752
753
754
756
757
761
763
765
766
767
768
771
772
774
776
777
778
782
783
784
785
786
788
790
792
793
794
795
796
797
800
801
804
805
808
811
813
814
816
817
818
821
822
824
825
828
829
830
836
840
842
844
845
847
848
850
851
853
858
859
861
862
863
864
866
867
868
869
870
872
875
876
877
878
879
880
881
882
883
885
886
892
894
895
897
899
900
901
902
903
905
906
907
910
911
912
920
921
923
924
925
926
927
928
931
934
936
938
944
945
951
953
955
956
958
959
960
963
964
965
966
967
968
970
972
973
975
976
977
983
984
985
986
987
989
994
995
997
1007
1009
1010
1011
1013
1017
1018
1019
1021
1022
1024
1025
1028
1029
1030
1032
1033
1035
1036
1037
1038
1039
1040
1041
1047
1048
1050
1051
1054
1057
1058
1060
1061
1062
1064
1068
1070
1071
1072
1073
1074
1075
1078
1080
1081
1083
1085
1088
1089
1093
1094
1096
1097
1099
1100
1101
1102
1103
1104
1105
1107
1109
1110
1112
1113
1115
1118
1121
1125
1126
1127
1131
1133
1135
1140
1142
1144
1145
1150
1151
1152
1154
1156
1158
1160
1161
1165
1166
1171
1172
1173
1175
1181
1184
1190
1191
1192
1193
1201
1204
1207
1208
1209
1210
1214
1215
1217
1218
1219
1225
1228
1229
1230
1233
1235
1238
1239
1240
1243
1244
1246
1250
1253
1254
1257
1260
1263
1264
1266
1267
1275
1276
1277
1278
1279
1280
1282
1284
1285
1286
1287
1289
1290
1294
1299
1301
1302
1303
1305
1306
1308
1309
1310
1312
1313
1316
1318
1320
1321
1323
1324
1325
1326
1327
1328
1330
1332
1336
1337
1338
1340
1348
1349
1350
1351
1353
1354
1355
1356
1357
1358
1360
1362
1364
1369
1371
1372
1375
1376
1379
1380
1382
1383
1384
1392
1394
1398
1403
1404
1408
1410
1417
1418
1420
1421
1423
1425
1428
1431
1433
1436
1437
1439
1440
1444
1447
1448
1449
1452
1453
1455
1459
1460
1464
1469
1471
1472
1475
1476
1484
1490
1492
1494
1495
1496
1497
1498
1499
1500
1503
1507
1508
1509
1510
1516
1518
1519
1522
1524
1525
1526
1529
1531
1532
1534
1535
1536
1538
1540
1542
1544
1545
1546
1547
1550
1552
1553
1556
1559
1563
1564
1567
1569
1570
1574
1577
1580
1581
1582
1583
1585
1586
1592
1595
1596
1599
1605
1608
1612
1613
1614
1617
1619
1621
1622
1624
1626
1627
1628
1630
1631
1634
1639
1640
1641
1642
1643
1645
1646
1647
1650
1651
1654
1658
1659
1661
1662
1664
1665
1666
1667
1670
1672
1673
1674
1677
1679
1680
1681
1682
1687
1688
1689
1691
1692
1693
1699
1700
1702
1707
1708
1709
1710
1712
1714
1715
1716
1717
1719
1722
1724
1725
1728
1729
1731
1732
1740
1741
1744
1746
1748
1752
1753
1758
1759
1761
1763
1764
1765
1766
1767
1768
1770
1771
1774
1775
1776
1779
1781
1782
1783
1786
1792
1793
1794
1795
1797
1798
1800
1802
1803
1805
1806
1807
1808
1810
1811
1812
1815
1816
1820
1821
1823
1826
1827
1828
1830
1832
1840
1842
1843
1844
1853
1855
1856
1857
1859
1860
1861
1865
1868
1869
1870
1875
1876
1879
1882
1885
1887
1888
1889
1897
1903
1904
1905
1906
1908
1911
1912
1913
1916
1918
1920
1921
1923
1925
1926
1929
1931
1935
1939
1940
1942
1945
1947
1949
1954
1955
1956
1959
1961
1963
1965
1969
1971
1974
1976
1977
1978
1979
1980
1982
1983
1984
1985
1987
1988
1993
1994
1995
1996
1998
2002
2004
2005
2008
2011
2013
2019
2021
2022
2026
2030
2032
2034
2035
2040
2041
2044
2047
2048
2049
2051
2052
2053
2055
2056
2062
2063
2065
2067
2069
2072
2074
2076
2079
2082
2087
2089
2092
2095
2096
2097
2100
2101
2102
2103
2104
2105
2106
2107
2108
2109
2113
2114
2115
2116
2118
2119
2120
2121
2122
2123
2125
2128
2131
2133
2135
2136
2137
2138
2142
2147
2149
2150
2154
2155
2156
2158
2160
2161
2162
2165
2167
2171
2175
2177
2180
2181
2183
2184
2185
2186
2187
2190
2195
2198
2199
2200
2202
2206
2207
2210
2212
2213
2214
2215
2216
2217
2219
2220
2221
2223
2225
2226
2228
2229
2230
2236
2237
2239
2242
2243
2244
2245
2246
2247
2249
2250
2251
2255
2257
2258
2261
2265
2267
2268
2269
2270
2272
2273
2275
2276
2279
2280
2282
2285
2286
2287
2293
2294
2295
2298
2299
2300
2301
2304
2305
2306
2311
2313
2317
2318
2320
2322
2323
2324
2325
2330
2333
2334
2336
2338
2339
2341
2345
2346
2347
2352
2355
2356
2357
2358
2360
2361
2362
2369
2371
2372
2373
2375
2378
2380
2381
2384
2392
2393
2394
2395
2397
2398
2402
2404
2405
2409
2410
2411
2412
2413
2414
2415
2416
2419
2420
2421
2424
2426
2427
2429
2431
2435
2437
2439
2444
2446
2447
2448
2449
2450
2456
2457
2458
2460
2462
2464
2470
2471
2478
2480
2486
2489
2490
2491
2495
2498
2499
2500
2501
2502
2504
2506
2508
2509
2510
2511
2514
2515
2519
2520
2522
2525
2529
2530
2531
2537
2538
2539
2540
2542
2543
2544
2546
2548
2549
2551
2553
2555
2557
2561
2562
2565
2567
2568
2569
2572
2576
2580
2581
2582
2583
2584
2587
2589
2590
2591
2593
2598
2599
2602
2603
2604
2605
2608
2609
2610
2614
2616
2618
2620
2623
2624
2626
2627
2629
2632
2635
2637
2640
2643
2644
2646
2648
2651
2653
2654
2655
2657
2659
2661
2662
2664
2665
2666
2670
2672
2673
2674
2676
2678
2679
2681
2682
2688
2689
2690
2692
2696
2698
2702
2703
2704
2705
2706
2707
2712
2714
2715
2718
2726
2727
2732
2733
2738
2739
2740
2741
2742
2743
2744
2745
2748
2749
2753
2755
2756
2757
2759
2761
2764
2765
2766
2768
2769
2770
2771
2773
2774
2776
2783
2789
2790
2793
2794
2796
2797
2798
2801
2802
2804
2806
2808
2809
2810
2812
2813
2815
2816
2818
2820
2821
2822
2827
2829
2830
2832
2836
2839
2840
2842
2846
2848
2851
2853
2854
2856
2857
2863
2864
2865
2867
2868
2869
2870
2874
2875
2876
2878
2879
2880
2881
2882
2885
2888
2890
2891
2894
2899
2905
2911
2912
2913
2914
2916
2919
2920
2921
2922
2923
2925
2926
2927
2931
2935
2939
2941
2942
2944
2945
2946
2947
2950
2951
2953
2955
2959
2960
2967
2968
2971
2973
2974
2975
2978
2980
2981
2983
2987
2988
2991
2992
2994
2997
2999
3000
3010
3013
3014
3015
3019
3020
3024
3025
3026
3027
3030
3031
3033
3034
3035
3036
3037
3038
3040
3043
3044
3046
3047
3048
3049
3050
3051
3053
3055
3056
3058
3062
3070
3072
3073
3075
3076
3078
3081
3082
3083
3084
3086
3087
3088
3089
3095
3100
3101
3102
3103
3105
3106
3108
3109
3110
3111
3112
3114
3118
3122
3124
3125
3133
3134
3135
3136
3138
3140
3141
3142
3143
3145
3146
3147
3149
3150
3151
3152
3154
3155
3157
3160
3161
3164
3165
3169
3173
3175
3177
3178
3179
3182
3183
3184
3186
3187
3189
3190
3191
3192
3194
3195
3196
3197
3200
3201
3202
3203
3207
3209
3211
3212
3213
3216
3220
3221
3223
3224
3228
3229
3230
3232
3233
3234
3238
3240
3241
3242
3245
3247
3248
3249
3251
3252
3253
3254
3256
3257
3259
3261
3262
3263
3265
3266
3269
3270
3273
3274
3276
3277
3278
3280
3287
3289
3290
3292
3293
3294
3295
3297
3299
3302
3308
3309
3310
3312
3314
3315
3319
3322
3324
3325
3328
3329
3330
3333
3334
3336
3340
3343
3344
3346
3347
3348
3351
3353
3354
3355
3356
3359
3360
3362
3363
3364
3366
3367
3368
3370
3371
3372
3375
3376
3378
3380
3384
3386
3389
3392
3395
3400
3401
3402
3405
3406
3407
3411
3412
3413
3416
3419
3420
3423
3424
3425
3426
3427
3428
3430
3431
3437
3439
3441
3449
3452
3453
3456
3457
3458
3461
3464
3466
3469
3470
3472
3473
3474
3477
3482
3483
3484
3486
3488
3494
3496
3498
3500
3501
3503
3506
3510
3513
3516
3517
3519
3520
3531
3532
3533
3535
3536
3539
3540
3544
3545
3547
3549
3551
3553
3554
3556
3557
3558
3563
3565
3566
3568
3569
3571
3572
3573
3574
3576
3577
3578
3580
3581
3585
3588
3590
3591
3593
3595
3596
3597
3598
3600
3605
3612
3613
3614
3616
3617
3619
3623
3624
3626
3627
3629
3631
3633
3635
3637
3640
3643
3644
3645
3647
3648
3649
3653
3654
3656
3658
3662
3663
3664
3667
3668
3670
3677
3681
3682
3683
3684
3685
3690
3691
3693
3694
3695
3697
3699
3702
3704
3706
3707
3709
3710
3711
3715
3719
3720
3721
3722
3725
3726
3727
3728
3731
3732
3733
3734
3735
3741
3743
3750
3752
3753
3754
3756
3757
3758
3760
3762
3768
3772
3773
3775
3776
3778
3782
3783
3786
3787
3790
3794
3797
3799
3800
3802
3803
3808
3811
3812
3813
3814
3815
3816
3817
3820
3821
3823
3825
3827
3828
3829
3831
3840
3844
3849
3851
3853
3854
3855
3856
3858
3860
3863
3864
3865
3866
3872
3874
3875
3877
3883
3885
3886
3887
3891
3892
3894
3897
3901
3906
3907
3910
3911
3912
3913
3914
3915
3918
3921
3923
3926
3928
3929
3931
3932
3936
3937
3939
3943
3945
3947
3950
3954
3955
3956
3957
3958
3959
3960
3962
3965
3967
3968
3971
3972
3974
3977
3979
3981
3983
3984
3985
3986
3989
3990
3991
3993
3998
3999
4000
4002
4004
4005
4007
4008
4013
4014
4015
4017
4018
4021
4022
4025
4027
4030
4031
4032
4035
4038
4039
4042
4043
4044
4045
4046
4048
4049
4050
4053
4056
4057
4058
4059
4061
4062
4064
4068
4069
4070
4072
4075
4078
4080
4084
4087
4088
4089
4092
4098
4099
4100
4101
4102
4103
4104
4105
4106
4110
4112
4113
4115
4116
4117
4122
4124
4125
4126
4127
4128
4133
4135
4137
4138
4139
4141
4142
4145
4149
4162
4163
4165
4166
4169
4173
4177
4179
4181
4184
4186
4188
4189
4190
4191
4192
4193
4194
4197
4198
4199
4201
4205
4208
4211
4212
4214
4217
4219
4222
4225
4226
4229
4232
4234
4237
4240
4242
4244
4245
4246
4247
4250
4251
4252
4253
4254
4256
4257
4262
4263
4264
4267
4270
4271
4272
4277
4286
4290
4295
4296
4297
4299
4303
4305
4306
4308
4309
4311
4315
4316
4317
4318
4320
4324
4327
4329
4330
4331
4332
4333
4334
4336
4339
4340
4341
4343
4344
4346
4347
4348
4350
4351
4356
4357
4359
4361
4362
4363
4367
4369
4371
4373
4375
4376
4377
4383
4385
4386
4390
4393
4395
4396
4399
4400
4401
4402
4403
4405
4410
4411
4412
4414
4415
4416
4417
4418
4419
4421
4422
4423
4426
4427
4428
4429
4430
4431
4432
4435
4436
4438
4439
4440
4442
4443
4445
4446
4449
4451
4454
4458
4459
4464
4465
4466
4468
4471
4472
4473
4474
4477
4480
4481
4484
4486
4487
4490
4494
4496
4497
4498
4499
4501
4502
4505
4507
4508
4509
4513
4515
4516
4517
4519
4520
4523
4524
4525
4527
4528
4530
4531
4535
4538
4541
4542
4543
4544
4545
4547
4548
4550
4551
4553
4554
4555
4557
4558
4560
4561
4562
4564
4568
4569
4570
4571
4578
4581
4587
4589
4590
4592
4593
4595
4596
4598
4602
4606
4608
4609
4610
4611
4612
4613
4619
4620
4621
4622
4623
4625
4626
4628
4630
4631
4632
4634
4637
4638
4640
4644
4645
4646
4650
4651
4654
4659
4662
4664
4668
4669
4672
4677
4680
4681
4682
4683
4685
4690
4692
4694
4696
4698
4700
4703
4704
4706
4709
4715
4716
4721
4723
4724
4728
4729
4731
4733
4735
4738
4741
4745
4748
4749
4751
4754
4755
4756
4759
4760
4761
4762
4766
4767
4769
4770
4773
4774
4779
4780
4781
4782
4786
4788
4790
4794
4800
4801
4802
4804
4805
4806
4807
4808
4809
4810
4811
4812
4813
4818
4821
4822
4823
4824
4826
4828
4829
4830
4833
4834
4839
4840
4841
4842
4843
4844
4847
4848
4849
4850
4852
4853
4854
4855
4857
4858
4859
4862
4865
4866
4872
4873
4874
4875
4877
4879
4882
4885
4887
4889
4890
4894
4896
4897
4900
4902
4906
4907
4908
4910
4911
4912
4916
4919
4921
4922
4924
4925
4926
4928
4929
4931
4933
4935
4936
4939
4940
4943
4951
4957
4961
4962
4967
4969
4971
4972
4973
4974
4976
4983
4985
4987
4991
4992
4998
4999
5000
5005
5006
5007
5010
5012
5014
5015
5016
5017
5018
5021
5022
5023
5024
5025
5026
5029
5030
5033
5036
5039
5043
5044
5047
5048
5051
5052
5053
5055
5056
5058
5060
5062
5063
5067
5069
5072
5076
5078
5079
5081
5082
5084
5090
5091
5092
5096
5097
5098
5099
5101
5103
5104
5105
5106
5110
5111
5113
5114
5115
5116
5117
5120
5122
5124
5126
5130
5133
5136
5139
5141
5142
5144
5145
5146
5148
5149
5150
5151
5152
5153
5157
5158
5160
5163
5164
5165
5166
5170
5173
5178
5180
5181
5182
5184
5187
5189
5190
5191
5192
5193
5198
5200
5201
5202
5205
5206
5207
5208
5211
5212
5213
5214
5218
5220
5222
5224
5226
5227
5228
5231
5232
5235
5237
5240
5242
5243
5245
5253
5255
5256
5258
5262
5264
5267
5268
5272
5274
5275
5276
5277
5279
5280
5286
5290
5294
5296
5299
5307
5308
5309
5310
5315
5317
5318
5319
5320
5321
5322
5324
5326
5327
5328
5329
5331
5332
5333
5335
5338
5339
5344
5347
5349
5351
5352
5356
5357
5359
5360
5361
5364
5365
5367
5369
5372
5373
5374
5376
5379
5382
5383
5385
5386
5391
5392
5393
5394
5396
5397
5399
5400
5402
5403
5405
5410
5423
5424
5425
5426
5428
5430
5432
5434
5438
5440
5441
5443
5444
5445
5446
5447
5448
5449
5450
5452
5453
5454
5456
5457
5458
5459
5460
5465
5479
5481
5482
5486
5490
5491
5495
5496
5497
5501
5502
5510
5516
5518
5519
5523
5524
5528
5533
5536
5539
5541
5542
5543
5544
5545
5550
5553
5554
5555
5560
5562
5569
5575
5578
5580
5586
5588
5590
5592
5593
5595
5596
5597
5598
5603
5604
5605
5606
5607
5608
5610
5615
5617
5620
5623
5628
5630
5636
5637
5640
5642
5644
5645
5646
5649
5650
5651
5652
5653
5654
5655
5656
5659
5661
5662
5664
5665
5666
5667
5668
5669
5671
5677
5678
5679
5680
5683
5684
5690
5692
5696
5697
5698
5699
5700
5701
5703
5706
5708
5709
5711
5713
5714
5715
5716
5718
5719
5720
5721
5724
5726
5727
5729
5731
5732
5734
5735
5739
5743
5745
5746
5749
5750
5751
5753
5755
5758
5760
5766
5768
5771
5772
5774
5775
5776
5779
5782
5783
5784
5786
5789
5790
5793
5794
5795
5807
5808
5810
5811
5812
5819
5820
5826
5828
5831
5832
5834
5840
5842
5843
5844
5846
5847
5848
5853
5859
5860
5861
5868
5869
5870
5871
5872
5877
5878
5879
5880
5881
5883
5885
5886
5887
5889
5891
5892
5893
5895
5898
5903
5905
5908
5910
5911
5914
5916
5918
5919
5921
5922
5923
5925
5926
5930
5931
5932
5933
5936
5937
5939
5941
5942
5943
5944
5945
5946
5948
5950
5951
5952
5954
5955
5957
5959
5962
5963
5964
5972
5974
5975
5976
5979
5981
5982
5985
5989
5991
5992
5994
5996
5997
5998
6000
6001
6003
6006
6013
6014
6015
6016
6018
6019
6021
6023
6025
6026
6027
6028
6030
6032
6033
6037
6038
6039
6040
6041
6042
6046
6047
6051
6053
6054
6056
6059
6060
6062
6065
6066
6068
6069
6070
6072
6074
6077
6080
6082
6084
6090
6091
6092
6093
6094
6095
6097
6099
6100
6102
6104
6107
6108
6111
6112
6116
6117
6119
6122
6123
6124
6127
6129
6131
6134
6136
6137
6139
6140
6142
6147
6148
6155
6157
6158
6163
6165
6166
6168
6169
6170
6171
6172
6173
6175
6178
6179
6180
6181
6182
6183
6184
6186
6188
6189
6190
6193
6195
6197
6200
6208
6210
6211
6212
6213
6214
6221
6222
6223
6224
6231
6232
6233
6235
6236
6237
6238
6239
6240
6241
6242
6244
6245
6248
6251
6252
6253
6255
6256
6258
6260
6263
6268
6271
6273
6274
6277
6278
6279
6283
6284
6285
6289
6290
6292
6294
6297
6300
6301
6302
6303
6305
6306
6308
6313
6314
6318
6321
6324
6325
6326
6330
6331
6332
6333
6338
6339
6340
6341
6350
6352
6353
6354
6356
6358
6361
6363
6366
6367
6369
6370
6375
6378
6382
6384
6390
6392
6394
6398
6400
6402
6412
6420
6423
6426
6429
6430
6431
6432
6434
6435
6437
6438
6439
6443
6444
6446
6450
6451
6453
6454
6456
6459
6460
6461
6462
6468
6469
6471
6472
6474
6476
6477
6478
6480
6482
6484
6487
6489
6491
6492
6494
6496
6499
6502
6504
6506
6509
6512
6513
6518
6520
6521
6522
6523
6524
6525
6526
6527
6529
6530
6534
6535
6536
6537
6539
6545
6548
6550
6551
6553
6556
6558
6560
6561
6568
6569
6571
6573
6575
6577
6578
6583
6584
6585
6586
6587
6588
6590
6592
6594
6595
6596
6598
6600
6601
6605
6607
6608
6609
6612
6616
6618
6619
6620
6621
6622
6624
6627
6629
6630
6631
6634
6636
6639
6643
6647
6650
6652
6653
6656
6657
6659
6660
6663
6664
6666
6667
6669
6672
6675
6676
6678
6680
6683
6684
6686
6687
6688
6691
6692
6693
6699
6700
6701
6702
6704
6706
6709
6710
6711
6712
6713
6714
6717
6718
6719
6720
6722
6723
6730
6731
6732
6733
6736
6738
6740
6742
6743
6745
6746
6749
6750
6752
6755
6756
6757
6759
6762
6765
6766
6770
6771
6772
6774
6776
6779
6782
6783
6785
6786
6787
6788
6789
6791
6794
6795
6798
6800
6801
6802
6803
6804
6805
6806
6807
6808
6812
6813
6816
6820
6822
6826
6827
6832
6834
6835
6836
6837
6841
6842
6845
6846
6847
6851
6855
6859
6860
6861
6862
6863
6864
6865
6866
6867
6871
6877
6879
6880
6881
6882
6883
6885
6890
6891
6892
6893
6898
6899
6901
6902
6903
6904
6905
6906
6907
6908
6910
6911
6912
6913
6914
6916
6917
6920
6921
6923
6924
6925
6927
6930
6931
6935
6936
6937
6940
6942
6943
6949
6950
6951
6952
6954
6958
6959
6960
6961
6962
6963
6964
6965
6968
6969
6970
6971
6972
6974
6976
6980
6986
6990
6994
6996
6997
6999
7001
7002
7003
7004
7005
7007
7008
7009
7010
7011
7013
7018
7019
7020
7023
7026
7027
7028
7029
7031
7034
7036
7039
7040
7042
7044
7046
7050
7052
7056
7057
7058
7059
7061
7063
7064
7065
7066
7070
7073
347
2952
57
92
179
211
253
291
393
432
493
503
596
620
665
722
760
831
914
946
948
1221
1261
1281
1296
1339
1378
1395
1397
1430
1589
1657
1754
1799
1880
1886
1958
1972
1981
2050
2170
2205
2222
2284
2308
2329
2423
2633
2841
2906
2933
2963
3004
3071
3077
3123
3148
3171
3185
3205
3218
3387
3436
3454
3530
3602
3625
3628
3632
3636
3665
3730
3749
3837
3881
3909
4011
4077
4093
4174
4200
4216
4230
4365
4514
4540
4687
4705
4776
4869
5087
5102
5137
5300
5302
5366
5415
5473
5477
5480
5574
5643
5691
5738
5747
5756
5798
5835
5901
5913
6011
6035
6045
6133
6234
6259
6264
6312
6376
6424
6448
6449
6486
6500
6519
6580
6628
6651
6662
6775
6780
6854
6953
6956
6982
7000
2990
3
8
9
10
12
13
15
16
21
23
24
25
28
29
30
33
34
42
43
44
45
47
49
51
52
54
56
58
60
62
66
67
68
70
73
74
75
77
80
81
86
87
88
90
93
94
95
96
100
102
104
105
106
112
113
118
119
125
127
129
130
132
139
140
142
143
144
145
146
147
148
149
151
152
153
155
156
157
159
161
162
163
167
168
169
171
172
173
177
178
181
183
184
185
188
189
192
194
195
196
197
198
200
201
202
204
208
210
212
217
218
219
221
224
225
229
231
236
238
240
242
243
245
246
248
249
251
254
259
261
262
265
268
269
270
272
275
276
277
278
279
280
282
283
285
287
290
292
295
297
298
303
305
312
315
316
318
319
325
326
328
329
330
331
332
333
338
340
343
345
348
350
351
352
356
359
360
361
367
368
369
371
374
377
385
388
389
390
391
392
395
396
399
401
404
406
407
408
409
410
411
414
415
417
418
419
421
423
424
425
426
427
429
430
431
433
434
437
438
439
440
441
444
447
450
454
456
457
459
462
463
466
471
472
473
474
476
480
482
485
486
487
488
489
491
492
494
496
497
498
502
509
510
511
512
514
516
517
519
521
522
523
524
526
527
528
530
533
541
544
547
548
549
550
551
552
557
558
559
560
564
567
568
570
572
573
574
575
576
577
578
580
582
586
588
589
591
592
593
597
600
601
602
603
604
610
612
615
616
618
619
624
625
626
628
633
634
636
637
638
639
641
642
646
647
650
651
656
658
659
660
661
662
666
667
668
669
672
675
678
681
683
684
685
686
689
691
692
693
695
696
698
701
702
704
706
707
709
710
711
712
714
717
718
720
721
725
728
730
731
732
733
734
735
736
737
738
741
743
744
746
747
749
750
751
755
758
759
762
764
769
770
773
775
779
780
781
787
789
791
798
799
802
803
806
807
809
810
812
815
819
820
823
826
827
832
833
834
835
837
838
839
841
843
846
849
852
854
855
856
857
860
865
871
873
874
884
887
888
889
890
891
893
896
898
904
908
909
913
915
916
917
918
919
922
929
930
932
933
935
937
939
940
941
942
943
947
949
950
952
954
957
961
962
969
971
974
978
979
980
981
982
988
990
991
992
993
996
998
999
1000
1001
1002
1003
1004
1005
1006
1008
1012
1014
1015
1016
1020
1023
1026
1027
1031
1034
1042
1043
1044
1045
1046
1049
1052
1053
1055
1056
1059
1063
1065
1066
1067
1069
1076
1077
1079
1082
1084
1086
1087
1090
1091
1092
1095
1098
1106
1108
1111
1114
1116
1117
1119
1120
1122
1123
1124
1128
1129
1130
1132
1134
1136
1137
1138
1139
1141
1143
1146
1147
1148
1149
1153
1155
1157
1159
1162
1163
1164
1167
1168
1169
1170
1174
1176
1177
1178
1179
1180
1182
1183
1185
1186
1187
1188
1189
1194
1195
1196
1197
1198
1199
1200
1202
1203
1205
1206
1211
1212
1213
1216
1220
1222
1223
1224
1226
1227
1231
1232
1234
1236
1237
1241
1242
1245
1247
1248
1249
1251
1252
1255
1256
1258
1259
1262
1265
1268
1269
1270
1271
1272
1273
1274
1283
1288
1291
1292
1293
1295
1297
1298
1300
1304
1307
1311
1314
1315
1317
1319
1322
1329
1331
1333
1334
1335
1341
1342
1343
1344
1345
1346
1347
1352
1359
1361
1363
1365
1366
1367
1368
1370
1373
1374
1377
1381
1385
1386
1387
1388
1389
1390
1391
1393
1396
1399
1400
1401
1402
1405
1406
1407
1409
1411
1412
1413
1414
1415
1416
1419
1422
1424
1426
1427
1429
1432
1434
1435
1438
1441
1442
1443
1445
1446
1450
1451
1454
1456
1457
1458
1461
1462
1463
1465
1466
1467
1468
1470
1473
1474
1477
1478
1479
1480
1481
1482
1483
1485
1486
1487
1488
1489
1491
1493
1501
1502
1504
1505
1506
1511
1512
1513
1514
1515
1517
1520
1521
1523
1527
1528
1530
1533
1537
1539
1541
1543
1548
1549
1551
1554
1555
1557
1558
1560
1561
1562
1565
1566
1568
1571
1572
1573
1575
1576
1578
1579
1584
1587
1588
1590
1591
1593
1594
1597
1598
1600
1601
1602
1603
1604
1606
1607
1609
1610
1611
1615
1616
1618
1620
1623
1625
1629
1632
1633
1635
1636
1637
1638
1644
1648
1649
1652
1653
1655
1656
1660
1663
1668
1669
1671
1675
1676
1678
1683
1684
1685
1686
1690
1694
1695
1696
1697
1698
1701
1703
1704
1705
1706
1711
1713
1718
1720
1721
1723
1726
1727
1730
1733
1734
1735
1736
1737
1738
1739
1742
1743
1745
1747
1749
1750
1751
1755
1756
1757
1760
1762
1769
1772
1773
1777
1778
1780
1784
1785
1787
1788
1789
1790
1791
1796
1801
1804
1809
1813
1814
1817
1818
1819
1822
1824
1825
1829
1831
1833
1834
1835
1836
1837
1838
1839
1841
1845
1846
1847
1848
1849
1850
1851
1852
1854
1858
1862
1863
1864
1866
1867
1871
1872
1873
1874
1877
1878
1881
1883
1884
1890
1891
1892
1893
1894
1895
1896
1898
1899
1900
1901
1902
1907
1909
1910
1914
1915
1917
1919
1922
1924
1927
1928
1930
1932
1933
1934
1936
1937
1938
1941
1943
1944
1946
1948
1950
1951
1952
1953
1957
1960
1962
1964
1966
1967
1968
1970
1973
1975
1986
1989
1990
1991
1992
1997
1999
2000
2001
2003
2006
2007
2009
2010
2012
2014
2015
2016
2017
2018
2020
2023
2024
2025
2027
2028
2029
2031
2033
2036
2037
2038
2039
2042
2043
2045
2046
2054
2057
2058
2059
2060
2061
2064
2066
2068
2070
2071
2073
2075
2077
2078
2080
2081
2083
2084
2085
2086
2088
2090
2091
2093
2094
2098
2099
2110
2111
2112
2117
2124
2126
2127
2129
2130
2132
2134
2139
2140
2141
2143
2144
2145
2146
2148
2151
2152
2153
2157
2159
2163
2164
2166
2168
2169
2172
2173
2174
2176
2178
2179
2182
2188
2189
2191
2192
2193
2194
2196
2197
2201
2203
2204
2208
2209
2211
2218
2224
2227
2231
2232
2233
2234
2235
2238
2240
2241
2248
2252
2253
2254
2256
2259
2260
2262
2263
2264
2266
2271
2274
2277
2278
2281
2283
2288
2289
2290
2291
2292
2296
2297
2302
2303
2307
2309
2310
2312
2314
2315
2316
2319
2321
2326
2327
2328
2331
2332
2335
2337
2340
2342
2343
2344
2348
2349
2350
2351
2353
2354
2359
2363
2364
2365
2366
2367
2368
2370
2374
2376
2377
2379
2382
2383
2385
2386
2387
2388
2389
2390
2391
2396
2399
2400
2401
2403
2406
2407
2408
2417
2418
2422
2425
2428
2430
2432
2433
2434
2436
2438
2440
2441
2442
2443
2445
2451
2452
2453
2454
2455
2459
2461
2463
2465
2466
2467
2468
2469
2472
2473
2474
2475
2476
2477
2479
2481
2482
2483
2484
2485
2487
2488
2492
2493
2494
2496
2497
2503
2505
2507
2512
2513
2516
2517
2518
2521
2523
2524
2526
2527
2528
2532
2533
2534
2535
2536
2541
2545
2547
2550
2552
2554
2556
2558
2559
2560
2563
2564
2566
2570
2571
2573
2574
2575
2577
2578
2579
2585
2586
2588
2592
2594
2595
2596
2597
2600
2601
2606
2607
2611
2612
2613
2615
2617
2619
2621
2622
2625
2628
2630
2631
2634
2636
2638
2639
2641
2642
2645
2647
2649
2650
2652
2656
2658
2660
2663
2667
2668
2669
2671
2675
2677
2680
2683
2684
2685
2686
2687
2691
2693
2694
2695
2697
2699
2700
2701
2708
2709
2710
2711
2713
2716
2717
2719
2720
2721
2722
2723
2724
2725
2728
2729
2730
2731
2734
2735
2736
2737
2746
2747
2750
2751
2752
2754
2758
2760
2762
2763
2767
2772
2775
2777
2778
2779
2780
2781
2782
2784
2785
2786
2787
2788
2791
2792
2795
2799
2800
2803
2805
2807
2811
2814
2817
2819
2823
2824
2825
2826
2828
2831
2833
2834
2835
2837
2838
2843
2844
2845
2847
2849
2850
2852
2855
2858
2859
2860
2861
2862
2866
2871
2872
2873
2877
2883
2884
2886
2887
2889
2892
2893
2895
2896
2897
2898
2900
2901
2902
2903
2904
2907
2908
2909
2910
2915
2917
2918
2924
2928
2929
2930
2932
2934
2936
2937
2938
2940
2943
2948
2949
2954
2956
2957
2958
2961
2962
2964
2965
2966
2969
2970
2972
2976
2977
2979
2982
2984
2985
2986
2989
2993
2995
2996
2998
3001
3002
3003
3005
3006
3007
3008
3009
3011
3012
3016
3017
3018
3021
3022
3023
3028
3029
3032
3039
3041
3042
3045
3052
3054
3057
3059
3060
3061
3063
3064
3065
3066
3067
3068
3069
3074
3079
3080
3085
3090
3091
3092
3093
3094
3096
3097
3098
3099
3104
3107
3113
3115
3116
3117
3119
3120
3121
3126
3127
3128
3129
3130
3131
3132
3137
3139
3144
3153
3156
3158
3159
3162
3163
3166
3167
3168
3170
3172
3174
3176
3180
3181
3188
3193
3198
3199
3204
3206
3208
3210
3214
3215
3217
3219
3222
3225
3226
3227
3231
3235
3236
3237
3239
3243
3244
3246
3250
3255
3258
3260
3264
3267
3268
3271
3272
3275
3279
3281
3282
3283
3284
3285
3286
3288
3291
3296
3298
3300
3301
3303
3304
3305
3306
3307
3311
3313
3316
3317
3318
3320
3321
3323
3326
3327
3331
3332
3335
3337
3338
3339
3341
3342
3345
3349
3350
3352
3357
3358
3361
3365
3369
3373
3374
3377
3379
3381
3382
3383
3385
3388
3390
3391
3393
3394
3396
3397
3398
3399
3403
3404
3408
3409
3410
3414
3415
3417
3418
3421
3422
3429
3432
3433
3434
3435
3438
3440
3442
3443
3444
3445
3446
3447
3448
3450
3451
3455
3459
3460
3462
3463
3465
3467
3468
3471
3475
3476
3478
3479
3480
3481
3485
3487
3489
3490
3491
3492
3493
3495
3497
3499
3502
3504
3505
3507
3508
3509
3511
3512
3514
3515
3518
3521
3522
3523
3524
3525
3526
3527
3528
3529
3534
3537
3538
3541
3542
3543
3546
3548
3550
3552
3555
3559
3560
3561
3562
3564
3567
3570
3575
3579
3582
3583
3584
3586
3587
3589
3592
3594
3599
3601
3603
3604
3606
3607
3608
3609
3610
3611
3615
3618
3620
3621
3622
3630
3634
3638
3639
3641
3642
3646
3650
3651
3652
3655
3657
3659
3660
3661
3666
3669
3671
3672
3673
3674
3675
3676
3678
3679
3680
3686
3687
3688
3689
3692
3696
3698
3700
3701
3703
3705
3708
3712
3713
3714
3716
3717
3718
3723
3724
3729
3736
3737
3738
3739
3740
3742
3744
3745
3746
3747
3748
3751
3755
3759
3761
3763
3764
3765
3766
3767
3769
3770
3771
3774
3777
3779
3780
3781
3784
3785
3788
3789
3791
3792
3793
3795
3796
3798
3801
3804
3805
3806
3807
3809
3810
3818
3819
3822
3824
3826
3830
3832
3833
3834
3835
3836
3838
3839
3841
3842
3843
3845
3846
3847
3848
3850
3852
3857
3859
3861
3862
3867
3868
3869
3870
3871
3873
3876
3878
3879
3880
3882
3884
3888
3889
3890
3893
3895
3896
3898
3899
3900
3902
3903
3904
3905
3908
3916
3917
3919
3920
3922
3924
3925
3927
3930
3933
3934
3935
3938
3940
3941
3942
3944
3946
3948
3949
3951
3952
3953
3961
3963
3964
3966
3969
3970
3973
3975
3976
3978
3980
3982
3987
3988
3992
3994
3995
3996
3997
4001
4003
4006
4009
4010
4012
4016
4019
4020
4023
4024
4026
4028
4029
4033
4034
4036
4037
4040
4041
4047
4051
4052
4054
4055
4060
4063
4065
4066
4067
4071
4073
4074
4076
4079
4081
4082
4083
4085
4086
4090
4091
4094
4095
4096
4097
4107
4108
4109
4111
4114
4118
4119
4120
4121
4123
4129
4130
4131
4132
4134
4136
4140
4143
4144
4146
4147
4148
4150
4151
4152
4153
4154
4155
4156
4157
4158
4159
4160
4161
4164
4167
4168
4170
4171
4172
4175
4176
4178
4180
4182
4183
4185
4187
4195
4196
4202
4203
4204
4206
4207
4209
4210
4213
4215
4218
4220
4221
4223
4224
4227
4228
4231
4233
4235
4236
4238
4239
4241
4243
4248
4249
4255
4258
4259
4260
4261
4265
4266
4268
4269
4273
4274
4275
4276
4278
4279
4280
4281
4282
4283
4284
4285
4287
4288
4289
4291
4292
4293
4294
4298
4300
4301
4302
4304
4307
4310
4312
4313
4314
4319
4321
4322
4323
4325
4326
4328
4335
4337
4338
4342
4345
4349
4352
4353
4354
4355
4358
4360
4364
4366
4368
4370
4372
4374
4378
4379
4380
4381
4382
4384
4387
4388
4389
4391
4392
4394
4397
4398
4404
4406
4407
4408
4409
4413
4420
4424
4425
4433
4434
4437
4441
4444
4447
4448
4450
4452
4453
4455
4456
4457
4460
4461
4462
4463
4467
4469
4470
4475
4476
4478
4479
4482
4483
4485
4488
4489
4491
4492
4493
4495
4500
4503
4504
4506
4510
4511
4512
4518
4521
4522
4526
4529
4532
4533
4534
4536
4537
4539
4546
4549
4552
4556
4559
4563
4565
4566
4567
4572
4573
4574
4575
4576
4577
4579
4580
4582
4583
4584
4585
4586
4588
4591
4594
4597
4599
4600
4601
4603
4604
4605
4607
4614
4615
4616
4617
4618
4624
4627
4629
4633
4635
4636
4639
4641
4642
4643
4647
4648
4649
4652
4653
4655
4656
4657
4658
4660
4661
4663
4665
4666
4667
4670
4671
4673
4674
4675
4676
4678
4679
4684
4686
4688
4689
4691
4693
4695
4697
4699
4701
4702
4707
4708
4710
4711
4712
4713
4714
4717
4718
4719
4720
4722
4725
4726
4727
4730
4732
4734
4736
4737
4739
4740
4742
4743
4744
4746
4747
4750
4752
4753
4757
4758
4763
4764
4765
4768
4771
4772
4775
4777
4778
4783
4784
4785
4787
4789
4791
4792
4793
4795
4796
4797
4798
4799
4803
4814
4815
4816
4817
4819
4820
4825
4827
4831
4832
4835
4836
4837
4838
4845
4846
4851
4856
4860
4861
4863
4864
4867
4868
4870
4871
4876
4878
4880
4881
4883
4884
4886
4888
4891
4892
4893
4895
4898
4899
4901
4903
4904
4905
4909
4913
4914
4915
4917
4918
4920
4923
4927
4930
4932
4934
4937
4938
4941
4942
4944
4945
4946
4947
4948
4949
4950
4952
4953
4954
4955
4956
4958
4959
4960
4963
4964
4965
4966
4968
4970
4975
4977
4978
4979
4980
4981
4982
4984
4986
4988
4989
4990
4993
4994
4995
4996
4997
5001
5002
5003
5004
5008
5009
5011
5013
5019
5020
5027
5028
5031
5032
5034
5035
5037
5038
5040
5041
5042
5045
5046
5049
5050
5054
5057
5059
5061
5064
5065
5066
5068
5070
5071
5073
5074
5075
5077
5080
5083
5085
5086
5088
5089
5093
5094
5095
5100
5107
5108
5109
5112
5118
5119
5121
5123
5125
5127
5128
5129
5131
5132
5134
5135
5138
5140
5143
5147
5154
5155
5156
5159
5161
5162
5167
5168
5169
5171
5172
5174
5175
5176
5177
5179
5183
5185
5186
5188
5194
5195
5196
5197
5199
5203
5204
5209
5210
5215
5216
5217
5219
5221
5223
5225
5229
5230
5233
5234
5236
5238
5239
5241
5244
5246
5247
5248
5249
5250
5251
5252
5254
5257
5259
5260
5261
5263
5265
5266
5269
5270
5271
5273
5278
5281
5282
5283
5284
5285
5287
5288
5289
5291
5292
5293
5295
5297
5298
5301
5303
5304
5305
5306
5311
5312
5313
5314
5316
5323
5325
5330
5334
5336
5337
5340
5341
5342
5343
5345
5346
5348
5350
5353
5354
5355
5358
5362
5363
5368
5370
5371
5375
5377
5378
5380
5381
5384
5387
5388
5389
5390
5395
5398
5401
5404
5406
5407
5408
5409
5411
5412
5413
5414
5416
5417
5418
5419
5420
5421
5422
5427
5429
5431
5433
5435
5436
5437
5439
5442
5451
5455
5461
5462
5463
5464
5466
5467
5468
5469
5470
5471
5472
5474
5475
5476
5478
5483
5484
5485
5487
5488
5489
5492
5493
5494
5498
5499
5500
5503
5504
5505
5506
5507
5508
5509
5511
5512
5513
5514
5515
5517
5520
5521
5522
5525
5526
5527
5529
5530
5531
5532
5534
5535
5537
5538
5540
5546
5547
5548
5549
5551
5552
5556
5557
5558
5559
5561
5563
5564
5565
5566
5567
5568
5570
5571
5572
5573
5576
5577
5579
5581
5582
5583
5584
5585
5587
5589
5591
5594
5599
5600
5601
5602
5609
5611
5612
5613
5614
5616
5618
5619
5621
5622
5624
5625
5626
5627
5629
5631
5632
5633
5634
5635
5638
5639
5641
5647
5648
5657
5658
5660
5663
5670
5672
5673
5674
5675
5676
5681
5682
5685
5686
5687
5688
5689
5693
5694
5695
5702
5704
5705
5707
5710
5712
5717
5722
5723
5725
5728
5730
5733
5736
5737
5740
5741
5742
5744
5748
5752
5754
5757
5759
5761
5762
5763
5764
5765
5767
5769
5770
5773
5777
5778
5780
5781
5785
5787
5788
5791
5792
5796
5797
5799
5800
5801
5802
5803
5804
5805
5806
5809
5813
5814
5815
5816
5817
5818
5821
5822
5823
5824
5825
5827
5829
5830
5833
5836
5837
5838
5839
5841
5845
5849
5850
5851
5852
5854
5855
5856
5857
5858
5862
5863
5864
5865
5866
5867
5873
5874
5875
5876
5882
5884
5888
5890
5894
5896
5897
5899
5900
5902
5904
5906
5907
5909
5912
5915
5917
5920
5924
5927
5928
5929
5934
5935
5938
5940
5947
5949
5953
5956
5958
5960
5961
5965
5966
5967
5968
5969
5970
5971
5973
5977
5978
5980
5983
5984
5986
5987
5988
5990
5993
5995
5999
6002
6004
6005
6007
6008
6009
6010
6012
6017
6020
6022
6024
6029
6031
6034
6036
6043
6044
6048
6049
6050
6052
6055
6057
6058
6061
6063
6064
6067
6071
6073
6075
6076
6078
6079
6081
6083
6085
6086
6087
6088
6089
6096
6098
6101
6103
6105
6106
6109
6110
6113
6114
6115
6118
6120
6121
6125
6126
6128
6130
6132
6135
6138
6141
6143
6144
6145
6146
6149
6150
6151
6152
6153
6154
6156
6159
6160
6161
6162
6164
6167
6174
6176
6177
6185
6187
6191
6192
6194
6196
6198
6199
6201
6202
6203
6204
6205
6206
6207
6209
6215
6216
6217
6218
6219
6220
6225
6226
6227
6228
6229
6230
6243
6246
6247
6249
6250
6254
6257
6261
6262
6265
6266
6267
6269
6270
6272
6275
6276
6280
6281
6282
6286
6287
6288
6291
6293
6295
6296
6298
6299
6304
6307
6309
6310
6311
6315
6316
6317
6319
6320
6322
6323
6327
6328
6329
6334
6335
6336
6337
6342
6343
6344
6345
6346
6347
6348
6349
6351
6355
6357
6359
6360
6362
6364
6365
6368
6371
6372
6373
6374
6377
6379
6380
6381
6383
6385
6386
6387
6388
6389
6391
6393
6395
6396
6397
6399
6401
6403
6404
6405
6406
6407
6408
6409
6410
6411
6413
6414
6415
6416
6417
6418
6419
6421
6422
6425
6427
6428
6433
6436
6440
6441
6442
6445
6447
6452
6455
6457
6458
6463
6464
6465
6466
6467
6470
6473
6475
6479
6481
6483
6485
6488
6490
6493
6495
6497
6498
6501
6503
6505
6507
6508
6510
6511
6514
6515
6516
6517
6528
6531
6532
6533
6538
6540
6541
6542
6543
6544
6546
6547
6549
6552
6554
6555
6557
6559
6562
6563
6564
6565
6566
6567
6570
6572
6574
6576
6579
6581
6582
6589
6591
6593
6597
6599
6602
6603
6604
6606
6610
6611
6613
6614
6615
6617
6623
6625
6626
6632
6633
6635
6637
6638
6640
6641
6642
6644
6645
6646
6648
6649
6654
6655
6658
6661
6665
6668
6670
6671
6673
6674
6677
6679
6681
6682
6685
6689
6690
6694
6695
6696
6697
6698
6703
6705
6707
6708
6715
6716
6721
6724
6725
6726
6727
6728
6729
6734
6735
6737
6739
6741
6744
6747
6748
6751
6753
6754
6758
6760
6761
6763
6764
6767
6768
6769
6773
6777
6778
6781
6784
6790
6792
6793
6796
6797
6799
6809
6810
6811
6814
6815
6817
6818
6819
6821
6823
6824
6825
6828
6829
6830
6831
6833
6838
6839
6840
6843
6844
6848
6849
6850
6852
6853
6856
6857
6858
6868
6869
6870
6872
6873
6874
6875
6876
6878
6884
6886
6887
6888
6889
6894
6895
6896
6897
6900
6909
6915
6918
6919
6922
6926
6928
6929
6932
6933
6934
6938
6939
6941
6944
6945
6946
6947
6948
6955
6957
6966
6967
6973
6975
6977
6978
6979
6981
6983
6984
6985
6987
6988
6989
6991
6992
6993
6995
6998
7006
7012
7014
7015
7016
7017
7021
7022
7024
7025
7030
7032
7033
7035
7037
7038
7041
7043
7045
7047
7048
7049
7051
7053
7054
7055
7060
7062
7067
7068
7069
7071
7072
7074
