1
4
7
9
13
16
17
20
21
22
25
27
34
37
41
43
45
48
55
56
57
62
65
66
67
69
74
79
81
82
95
97
101
103
104
108
112
116
121
122
131
136
138
141
148
149
150
152
155
156
157
158
159
160
162
163
164
166
169
172
175
176
180
181
182
184
185
186
191
195
204
208
212
213
214
218
220
224
225
227
228
229
230
231
238
243
246
250
255
258
259
263
264
265
269
274
281
287
294
304
324
326
330
331
333
335
338
341
343
345
348
357
358
361
362
368
369
371
374
378
379
382
383
384
385
387
390
392
394
395
396
397
400
401
405
406
407
408
409
417
418
419
426
427
429
432
434
437
440
441
442
446
450
455
461
468
469
470
473
475
477
481
485
490
491
492
494
495
500
502
504
512
518
522
526
530
541
547
549
555
556
563
569
570
571
573
574
578
581
584
585
587
588
589
590
592
593
594
601
605
606
609
612
618
622
624
625
632
635
636
645
648
650
651
653
654
657
658
661
663
664
665
668
669
672
673
674
677
680
681
684
690
697
698
699
705
707
709
712
717
719
721
722
723
725
726
730
736
738
743
745
749
23
46
99
129
151
171
174
183
198
205
234
342
462
464
482
506
508
510
524
535
539
575
580
611
614
646
655
688
728
734
737
12
73
114
115
125
202
210
216
280
290
307
316
325
327
328
336
423
562
630
733
47
72
85
283
302
415
511
517
566
702
703
713
8
365
744
54
102
161
421
439
579
706
746
544
236
321
453
642
142
313
540
49
42
127
472
19
53
58
59
80
84
86
105
118
147
197
200
201
221
248
251
252
276
285
297
318
332
340
360
366
391
398
414
425
433
445
449
451
454
466
479
483
488
489
496
516
554
560
572
591
598
652
671
675
689
708
715
724
750
71
607
617
106
685
497
420
261
223
676
660
448
513
525
538
532
694
687
350
254
143
586
28
515
471
257
240
545
412
349
729
595
543
424
154
514
24
640
610
542
232
659
373
308
215
189
168
2
608
520
631
629
626
623
576
527
404
372
317
292
288
275
266
144
128
61
718
649
582
559
537
531
386
298
272
270
124
90
731
696
695
667
641
557
523
459
452
436
399
291
282
278
260
207
196
179
153
89
60
44
747
742
740
735
716
701
683
682
644
643
637
602
596
553
519
509
493
487
484
457
411
393
339
334
315
295
279
256
241
222
190
173
170
145
132
126
120
87
70
35
29
11
748
741
739
732
727
720
714
711
710
704
700
693
692
691
686
679
678
670
666
662
656
647
639
638
634
633
628
627
621
620
619
616
615
613
604
603
600
599
597
583
577
568
567
565
564
561
558
552
551
550
548
546
536
534
533
529
528
521
507
505
503
501
499
498
486
480
478
476
474
467
465
463
460
458
456
447
444
443
438
435
431
430
428
422
416
413
410
403
402
389
388
381
380
377
376
375
370
367
364
363
359
356
355
354
353
352
351
347
346
344
337
329
323
322
320
319
314
312
311
310
309
306
305
303
301
300
299
296
293
289
286
284
277
273
271
268
267
262
253
249
247
245
244
242
239
237
235
233
226
219
217
211
209
206
203
199
194
193
192
188
187
178
177
167
165
146
140
139
137
135
134
133
130
123
119
117
113
111
110
109
107
100
98
96
94
93
92
91
88
83
78
77
76
75
68
64
63
52
51
50
40
39
38
36
33
32
31
30
26
18
15
14
10
6
5
3
