3
4
5
9
12
14
17
18
24
25
26
27
28
33
36
37
38
39
40
41
42
44
45
46
51
54
55
58
60
61
63
66
69
70
71
74
78
81
82
83
85
87
89
90
91
92
101
102
104
108
111
113
114
116
117
118
121
122
124
125
126
127
129
130
131
133
135
136
137
143
144
146
154
155
158
161
163
164
167
169
170
173
180
181
182
188
192
194
195
197
202
203
206
210
213
217
218
219
222
225
226
228
233
235
237
239
244
246
247
249
255
256
259
264
265
266
268
270
271
280
281
284
286
290
291
293
294
295
304
307
308
314
316
320
322
323
328
330
334
336
337
342
348
349
356
360
361
364
365
371
377
378
379
382
385
387
390
395
398
400
405
406
409
410
412
413
414
415
416
421
424
433
434
438
441
444
445
446
447
448
450
453
456
457
459
460
461
462
463
464
466
467
468
471
473
476
480
483
485
486
487
489
490
491
492
493
495
498
500
501
502
504
505
507
508
509
511
512
516
522
529
534
536
538
539
541
543
544
545
548
549
550
552
558
561
562
563
564
567
573
575
576
582
585
588
590
592
594
595
596
603
604
605
606
608
613
615
624
627
629
630
634
636
637
639
640
641
643
644
646
648
657
659
660
662
668
669
670
678
679
680
683
684
685
686
690
692
693
698
699
703
706
708
709
714
715
717
718
720
721
727
728
729
732
733
735
736
739
740
742
743
744
745
746
747
749
751
753
760
764
765
773
778
779
780
782
788
789
790
791
792
793
795
797
804
806
808
809
811
812
813
814
815
817
820
822
823
824
826
827
828
831
834
838
842
846
851
859
860
863
865
866
868
869
870
873
876
877
878
879
884
885
887
888
889
896
897
900
901
904
905
906
908
910
913
917
919
920
923
924
926
928
931
935
937
938
939
941
946
947
951
952
955
956
957
959
963
964
965
966
972
978
986
987
990
992
998
999
1002
1005
1006
1007
1008
1012
1014
1015
1018
1019
1021
1026
1028
1029
1030
1031
1033
1037
1038
1039
1040
1042
1044
1048
1049
1054
1057
1058
1060
1063
1064
1068
1070
1071
1077
1078
1085
1087
1089
1093
1095
1097
1098
1100
1102
1103
1106
1108
1109
1110
1111
1113
1114
1118
1122
1124
1126
1136
1137
1140
1141
1142
1144
1146
1147
1148
1149
1150
1151
1153
1155
1156
1157
1158
1159
1162
1163
1164
1166
1169
1170
1172
1173
1177
1178
1179
1180
1182
1183
1184
1185
1188
1189
1190
1191
1193
1194
1198
1199
1202
1203
1209
1213
1217
1220
1222
1223
1227
1231
1232
1233
1234
1235
1239
1241
1243
1245
1248
1250
1251
1253
1255
1258
1260
1262
1264
1265
1270
1275
1279
1280
1281
1284
1285
1286
1289
1291
1292
1295
1298
1301
1303
1307
1308
1309
1310
1313
1314
1316
1320
1328
1329
1333
1337
1339
1342
1344
1345
1348
1350
1353
1355
1357
1365
1370
1373
1375
1376
1378
1380
1382
1389
1390
1391
1396
1398
1399
1400
1402
1403
1405
1406
1412
1413
1414
1419
1422
1425
1428
1430
1431
1439
1440
1441
1442
1447
1453
1454
1461
1462
1463
1465
1471
1473
1476
1478
1480
1481
1483
1484
1492
1495
1496
1501
1506
1507
1509
1511
1515
1516
1517
1520
1521
1523
1526
1530
1534
1536
1540
1541
1550
1556
1557
1561
1562
1564
1569
1570
1572
1582
1586
1587
1588
1589
1590
1598
1600
1602
1606
1610
1611
1613
1618
1622
1629
1630
1632
1634
1646
1647
1648
1650
1652
1653
1654
1655
1657
1658
1659
1661
1662
1663
1664
1667
1668
1670
1671
1672
1674
1681
1683
1684
1688
1693
1694
1695
1708
1710
1711
1716
1724
1729
1730
1731
1735
1737
1739
1741
1742
1746
1747
1748
1749
1750
1756
1757
1758
1760
1762
1764
1768
1770
1771
1777
1780
1783
1785
1786
1787
1790
1791
1793
1794
1797
1800
1801
1803
1804
1807
1811
1815
1818
1819
1820
1821
1825
1827
1829
1830
1832
1833
1834
1837
1838
1839
1843
1845
1846
1848
1849
1860
1862
1863
1864
1865
1870
1871
1882
1884
1885
1893
1894
1902
1908
1911
1918
1920
1921
1927
1928
1933
1934
1936
1938
1944
1945
1947
1948
1950
1954
1956
1957
1963
1969
1970
1971
1972
1975
1977
1979
1980
1981
1986
2000
2012
2017
2018
2022
2023
2025
2028
2029
2030
2034
2035
2038
2039
2042
2043
2044
2048
2053
2054
2055
2060
2061
2064
2065
2069
2075
2076
2082
2083
2084
2091
2092
2094
2097
2098
2099
2100
2101
2106
2109
2110
2111
2113
2116
2118
2119
2122
2126
2128
2130
2131
2132
2134
2135
2136
2139
2144
2145
2149
2150
2151
2153
2154
2155
2156
2163
2164
2167
2173
2176
2177
2182
2183
2186
2190
2194
2196
2202
2203
2207
2209
2212
2213
2214
2217
2221
2222
2225
2227
2229
2233
2234
2237
2238
2241
2242
2244
2250
2251
2252
2255
2262
2263
2264
2266
2268
2272
2276
2278
2279
2280
2282
2283
2286
2288
2290
2293
2296
2297
2298
2299
2305
2309
2311
2312
2313
2314
2315
2320
2324
2329
2332
2335
2336
2341
2342
2349
2353
2356
2363
2368
2369
2371
2375
2376
2382
2383
2386
2387
2388
2389
2390
2391
2394
2395
2396
2397
2398
2400
2402
2404
2406
2412
2413
2418
2421
2422
2423
2424
2426
2437
2438
2441
2443
2452
2453
2457
2458
2461
2462
2463
2468
2470
2472
2478
2479
2481
2485
2486
2487
2491
2492
2495
2496
2498
2499
2502
2504
2505
2506
2509
2513
2514
2515
2517
2518
2521
2523
2525
2527
2529
2530
2534
2535
2536
2537
2539
2540
2542
2544
2545
2546
2549
2554
2558
2559
2563
2564
2568
2573
2581
2587
2588
2590
2591
2595
2597
2598
2601
2602
2603
2606
2608
2612
2620
2624
2625
2627
2634
2637
2638
2640
2641
2643
2644
2646
2647
2657
2659
2660
2661
2665
2666
2667
2669
2672
2674
2675
2676
2677
2685
2688
2689
2693
2695
2696
2698
2705
2709
2711
2712
2719
2729
2731
2735
2736
2737
2739
2741
2742
2749
2750
2751
2752
2755
2756
2764
2765
2766
2769
2771
2774
2775
2783
2784
2786
2788
2793
2794
2796
2799
2801
2804
2808
2813
2817
2821
2824
2826
2829
2830
2834
2836
2839
2840
2842
2850
2851
2852
2853
2856
2860
2862
2863
2866
2870
2871
2875
2876
2879
2884
2886
2889
2891
2892
2893
2895
2896
2901
2905
2910
2911
2913
2914
2920
2921
2922
2923
2926
2927
2933
2937
2938
2941
2943
2948
2952
2953
2954
2956
2957
2963
2964
2969
2972
2973
2975
2977
2978
2979
2984
2985
2986
2987
2991
2992
2993
2999
3001
3002
3006
3008
3011
3012
3014
3015
3017
3021
3023
3024
3026
3028
3030
3031
3032
3033
3035
3039
3042
3043
3045
3052
3060
3062
3064
3067
3072
3073
3074
3078
3082
3084
3087
3088
3091
3096
3099
3100
3103
3105
3106
3107
3109
3110
3114
3120
3121
3122
3124
3131
3136
3137
3141
3143
3144
3149
3150
3151
3152
3153
3155
3156
3164
3165
3168
3169
3170
3171
3176
3179
3180
3181
3182
3184
3185
3188
3193
3194
3196
3197
3199
3200
3201
3202
3206
3215
3216
3218
3220
3223
3225
3227
3228
3230
3232
3236
3238
3242
3244
3245
3249
3250
3252
3261
3262
3264
3265
3266
3267
3268
3270
3275
3276
3284
3286
3287
3288
3290
3297
3299
3301
3303
3305
3307
3309
3311
3314
3320
3321
3322
3325
3327
3330
3332
3333
3337
3338
3340
3344
3351
3359
3360
3361
3363
3365
3368
3370
3372
3373
3375
3380
3382
3385
3386
3389
3391
3392
3393
3394
3396
3399
3404
3406
3407
3408
3410
3412
3414
3415
3417
3418
3421
3423
3424
3426
3427
3428
3430
3438
3442
3448
3454
3462
3466
3468
3469
3470
3474
3477
3478
3480
3481
3482
3483
3487
3488
3491
3494
3496
3500
3502
3503
3504
3505
3506
3507
3511
3515
3516
3523
3525
3527
3528
3529
3535
3538
3540
3541
3542
3543
3544
3549
3550
3554
3555
3556
3558
3560
3562
3564
3566
3570
3571
3573
3574
3576
3579
3580
3581
3582
3583
3584
3585
3588
3594
3595
3599
3601
3605
3606
3609
3613
3614
3615
3619
3620
3623
3625
3626
3627
3629
3631
3633
3641
3643
3645
3646
3649
3650
3651
3654
3656
3657
3658
3660
3662
3663
3667
3669
3673
3676
3677
3678
3680
3681
3683
3687
3688
3689
3692
3693
3695
3698
3699
3700
3703
3704
3706
3709
3710
3711
3716
3717
3719
3720
3723
3725
3726
3731
3733
3737
3738
3742
3743
3744
3746
3748
3752
3756
3757
3758
3760
3762
3765
3767
3771
3772
3776
3781
3783
3784
3785
3786
3800
3802
3805
3806
3807
3808
3815
3817
3818
3824
3825
3827
3832
3845
3847
3849
3850
3854
3855
3857
3860
3862
3863
3865
3866
3870
3872
3873
3874
3876
3877
3879
3881
3886
3887
3888
3890
3894
3898
3902
3909
3912
3916
3918
3919
3920
3922
3923
3924
3926
3927
3928
3930
3932
3933
3940
3942
3944
3947
3948
3950
3951
3952
3953
3957
3958
3961
3963
3967
3970
3976
3977
3978
3979
3981
3982
3986
3988
3989
3990
3995
3999
4000
4001
4005
4007
4009
4011
4013
4020
4021
4023
4025
4027
4028
4030
4031
4032
4033
4036
4037
4039
4040
4041
4042
4047
4048
4049
4051
4052
4055
4063
4069
4076
4077
4078
4079
4080
4081
4082
4083
4087
4088
4091
4094
4096
4098
4103
4104
4106
4107
4108
4111
4115
4116
4118
4121
4128
4131
4133
4136
4138
4139
4140
4144
4145
4146
4148
4149
4150
4151
4155
4158
4162
4163
4164
4166
4170
4173
4175
4181
4182
4185
4186
4191
4193
4194
4195
4197
4198
4200
4202
4203
4205
4206
4208
4210
4211
4212
4215
4219
4220
4221
4224
4225
4226
4227
4228
4231
4239
4240
4241
4242
4247
4249
4251
4259
4260
4265
4267
4268
4273
4274
4276
4277
4283
4285
4287
4289
4294
4295
4296
4297
4300
4301
4304
4305
4308
4311
4314
4315
4319
4324
4327
4328
4331
4332
4333
4334
4337
4338
4340
4341
4344
4347
4348
4353
4357
4358
4359
4361
4362
4363
4365
4366
4368
4371
4373
4378
4380
4382
4384
4387
4388
4390
4391
4392
4393
4397
4398
4406
4412
4415
4419
4423
4428
4431
4436
4437
4440
4443
4447
4448
4449
4450
4456
4459
4460
4463
4466
4468
4474
4475
4478
4480
4482
4483
4485
4486
4488
4489
4492
4496
4498
4504
4505
4509
4510
4511
4512
4518
4522
4524
4527
4529
4530
4531
4533
4534
4540
4542
4545
4548
4549
4550
4555
4558
4567
4568
4572
4573
4574
4575
4577
4578
4582
4583
4584
4585
4586
4587
4588
4589
4590
4593
4594
4597
4599
4601
4602
4605
4606
4612
4616
4622
4623
4624
4625
4627
4628
4629
4630
4632
4634
4635
4638
4639
4640
4644
4645
4646
4647
4648
4649
4650
4655
4656
4662
4667
4671
4672
4674
4678
4682
4685
4688
4689
4693
4697
4704
4707
4710
4711
4714
4716
4719
4722
4726
4727
4728
4730
4732
4733
4734
4736
4742
4743
4748
4751
4754
4755
4757
4759
4762
4763
4768
4770
4773
4777
4778
4780
4781
4783
4785
4787
4788
4789
4792
4793
4796
4797
4801
4806
4808
4809
4810
4812
4815
4817
4822
4825
4828
4829
4831
4832
4834
4840
4844
4848
4850
4851
4852
4853
4854
4855
4856
4857
4858
4860
4863
4870
4872
4875
4876
4879
4882
4883
4888
4891
4897
4901
4902
4904
4905
4906
4909
4912
4914
4916
4917
4919
4920
4922
4923
4924
4925
4929
4932
4933
4936
4937
4939
4941
4942
4946
4952
4955
4959
4962
4963
4966
4969
4970
4971
4972
4974
4975
4977
4979
4980
4985
4986
4987
4990
4991
4999
5003
5004
5005
5006
5007
5008
5009
5013
5016
5017
5025
5026
5029
5031
5035
5037
5042
5046
5047
5048
5052
5055
5059
5066
5068
5076
5077
5080
5081
5087
5091
5092
5094
5098
5101
5103
5106
5107
5111
5114
5117
5118
5119
5122
5123
5126
5128
5130
5131
5134
5135
5137
5138
5141
5143
5146
5148
5150
5152
5155
5157
5159
5161
5163
5165
5166
5171
5172
5174
5175
5177
5183
5185
5186
5190
5194
5197
5198
5200
5208
5209
5213
5214
5216
5219
5220
5224
5225
5226
5229
5230
5232
5236
5239
5245
5247
5249
5251
5252
5255
5258
5260
5262
5263
5265
5266
5267
5271
5273
5278
5280
5286
5289
5290
5294
5295
5297
5298
5300
5302
5303
5304
5307
5310
5312
31
119
139
168
179
211
214
299
302
389
411
513
617
798
893
911
970
1034
1096
1105
1116
1225
1278
1312
1341
1384
1386
1418
1614
1623
1643
1651
1719
1721
1751
1759
1792
1810
2088
2210
2302
2319
2321
2419
2444
2456
2459
2484
2528
2589
2619
2626
2645
2720
2724
2844
2868
2912
2932
3044
3061
3086
3133
3158
3163
3175
3192
3390
3464
3475
3587
3598
3612
3670
3690
3754
3761
3795
3830
4066
4074
4167
4272
4429
4464
4654
4723
4771
4803
4811
4824
4827
4838
4893
4935
5028
5044
5176
5218
1206
3116
5244
19
22
23
30
35
59
64
65
67
68
72
80
94
95
98
103
134
138
152
153
165
174
178
191
199
201
221
223
230
241
257
263
267
269
288
292
297
309
310
311
326
335
340
346
354
359
363
367
369
373
374
383
386
393
396
397
402
408
423
426
430
451
458
497
518
521
535
537
542
546
547
556
560
565
568
584
587
597
598
609
612
620
623
625
633
635
638
664
682
694
695
696
704
705
724
734
741
748
761
769
777
783
796
801
802
805
833
839
848
849
850
853
855
857
858
872
875
880
895
915
921
934
944
962
974
980
981
983
991
1001
1011
1016
1041
1043
1045
1055
1062
1066
1073
1074
1075
1079
1082
1084
1088
1094
1119
1127
1133
1134
1135
1138
1152
1154
1161
1168
1197
1201
1204
1218
1226
1261
1273
1274
1276
1282
1288
1294
1330
1331
1336
1338
1340
1356
1362
1377
1379
1381
1394
1397
1401
1426
1433
1436
1437
1452
1469
1474
1485
1488
1491
1502
1503
1508
1512
1522
1524
1546
1547
1551
1558
1568
1571
1573
1585
1591
1593
1599
1603
1609
1612
1627
1631
1633
1639
1641
1642
1666
1680
1691
1696
1697
1701
1702
1704
1706
1709
1712
1752
1754
1763
1772
1782
1795
1802
1805
1822
1826
1828
1831
1840
1842
1850
1861
1890
1895
1898
1900
1903
1904
1906
1925
1926
1943
1946
1949
1951
1952
1961
1962
1968
1973
1974
1983
1992
1994
2007
2026
2037
2040
2046
2052
2059
2066
2072
2107
2108
2124
2127
2146
2148
2152
2157
2159
2168
2171
2174
2179
2189
2193
2206
2218
2226
2230
2249
2258
2259
2261
2285
2291
2303
2307
2317
2318
2322
2325
2327
2328
2333
2339
2340
2351
2359
2361
2370
2372
2378
2379
2381
2385
2401
2408
2411
2416
2432
2433
2434
2436
2439
2450
2451
2476
2482
2493
2520
2543
2551
2553
2561
2578
2579
2580
2582
2594
2600
2604
2605
2614
2615
2618
2633
2635
2653
2663
2664
2670
2671
2673
2681
2683
2691
2721
2722
2727
2730
2732
2734
2740
2744
2745
2757
2770
2772
2778
2781
2790
2791
2795
2803
2816
2819
2820
2831
2835
2841
2854
2855
2857
2869
2872
2877
2878
2880
2881
2885
2887
2903
2907
2908
2909
2915
2928
2931
2942
2946
2949
2950
2955
2974
2976
2981
2983
2988
2989
2990
2996
2997
3004
3013
3016
3019
3020
3037
3047
3050
3063
3066
3069
3075
3081
3092
3097
3115
3123
3125
3127
3132
3145
3167
3173
3210
3211
3214
3226
3233
3235
3246
3251
3257
3258
3277
3279
3281
3283
3289
3292
3295
3298
3304
3306
3308
3328
3331
3339
3342
3343
3350
3362
3364
3374
3397
3402
3403
3416
3419
3422
3425
3433
3437
3455
3457
3459
3465
3467
3476
3492
3518
3520
3534
3539
3545
3547
3567
3569
3575
3577
3589
3592
3593
3602
3618
3622
3632
3635
3640
3655
3686
3691
3697
3702
3713
3721
3722
3729
3739
3741
3749
3768
3774
3775
3793
3798
3822
3823
3826
3837
3838
3840
3851
3856
3868
3875
3880
3882
3883
3885
3893
3896
3915
3935
3937
3938
3943
3946
3949
3954
3966
3969
3972
3985
3994
4003
4017
4022
4046
4054
4057
4071
4084
4092
4099
4102
4105
4113
4114
4120
4125
4126
4132
4142
4147
4153
4154
4171
4172
4178
4189
4204
4207
4217
4229
4232
4236
4237
4238
4245
4254
4255
4256
4264
4269
4270
4278
4279
4280
4281
4286
4288
4306
4309
4318
4321
4326
4330
4336
4355
4372
4374
4375
4379
4394
4399
4401
4402
4408
4409
4416
4421
4430
4433
4439
4461
4469
4470
4471
4473
4477
4479
4494
4497
4500
4514
4515
4516
4517
4521
4532
4536
4538
4547
4551
4554
4557
4569
4603
4607
4608
4610
4614
4618
4619
4637
4641
4651
4653
4657
4659
4661
4663
4670
4673
4679
4681
4683
4684
4698
4702
4709
4712
4715
4717
4721
4739
4740
4749
4750
4752
4760
4767
4774
4775
4807
4814
4818
4819
4820
4830
4841
4842
4859
4861
4864
4885
4886
4898
4899
4911
4918
4921
4931
4947
4948
4956
4960
4965
4968
4973
4978
4982
4983
4993
5018
5019
5020
5027
5034
5039
5043
5053
5056
5058
5061
5063
5067
5071
5095
5099
5133
5168
5170
5179
5199
5210
5222
5223
5243
5248
5250
5261
5270
5272
5274
5276
5283
5285
5287
5291
5292
5308
5313
4915
472
701
1219
2508
3316
48
53
157
399
449
479
484
611
650
656
890
1017
1080
1099
1125
1195
1215
1407
1518
1529
1594
1687
1703
1817
1853
1964
1982
1987
1998
2006
2020
2143
2184
2245
2281
2425
2464
2574
2609
2679
2701
2707
2787
2811
2861
2904
2967
3057
3147
3162
3212
3229
3247
3336
3411
3439
3444
3493
3508
3659
3718
3789
3861
3925
3973
4010
4050
4068
4090
4109
4188
4214
4244
4299
4313
4434
4490
4507
4541
4609
4611
4613
4642
4744
4756
4766
4836
4869
4995
5010
5075
5085
5151
5306
1
2
6
7
8
10
11
13
15
16
20
21
29
32
34
43
47
49
50
52
56
57
62
73
75
76
77
79
84
86
88
93
96
97
99
100
105
106
107
109
110
112
115
120
123
128
132
140
141
142
145
147
148
149
150
151
156
159
160
162
166
171
172
175
176
177
183
184
185
186
187
189
190
193
196
198
200
204
205
207
208
209
212
215
216
220
224
227
229
231
232
234
236
238
240
242
243
245
248
250
251
252
253
254
258
260
261
262
272
273
274
275
276
277
278
279
282
283
285
287
289
296
298
300
301
303
305
306
312
313
315
317
318
319
321
324
325
327
329
331
332
333
338
339
341
343
344
345
347
350
351
352
353
355
357
358
362
366
368
370
372
375
376
380
381
384
388
391
392
394
401
403
404
407
417
418
419
420
422
425
427
428
429
431
432
435
436
437
439
440
442
443
452
454
455
465
469
470
474
475
477
478
481
482
488
494
496
499
503
506
510
514
515
517
519
520
523
524
525
526
527
528
530
531
532
533
540
551
553
554
555
557
559
566
569
570
571
572
574
577
578
579
580
581
583
586
589
591
593
599
600
601
602
607
610
614
616
618
619
621
622
626
628
631
632
642
645
647
649
651
652
653
654
655
658
661
663
665
666
667
671
672
673
674
675
676
677
681
687
688
689
691
697
700
702
707
710
711
712
713
716
719
722
723
725
726
730
731
737
738
750
752
754
755
756
757
758
759
762
763
766
767
768
770
771
772
774
775
776
781
784
785
786
787
794
799
800
803
807
810
816
818
819
821
825
829
830
832
835
836
837
840
841
843
844
845
847
852
854
856
861
862
864
867
871
874
881
882
883
886
891
892
894
898
899
902
903
907
909
912
914
916
918
922
925
927
929
930
932
933
936
940
942
943
945
948
949
950
953
954
958
960
961
967
968
969
971
973
975
976
977
979
982
984
985
988
989
993
994
995
996
997
1000
1003
1004
1009
1010
1013
1020
1022
1023
1024
1025
1027
1032
1035
1036
1046
1047
1050
1051
1052
1053
1056
1059
1061
1065
1067
1069
1072
1076
1081
1083
1086
1090
1091
1092
1101
1104
1107
1112
1115
1117
1120
1121
1123
1128
1129
1130
1131
1132
1139
1143
1145
1160
1165
1167
1171
1174
1175
1176
1181
1186
1187
1192
1196
1200
1205
1207
1208
1210
1211
1212
1214
1216
1221
1224
1228
1229
1230
1236
1237
1238
1240
1242
1244
1246
1247
1249
1252
1254
1256
1257
1259
1263
1266
1267
1268
1269
1271
1272
1277
1283
1287
1290
1293
1296
1297
1299
1300
1302
1304
1305
1306
1311
1315
1317
1318
1319
1321
1322
1323
1324
1325
1326
1327
1332
1334
1335
1343
1346
1347
1349
1351
1352
1354
1358
1359
1360
1361
1363
1364
1366
1367
1368
1369
1371
1372
1374
1383
1385
1387
1388
1392
1393
1395
1404
1408
1409
1410
1411
1415
1416
1417
1420
1421
1423
1424
1427
1429
1432
1434
1435
1438
1443
1444
1445
1446
1448
1449
1450
1451
1455
1456
1457
1458
1459
1460
1464
1466
1467
1468
1470
1472
1475
1477
1479
1482
1486
1487
1489
1490
1493
1494
1497
1498
1499
1500
1504
1505
1510
1513
1514
1519
1525
1527
1528
1531
1532
1533
1535
1537
1538
1539
1542
1543
1544
1545
1548
1549
1552
1553
1554
1555
1559
1560
1563
1565
1566
1567
1574
1575
1576
1577
1578
1579
1580
1581
1583
1584
1592
1595
1596
1597
1601
1604
1605
1607
1608
1615
1616
1617
1619
1620
1621
1624
1625
1626
1628
1635
1636
1637
1638
1640
1644
1645
1649
1656
1660
1665
1669
1673
1675
1676
1677
1678
1679
1682
1685
1686
1689
1690
1692
1698
1699
1700
1705
1707
1713
1714
1715
1717
1718
1720
1722
1723
1725
1726
1727
1728
1732
1733
1734
1736
1738
1740
1743
1744
1745
1753
1755
1761
1765
1766
1767
1769
1773
1774
1775
1776
1778
1779
1781
1784
1788
1789
1796
1798
1799
1806
1808
1809
1812
1813
1814
1816
1823
1824
1835
1836
1841
1844
1847
1851
1852
1854
1855
1856
1857
1858
1859
1866
1867
1868
1869
1872
1873
1874
1875
1876
1877
1878
1879
1880
1881
1883
1886
1887
1888
1889
1891
1892
1896
1897
1899
1901
1905
1907
1909
1910
1912
1913
1914
1915
1916
1917
1919
1922
1923
1924
1929
1930
1931
1932
1935
1937
1939
1940
1941
1942
1953
1955
1958
1959
1960
1965
1966
1967
1976
1978
1984
1985
1988
1989
1990
1991
1993
1995
1996
1997
1999
2001
2002
2003
2004
2005
2008
2009
2010
2011
2013
2014
2015
2016
2019
2021
2024
2027
2031
2032
2033
2036
2041
2045
2047
2049
2050
2051
2056
2057
2058
2062
2063
2067
2068
2070
2071
2073
2074
2077
2078
2079
2080
2081
2085
2086
2087
2089
2090
2093
2095
2096
2102
2103
2104
2105
2112
2114
2115
2117
2120
2121
2123
2125
2129
2133
2137
2138
2140
2141
2142
2147
2158
2160
2161
2162
2165
2166
2169
2170
2172
2175
2178
2180
2181
2185
2187
2188
2191
2192
2195
2197
2198
2199
2200
2201
2204
2205
2208
2211
2215
2216
2219
2220
2223
2224
2228
2231
2232
2235
2236
2239
2240
2243
2246
2247
2248
2253
2254
2256
2257
2260
2265
2267
2269
2270
2271
2273
2274
2275
2277
2284
2287
2289
2292
2294
2295
2300
2301
2304
2306
2308
2310
2316
2323
2326
2330
2331
2334
2337
2338
2343
2344
2345
2346
2347
2348
2350
2352
2354
2355
2357
2358
2360
2362
2364
2365
2366
2367
2373
2374
2377
2380
2384
2392
2393
2399
2403
2405
2407
2409
2410
2414
2415
2417
2420
2427
2428
2429
2430
2431
2435
2440
2442
2445
2446
2447
2448
2449
2454
2455
2460
2465
2466
2467
2469
2471
2473
2474
2475
2477
2480
2483
2488
2489
2490
2494
2497
2500
2501
2503
2507
2510
2511
2512
2516
2519
2522
2524
2526
2531
2532
2533
2538
2541
2547
2548
2550
2552
2555
2556
2557
2560
2562
2565
2566
2567
2569
2570
2571
2572
2575
2576
2577
2583
2584
2585
2586
2592
2593
2596
2599
2607
2610
2611
2613
2616
2617
2621
2622
2623
2628
2629
2630
2631
2632
2636
2639
2642
2648
2649
2650
2651
2652
2654
2655
2656
2658
2662
2668
2678
2680
2682
2684
2686
2687
2690
2692
2694
2697
2699
2700
2702
2703
2704
2706
2708
2710
2713
2714
2715
2716
2717
2718
2723
2725
2726
2728
2733
2738
2743
2746
2747
2748
2753
2754
2758
2759
2760
2761
2762
2763
2767
2768
2773
2776
2777
2779
2780
2782
2785
2789
2792
2797
2798
2800
2802
2805
2806
2807
2809
2810
2812
2814
2815
2818
2822
2823
2825
2827
2828
2832
2833
2837
2838
2843
2845
2846
2847
2848
2849
2858
2859
2864
2865
2867
2873
2874
2882
2883
2888
2890
2894
2897
2898
2899
2900
2902
2906
2916
2917
2918
2919
2924
2925
2929
2930
2934
2935
2936
2939
2940
2944
2945
2947
2951
2958
2959
2960
2961
2962
2965
2966
2968
2970
2971
2980
2982
2994
2995
2998
3000
3003
3005
3007
3009
3010
3018
3022
3025
3027
3029
3034
3036
3038
3040
3041
3046
3048
3049
3051
3053
3054
3055
3056
3058
3059
3065
3068
3070
3071
3076
3077
3079
3080
3083
3085
3089
3090
3093
3094
3095
3098
3101
3102
3104
3108
3111
3112
3113
3117
3118
3119
3126
3128
3129
3130
3134
3135
3138
3139
3140
3142
3146
3148
3154
3157
3159
3160
3161
3166
3172
3174
3177
3178
3183
3186
3187
3189
3190
3191
3195
3198
3203
3204
3205
3207
3208
3209
3213
3217
3219
3221
3222
3224
3231
3234
3237
3239
3240
3241
3243
3248
3253
3254
3255
3256
3259
3260
3263
3269
3271
3272
3273
3274
3278
3280
3282
3285
3291
3293
3294
3296
3300
3302
3310
3312
3313
3315
3317
3318
3319
3323
3324
3326
3329
3334
3335
3341
3345
3346
3347
3348
3349
3352
3353
3354
3355
3356
3357
3358
3366
3367
3369
3371
3376
3377
3378
3379
3381
3383
3384
3387
3388
3395
3398
3400
3401
3405
3409
3413
3420
3429
3431
3432
3434
3435
3436
3440
3441
3443
3445
3446
3447
3449
3450
3451
3452
3453
3456
3458
3460
3461
3463
3471
3472
3473
3479
3484
3485
3486
3489
3490
3495
3497
3498
3499
3501
3509
3510
3512
3513
3514
3517
3519
3521
3522
3524
3526
3530
3531
3532
3533
3536
3537
3546
3548
3551
3552
3553
3557
3559
3561
3563
3565
3568
3572
3578
3586
3590
3591
3596
3597
3600
3603
3604
3607
3608
3610
3611
3616
3617
3621
3624
3628
3630
3634
3636
3637
3638
3639
3642
3644
3647
3648
3652
3653
3661
3664
3665
3666
3668
3671
3672
3674
3675
3679
3682
3684
3685
3694
3696
3701
3705
3707
3708
3712
3714
3715
3724
3727
3728
3730
3732
3734
3735
3736
3740
3745
3747
3750
3751
3753
3755
3759
3763
3764
3766
3769
3770
3773
3777
3778
3779
3780
3782
3787
3788
3790
3791
3792
3794
3796
3797
3799
3801
3803
3804
3809
3810
3811
3812
3813
3814
3816
3819
3820
3821
3828
3829
3831
3833
3834
3835
3836
3839
3841
3842
3843
3844
3846
3848
3852
3853
3858
3859
3864
3867
3869
3871
3878
3884
3889
3891
3892
3895
3897
3899
3900
3901
3903
3904
3905
3906
3907
3908
3910
3911
3913
3914
3917
3921
3929
3931
3934
3936
3939
3941
3945
3955
3956
3959
3960
3962
3964
3965
3968
3971
3974
3975
3980
3983
3984
3987
3991
3992
3993
3996
3997
3998
4002
4004
4006
4008
4012
4014
4015
4016
4018
4019
4024
4026
4029
4034
4035
4038
4043
4044
4045
4053
4056
4058
4059
4060
4061
4062
4064
4065
4067
4070
4072
4073
4075
4085
4086
4089
4093
4095
4097
4100
4101
4110
4112
4117
4119
4122
4123
4124
4127
4129
4130
4134
4135
4137
4141
4143
4152
4156
4157
4159
4160
4161
4165
4168
4169
4174
4176
4177
4179
4180
4183
4184
4187
4190
4192
4196
4199
4201
4209
4213
4216
4218
4222
4223
4230
4233
4234
4235
4243
4246
4248
4250
4252
4253
4257
4258
4261
4262
4263
4266
4271
4275
4282
4284
4290
4291
4292
4293
4298
4302
4303
4307
4310
4312
4316
4317
4320
4322
4323
4325
4329
4335
4339
4342
4343
4345
4346
4349
4350
4351
4352
4354
4356
4360
4364
4367
4369
4370
4376
4377
4381
4383
4385
4386
4389
4395
4396
4400
4403
4404
4405
4407
4410
4411
4413
4414
4417
4418
4420
4422
4424
4425
4426
4427
4432
4435
4438
4441
4442
4444
4445
4446
4451
4452
4453
4454
4455
4457
4458
4462
4465
4467
4472
4476
4481
4484
4487
4491
4493
4495
4499
4501
4502
4503
4506
4508
4513
4519
4520
4523
4525
4526
4528
4535
4537
4539
4543
4544
4546
4552
4553
4556
4559
4560
4561
4562
4563
4564
4565
4566
4570
4571
4576
4579
4580
4581
4591
4592
4595
4596
4598
4600
4604
4615
4617
4620
4621
4626
4631
4633
4636
4643
4652
4658
4660
4664
4665
4666
4668
4669
4675
4676
4677
4680
4686
4687
4690
4691
4692
4694
4695
4696
4699
4700
4701
4703
4705
4706
4708
4713
4718
4720
4724
4725
4729
4731
4735
4737
4738
4741
4745
4746
4747
4753
4758
4761
4764
4765
4769
4772
4776
4779
4782
4784
4786
4790
4791
4794
4795
4798
4799
4800
4802
4804
4805
4813
4816
4821
4823
4826
4833
4835
4837
4839
4843
4845
4846
4847
4849
4862
4865
4866
4867
4868
4871
4873
4874
4877
4878
4880
4881
4884
4887
4889
4890
4892
4894
4895
4896
4900
4903
4907
4908
4910
4913
4926
4927
4928
4930
4934
4938
4940
4943
4944
4945
4949
4950
4951
4953
4954
4957
4958
4961
4964
4967
4976
4981
4984
4988
4989
4992
4994
4996
4997
4998
5000
5001
5002
5011
5012
5014
5015
5021
5022
5023
5024
5030
5032
5033
5036
5038
5040
5041
5045
5049
5050
5051
5054
5057
5060
5062
5064
5065
5069
5070
5072
5073
5074
5078
5079
5082
5083
5084
5086
5088
5089
5090
5093
5096
5097
5100
5102
5104
5105
5108
5109
5110
5112
5113
5115
5116
5120
5121
5124
5125
5127
5129
5132
5136
5139
5140
5142
5144
5145
5147
5149
5153
5154
5156
5158
5160
5162
5164
5167
5169
5173
5178
5180
5181
5182
5184
5187
5188
5189
5191
5192
5193
5195
5196
5201
5202
5203
5204
5205
5206
5207
5211
5212
5215
5217
5221
5227
5228
5231
5233
5234
5235
5237
5238
5240
5241
5242
5246
5253
5254
5256
5257
5259
5264
5268
5269
5275
5277
5279
5281
5282
5284
5288
5293
5296
5299
5301
5305
5309
5311
5314
