1
4
6
7
10
11
12
13
16
17
19
20
22
23
24
26
27
29
31
33
36
37
38
40
41
45
46
49
51
52
53
55
56
58
59
60
62
65
66
69
70
71
72
73
75
76
77
78
79
80
82
83
85
86
87
90
91
92
94
95
96
99
102
104
105
106
107
109
114
117
120
124
128
129
130
131
132
133
136
139
141
143
149
152
153
156
157
158
159
160
166
171
172
176
177
178
180
182
184
186
191
192
194
196
198
199
203
205
207
208
209
210
211
214
219
226
227
228
232
234
239
240
241
242
243
247
248
249
251
253
254
256
258
262
264
265
268
269
271
274
275
277
282
283
284
285
286
287
288
290
296
297
308
309
311
315
318
320
321
325
327
329
330
334
338
339
340
343
344
345
349
350
351
353
356
357
360
362
366
367
368
370
373
378
381
388
392
393
395
398
399
404
405
406
409
410
411
412
413
414
415
416
420
424
426
427
428
429
431
434
435
436
437
439
440
442
443
445
449
452
456
459
464
467
472
474
476
479
480
483
486
487
489
491
492
494
495
496
30
146
335
361
407
448
255
5
44
74
122
137
204
304
317
326
348
401
438
460
471
377
134
173
324
497
454
391
365
363
116
57
364
319
305
301
270
266
188
127
25
9
500
499
498
493
490
488
485
484
482
481
478
477
475
473
470
469
468
466
465
463
462
461
458
457
455
453
451
450
447
446
444
441
433
432
430
425
423
422
421
419
418
417
408
403
402
400
397
396
394
390
389
387
386
385
384
383
382
380
379
376
375
374
372
371
369
359
358
355
354
352
347
346
342
341
337
336
333
332
331
328
323
322
316
314
313
312
310
307
306
303
302
300
299
298
295
294
293
292
291
289
281
280
279
278
276
273
272
267
263
261
260
259
257
252
250
246
245
244
238
237
236
235
233
231
230
229
225
224
223
222
221
220
218
217
216
215
213
212
206
202
201
200
197
195
193
190
189
187
185
183
181
179
175
174
170
169
168
167
165
164
163
162
161
155
154
151
150
148
147
145
144
142
140
138
135
126
125
123
121
119
118
115
113
112
111
110
108
103
101
100
98
97
93
89
88
84
81
68
67
64
63
61
54
50
48
47
43
42
39
35
34
32
28
21
18
15
14
8
3
2
