1
7
8
9
12
13
15
16
19
20
22
23
24
26
31
33
37
38
43
44
45
47
48
51
53
54
56
58
59
60
61
62
65
67
71
72
75
78
79
83
86
91
92
93
94
95
96
98
99
102
104
105
107
108
111
115
116
120
121
122
129
134
136
137
139
140
144
146
147
148
149
151
152
153
155
158
160
161
162
163
165
167
168
169
171
172
173
174
175
176
177
179
181
183
184
185
187
188
189
193
198
200
201
202
203
206
207
217
219
222
225
228
229
230
231
232
234
244
246
250
254
255
256
257
258
260
261
262
266
267
269
271
277
279
280
281
284
286
287
289
291
294
295
296
297
298
301
306
307
308
309
311
312
314
315
316
319
320
321
323
325
327
329
330
331
335
337
338
340
342
343
345
347
350
354
355
357
359
360
361
363
364
366
367
375
377
378
380
383
384
385
389
395
398
400
403
404
407
408
409
411
418
421
423
426
428
431
432
434
435
437
442
445
446
447
448
450
452
453
455
457
458
461
464
465
468
469
470
471
473
474
475
483
484
485
486
489
490
491
493
494
496
497
501
504
506
509
511
515
516
519
520
523
529
530
532
534
535
536
540
541
546
547
548
549
550
551
559
560
561
563
564
568
569
570
574
575
576
577
579
581
582
583
586
588
590
591
594
595
596
598
600
602
604
606
607
608
613
614
616
617
618
619
621
624
626
627
630
635
636
638
642
644
645
647
648
649
653
654
656
659
660
664
665
666
669
671
672
673
675
676
679
681
683
686
688
689
691
693
694
695
697
698
699
701
703
704
705
707
710
711
713
718
722
729
731
733
734
735
737
738
742
743
749
750
751
754
755
756
758
761
763
764
765
767
768
771
772
773
775
777
779
780
781
782
783
787
788
789
794
795
796
797
799
804
808
809
810
811
812
813
815
816
819
823
826
828
833
834
840
841
842
844
845
849
853
854
856
857
858
860
862
865
866
867
868
869
870
873
874
875
878
882
883
884
885
886
891
894
896
899
901
904
905
906
908
909
910
914
915
916
917
919
924
930
931
933
937
938
939
940
941
945
946
950
951
952
953
955
956
957
958
959
960
961
962
964
965
968
970
972
973
976
977
978
980
981
983
984
985
989
990
993
995
996
997
1002
1003
1004
1011
1012
1014
1015
1016
1018
1019
1020
1021
1022
1023
1025
1027
1034
1039
1041
1043
1044
1046
1047
1048
1049
1051
1052
1053
1056
1057
1059
1060
1061
1062
1063
1064
1067
1073
1075
1078
1083
1088
1089
1090
1096
1098
1101
1102
1103
1104
1105
1108
1109
1110
1111
1113
1114
1115
1116
1118
1119
1120
1121
1125
1126
1129
1130
1131
1132
1133
1135
1138
1139
1141
1142
1145
1146
1147
1148
1149
1151
1153
1165
1166
1167
1168
1169
1170
1172
1179
1181
1183
1186
1187
1188
1189
1191
1192
1193
1195
1198
1199
1200
1201
1207
1210
1212
1213
1214
1218
1219
1220
1221
1227
1233
1236
1239
1241
1245
1247
1248
1251
1253
1254
1255
1257
1259
1262
1263
1266
1267
1268
1269
1271
1274
1275
1276
1277
1279
1289
1291
1293
1294
1299
1300
1301
1302
1303
1305
1309
1314
1315
1316
1318
1320
1322
1323
1325
1326
1328
1331
1336
1337
1339
1340
1341
1342
1346
1348
1349
1350
1354
1355
1356
1358
1362
1365
1368
1370
1372
1373
1374
1375
1378
1380
1381
1382
1383
1384
1386
1387
1391
1392
1397
1398
1400
1401
1402
1404
1405
1409
1411
1420
1426
1428
1430
1436
1437
1438
1441
1443
1446
1449
1450
1451
1455
1456
1463
1464
1466
1467
1469
1472
1473
1476
1478
1479
1481
1483
1484
1487
1490
1491
1494
1498
1501
1502
1505
1514
1515
1516
1518
1522
1523
1524
1527
1529
1530
1533
1534
1535
1542
1548
1549
1551
1557
1558
1559
1560
1561
1563
1567
1568
1569
1575
1576
1577
1578
1581
1583
1585
1588
1593
1597
1598
1599
1601
1602
1606
1607
1608
1609
1612
1614
1615
1616
1618
1619
1621
1623
1625
1626
1627
1630
1633
1634
1635
1636
1637
1638
1642
1645
1646
1647
1648
1649
1650
1651
1652
1653
1654
1655
1656
1659
1661
1662
1663
1667
1668
1669
1673
1676
1678
1679
1680
1684
1685
1686
1687
1692
1693
1694
1698
1707
1708
1710
1715
1718
1721
1722
1725
1729
1731
1735
1736
1737
1738
1739
1746
1747
1748
1749
1750
1751
1752
1757
1758
1760
1761
1764
1766
1768
1769
1771
1772
1774
1776
1780
1783
1786
1793
1794
1795
1796
1797
1798
1801
1802
1803
1805
1806
1811
1812
1813
1814
1820
1823
1825
1827
1830
1831
1832
1833
1837
1838
1839
1843
1849
1851
1853
1854
1855
1857
1859
1861
1864
1865
1866
1867
1870
1872
1873
1875
1876
1879
1888
1889
1892
1893
1895
1897
1900
1903
1906
1908
1909
1910
1914
1915
1916
1919
1920
1921
1923
1927
1929
1930
1931
1933
1935
1940
1941
1945
1947
1948
1954
1956
1964
1967
1968
1970
1972
1973
1976
1980
1982
1985
1986
1988
1989
1993
1997
1998
2002
2004
2009
2010
2012
2018
2020
2022
2023
2024
2026
2028
2029
2031
2034
2036
2037
2038
2042
2049
2051
2052
2053
2056
2057
2058
2060
2061
2062
2065
2069
2072
2074
2075
2078
2081
2082
2083
2085
2086
2087
2088
2089
2090
2092
2094
2095
2096
2098
2100
2104
2105
2106
2111
2113
2115
2116
2117
2118
2121
2123
2124
2125
2129
2131
2133
2136
2138
2140
2142
2143
2145
2147
2149
2152
2158
2159
2160
2162
2165
2167
2168
2169
2176
2177
2178
2179
2181
2186
2189
2192
2194
2195
2196
2200
2201
2203
2204
2208
2209
2212
2214
2216
2220
2223
2224
2226
2230
2231
2232
2236
2237
2241
2242
2245
2246
2248
2250
2253
2255
2256
2257
2258
2259
2264
2265
2266
2269
2274
2279
2281
2285
2286
2290
2291
2295
2297
2299
2300
2303
2306
2311
2322
2326
2328
2329
2330
2332
2333
2337
2340
2344
2351
2354
2361
2362
2364
2366
2369
2372
2373
2377
2380
2381
2382
2386
2390
2392
2395
2399
2400
2401
2404
2406
2407
2412
2413
2414
2415
2416
2417
2418
2419
2421
2422
2423
2424
2425
2428
2429
2430
2431
2434
2435
2437
2442
2443
2444
2445
2448
2449
2452
2455
2457
2461
2463
2464
2466
2469
2471
2472
2474
2475
2477
2479
2481
2482
2484
2487
2488
2492
2495
2498
2499
2501
2503
2504
2505
2506
2507
2509
2511
2512
2513
2516
2521
2522
2531
2532
2533
2534
2535
2536
2540
2541
2544
2547
2548
2549
2550
2553
2555
2556
2559
2561
2562
2564
2565
2566
2567
2568
2571
2572
2574
2575
2577
2579
2585
2586
2587
2588
2590
2591
2593
2595
2596
2597
2598
2600
2601
2602
2603
2606
2607
2609
2610
2612
2613
2614
2618
2620
2622
2624
2627
2630
2632
2634
2635
2638
2640
2641
2645
2646
2647
2648
2653
2655
2656
2659
2661
2663
2664
2668
2673
2674
2675
2679
2684
2685
2686
2689
2691
2698
2699
2700
2701
2702
2703
2705
2706
2708
2710
2711
2712
2714
2715
2716
2718
2719
2721
2725
2726
2732
2734
2735
2736
2742
2745
2748
2750
2751
2752
2753
2754
2755
2759
2763
2764
2768
2769
2772
2774
2779
2781
2782
2788
2789
2790
2791
2795
2797
2798
2802
2803
2804
2805
2806
2807
2810
2812
2813
2816
2818
2819
2820
2821
2822
2823
2825
2826
2827
2829
2830
2831
2832
2834
2837
2839
2841
2842
2843
2845
2848
2850
2851
2852
2853
2856
2857
2859
2860
2861
2864
2867
2868
2871
2873
2876
2879
2881
2883
2884
2885
2887
2895
2899
2902
2905
2909
2910
2911
2912
2914
2917
2918
2919
2920
2922
2924
2925
2927
2930
2931
2933
2934
2937
2938
2939
2940
2942
2945
2946
2950
2951
2954
2957
2959
2961
2962
2964
2968
2970
2972
2973
2977
2978
2979
2980
2981
2986
2988
2989
2991
2996
2999
3000
3002
3003
3004
3005
3007
3009
3011
3012
3013
3014
3017
3019
3020
3021
3022
3025
3028
3031
3032
3037
3039
3042
3045
3047
3051
3052
3054
3056
3057
3058
3059
3062
3065
3070
3071
3073
3074
3075
3078
3081
3082
3084
3088
3091
3092
3093
3095
3096
3099
3101
3103
3105
3106
3108
3112
3113
3115
3116
3117
3118
3120
3121
3123
3125
3129
3130
3131
3135
3137
3138
3139
3140
3142
3143
3144
3145
3146
3153
3154
3156
3157
3159
3160
3161
3162
3163
3165
3166
3169
3175
3176
3180
3181
3182
3186
3188
3190
3192
3195
3196
3197
3199
3202
3203
3204
3206
3207
3212
3215
3217
3219
3221
3222
3223
3227
3228
3233
3239
3240
3241
3242
3243
3245
3248
3249
3250
3251
3253
3254
3256
3259
3260
3261
3266
3268
3269
3270
3271
3280
3284
3285
3287
3290
3291
3293
3294
3295
3296
3297
3300
3301
3304
3305
3309
3310
3313
3317
3318
3319
3321
3322
3323
3324
3325
3326
3328
3329
3331
3332
3333
3335
3337
3340
3342
3343
3345
3349
3351
3352
3355
3356
3357
3358
3361
3362
3363
3366
3367
3378
3379
3380
3381
3383
3384
3385
3388
3389
3391
3393
3399
3400
3401
3402
3403
3404
3405
3407
3408
3410
3412
3413
3414
3416
3418
3420
3422
3423
3424
3434
3435
3436
3437
3438
3439
3440
3445
3448
3452
3453
3454
3456
3457
3459
3460
3462
3469
3471
3472
3473
3474
3475
3477
3478
3480
3481
3484
3485
3486
3487
3492
3494
3495
3499
3502
3508
3511
3512
3515
3517
3519
3525
3526
3527
3533
3534
3535
3537
3539
3541
3542
3543
3544
3545
3546
3547
3548
3549
3552
3554
3556
3558
3559
3561
3562
3566
3568
3569
3571
3572
3573
3574
3575
3577
3578
3579
3580
3581
3582
3584
3587
3591
3592
3593
3594
3595
3599
3600
3601
3602
3604
3605
3615
3625
3626
3627
3628
3629
3630
3631
3632
3633
3634
3635
3636
3644
3645
3649
3652
3653
3654
3656
3657
3660
3662
3663
3665
3666
3667
3668
3669
3674
3675
3677
3678
3680
3682
3683
3686
3689
3692
3696
3706
3709
3712
3713
3715
3716
3717
3718
3721
3726
3727
3728
3729
3732
3737
3744
3746
3747
3748
3752
3753
3754
3755
3757
3759
3760
3761
3766
3769
3773
3775
3779
3780
3781
3782
3784
3785
3786
3788
3789
3790
3791
3794
3797
3799
3800
3801
3802
3804
3805
3806
3807
3809
3811
3814
3815
3818
3819
3820
3821
3822
3825
3832
3833
3834
3835
3838
3842
3844
3846
3847
3849
3851
3852
3858
3859
3861
3868
3870
3872
3873
3875
3876
3877
3878
3879
3880
3881
3882
3884
3886
3888
3889
3890
3891
3898
3900
3901
3903
3905
3908
3909
3910
3912
3913
3917
3918
3930
3931
3932
3933
3934
3935
3938
3939
3944
3945
3947
3949
3951
3953
3960
3961
3962
3963
3964
3966
3967
3968
3973
3976
3977
3978
3979
3980
3981
3982
3983
3988
3990
3994
3995
3997
3998
4000
4003
4004
4005
4006
4008
4009
4010
4011
4013
4018
4021
4023
4028
4029
4031
4033
4037
4039
4041
4044
4045
4046
4047
4048
4049
4051
4053
4058
4060
4062
4064
4066
4067
4070
4071
4076
4078
4081
4082
4083
4085
4087
4088
4089
4091
4092
4093
4095
4100
4102
4105
4107
4108
4109
4110
4111
4112
4115
4116
4119
4120
4123
4124
4125
4126
4127
4128
4129
4139
4140
4145
4148
4150
4152
4153
4155
4157
4161
4163
4164
4165
4166
4172
4174
4175
4176
4177
4178
4185
4186
4187
4189
4190
4193
4194
4196
4197
4200
4202
4203
4204
4206
4209
4210
4218
4219
4222
4223
4224
4229
4231
4239
4240
4241
4242
4244
4246
4249
4250
4253
4258
4260
4262
4263
4265
4266
4268
4269
4272
4281
4287
4289
4290
4291
4294
4295
4300
4301
4302
4305
4306
4309
4312
4313
4319
4321
4326
4330
4332
4335
4337
4342
4343
4344
4348
4349
4350
4352
4355
4356
4358
4360
4364
4366
4368
4369
4371
4373
4375
4377
4379
4380
4382
4385
4388
4389
4390
4391
4393
4396
4397
4399
4400
4401
4404
4405
4413
4417
4418
4419
4420
4421
4424
4425
4426
4428
4429
4433
4434
4435
4438
4439
4440
4441
4442
4447
4448
4450
4454
4455
4456
4457
4460
4464
4472
4475
4476
4479
4481
4482
4487
4495
4497
4498
4503
4504
4506
4507
4509
4512
4514
4515
4516
4517
4518
4519
4520
4521
4523
4525
4528
4530
4531
4533
4535
4536
4537
4538
4542
4545
4546
4549
4552
4554
4557
4571
4573
4574
4576
4577
4579
4584
4585
4591
4593
4594
4595
4596
4597
4599
4610
4611
4613
4615
4617
4618
4621
4624
4627
4630
4633
4635
4639
4644
4647
4648
4650
4651
4652
4654
4655
4656
4657
4658
4660
4661
4662
4664
4669
4670
4671
4674
4676
4677
4678
4680
4681
4685
4687
4691
4693
4694
4698
4701
4703
4705
4707
4711
4714
4722
4725
4726
4729
4732
4735
4736
4739
4740
4741
4742
4743
4748
4750
4752
4754
4757
4758
4759
4763
4764
4765
4769
4770
4771
4773
4775
4776
4782
4785
4786
4787
4792
4793
4797
4798
4799
4800
4801
4803
4804
4805
4810
4813
4816
4817
4818
4819
4822
4823
4824
4825
4826
4827
4828
4830
4835
4837
4838
4839
4840
4841
4845
4849
4850
4852
4853
4854
4855
4860
4861
4862
4865
4867
4870
4871
4872
4873
4878
4882
4884
4886
4889
4890
4891
4893
4894
4895
4896
4897
4898
4900
4903
4904
4905
4908
4911
4912
4916
4918
4919
4923
4926
4927
4929
4931
4932
4933
4936
4938
4940
4941
4942
4947
4948
4953
4956
4957
4962
4963
4964
4965
4966
4967
4973
4974
4977
4979
4980
4984
4985
4986
4988
4993
4994
4995
4997
4998
4999
5001
5002
5005
5006
5007
5009
5010
5011
5013
5016
5018
5022
5023
5024
5025
5026
5028
5029
5030
5033
5034
5035
5037
5038
5039
5040
5041
5043
5044
5045
5046
5049
5053
5057
5058
5060
5061
5063
5071
5072
5074
5075
5078
5082
5084
5085
5086
5088
5092
5101
5103
5104
5106
5107
5111
5116
5120
5121
5122
5123
5124
5125
5126
5128
5131
5137
5138
5139
5140
5144
5146
5149
5152
5153
5155
5160
5161
5164
5165
5167
5171
5172
5176
5178
5179
5180
5185
5186
5190
5196
5198
5199
5203
5204
5205
5209
5212
5214
5215
5220
5221
5222
5223
5225
5226
5232
5234
5236
5237
5238
5239
5244
5245
5246
5248
5252
5253
5255
5256
5259
5260
5262
5263
5265
5268
5269
5270
5272
5274
5276
5281
5282
5283
5285
5286
5300
5305
5306
5307
5309
5310
5316
5317
5318
5319
5322
5324
5328
5330
5335
5337
5338
5342
5348
5349
5355
5356
5359
5361
5362
5366
5367
5371
5372
5374
5376
5378
5379
5382
5383
5387
5390
5392
5395
5396
5397
5400
5402
5406
5408
5410
5411
5414
5416
5417
5419
5421
5423
5424
5425
5426
5428
5429
5430
5431
5432
5434
5435
5437
5438
5440
5446
5448
5453
5455
5458
5459
5460
5463
5464
5469
5471
5473
5477
5478
5481
5482
5483
5487
5488
5492
5493
5495
5496
5498
5504
5506
5507
5513
5517
5519
5520
5521
5529
5530
5532
5537
5543
5548
5550
5553
5556
5558
5564
5565
5566
5567
5569
5570
5572
5573
5574
5576
5580
5583
5587
5589
5590
5595
5596
5600
5601
5603
5610
5611
5613
5618
5623
5624
5631
5634
5643
5644
5646
5647
5649
5654
5657
5658
5661
5662
5663
5665
5669
5670
5672
5673
5674
5678
5679
5681
5683
5684
5685
5686
5687
5688
5692
5693
5694
5695
5697
5699
5700
5702
5710
5711
5712
5714
5716
5719
5720
5722
5723
5724
5725
5726
5727
5728
5729
5730
5731
5733
5734
5735
5737
5739
5741
5745
5746
5747
5748
5751
5752
5753
5754
5758
5766
5767
5768
5770
5774
5775
5776
5777
5778
5782
5784
5785
5787
5791
5792
5793
5794
5796
5797
5802
5805
5806
5807
5808
5811
5813
5818
5819
5821
5822
5825
5828
5834
5836
5837
5838
5839
5840
5841
5843
5847
5848
5849
5850
5854
5855
5857
5861
5862
5863
5866
5867
5868
5869
5870
5871
5872
5873
5874
5876
5877
5878
5879
5880
5881
5882
5883
5885
5887
5888
5890
5893
5900
5901
5903
5904
5905
5906
5907
5909
5912
5913
5914
5917
5918
5919
5921
5922
5924
5925
5926
5927
5931
5934
5935
5937
5939
5945
5948
5949
5950
5951
5952
5954
5956
5958
5960
5961
5966
5968
5969
5970
5972
5973
5975
5978
5982
5984
5989
5991
5992
5996
5997
5998
6000
6002
6003
6004
6006
6009
6014
6019
6023
6024
6025
6028
6029
6030
6031
6033
6036
6042
6045
6048
6049
6053
6054
6055
6058
6059
6061
6066
6067
6069
6070
6073
6075
6077
6078
6080
6081
6082
6089
6090
6091
6093
6094
6097
6099
6100
6101
6104
6105
6106
6107
6108
6109
6112
6116
6119
6121
6122
6127
6137
6143
6144
6145
6146
6147
6148
6151
6152
6153
6154
6156
6157
6159
6160
6162
6163
6167
6170
6171
6173
6174
6175
6177
6180
6181
6182
6183
6184
6187
6188
6194
6195
6196
6197
6198
6199
6201
6204
6213
6218
6221
6222
6223
6228
6231
6233
6234
6236
6237
6238
6245
6246
6248
6252
6256
6259
6260
6263
6264
6265
6268
6270
6271
6273
6274
6275
6276
6277
6279
6280
6283
6286
6287
6294
6296
6298
6299
6300
6301
6302
6304
6306
6309
6310
6311
6315
6319
6320
6321
6322
6323
6329
6330
6331
6333
6334
6336
6339
6340
6341
6342
6349
6351
6355
6359
6360
6362
6364
6366
6367
6368
6370
6371
6374
6378
6380
6381
6383
6388
6391
6394
6395
6397
6398
6399
6401
6402
6403
6406
6407
6408
6413
6414
6415
6417
6419
6420
6424
6426
6427
6430
6431
6433
6435
6438
6439
6440
6442
6443
6444
6445
6446
6449
6456
6459
6461
6463
6464
6467
6468
6473
6474
6476
6477
6481
6483
6485
6488
6491
6492
6493
6495
6497
6500
6508
6509
6511
6512
6514
6515
6516
6520
6521
6523
6524
6525
6529
6530
6535
6536
6539
6540
6543
6544
6546
6548
6549
6551
6553
6554
6555
6556
6558
6559
6561
6563
6564
6565
6566
6567
6568
6569
6572
6573
6574
6576
6578
6581
6582
6585
6586
6588
6589
6591
6592
6594
6595
6597
6599
6600
6603
6610
6612
6615
6617
6619
6620
6622
6628
6629
6630
6631
6633
6637
6641
6642
6643
6645
6648
6649
6657
6658
6659
6660
6661
6663
6669
6671
6672
6673
6675
6676
6678
6681
6683
6684
6685
6686
6687
6688
6692
6695
6697
6698
6701
6702
6703
6704
6706
6709
6710
6713
6714
6715
6720
6730
6731
6732
6735
6736
6741
6743
6744
6745
6746
6750
6751
6753
6754
6756
6757
6761
6763
6764
6765
6766
6767
6769
6771
6773
6775
6777
6779
6780
6781
6783
6786
6793
6798
6800
6803
6806
6807
6808
6812
6815
6817
6818
6819
6825
6827
6828
6829
6833
6840
6842
6845
6849
6853
6856
6860
6861
6863
6866
6869
6873
6875
6876
6877
6878
6879
6881
6884
6887
6891
6892
6896
6897
6898
6899
6900
6901
6902
6903
6906
6909
6911
6913
6915
6916
6919
6922
6924
6926
6927
6928
6929
6930
6933
6935
6937
6938
6940
6946
6948
6950
6953
6960
6961
6966
6967
6974
6975
6981
6982
6984
6985
6987
6988
6989
6996
6999
7000
7001
7004
7005
7007
7008
7012
7014
7015
7017
7019
7021
7023
7027
7030
7031
7040
7042
7044
7045
7047
7048
7049
7054
7055
7056
7058
7060
7062
7064
7066
7067
7068
7073
7074
7076
7077
7080
7085
7089
7090
7091
7093
7095
7099
7100
7102
7103
7105
7108
7110
7111
7113
7117
7120
7124
7127
7128
7130
7131
7137
7139
7140
7141
7143
7147
7150
7151
7152
7155
7156
7161
7163
7164
7167
7168
7169
7170
7172
7174
7175
7176
7178
7179
7182
7184
7185
7187
7188
7191
7192
7193
7194
7196
7197
7201
7204
7205
7210
7211
7213
7215
7216
7219
7220
7228
7232
7233
7234
7235
7237
7238
7239
7241
7242
7243
7244
7246
7248
7250
7251
7252
7255
7256
7258
7260
7265
7266
7267
7268
7269
7270
7274
7279
7282
7283
7285
7286
7287
7288
7289
7290
7295
7296
7297
7298
7301
7302
7306
7313
7314
7317
7319
7321
7322
7324
7325
7326
7327
7329
7330
7333
7337
7338
7340
7341
7342
7343
7344
7345
7348
7349
7350
7352
7353
7354
7356
7358
7359
7360
7361
7362
7364
7366
7368
7370
7371
7372
7373
7377
7378
7382
7383
7385
7386
7388
7389
7393
7394
7398
7401
7406
7407
7412
7414
7420
7421
7425
7426
7427
7429
7432
7433
7435
7436
7438
7440
7441
7445
7446
7448
7450
7451
7452
7455
7456
7460
7462
7463
7464
7465
7466
7470
7472
7473
7474
7477
7481
7482
7483
7487
7490
7493
7494
7495
7496
7497
7498
7499
7500
7503
7507
7510
7512
7515
7518
7520
7525
7526
7528
7532
7534
7535
7536
7538
7540
7543
7544
7545
7547
7548
7549
7554
7556
7557
7560
7562
7564
7566
7567
7569
7570
7573
7576
7577
7581
7583
7584
7585
7587
7588
7590
7591
7592
7594
7601
7605
7608
7610
7612
7613
7615
7617
7618
7622
7624
7625
7627
7630
7633
7635
7639
7640
7641
7644
7647
7649
7650
7651
7652
7653
7656
7657
7663
7664
7666
7668
7669
7670
7672
7673
7675
7676
7679
7680
7682
7683
7685
7687
7689
7690
7693
7695
7696
7700
7705
7709
7710
7711
7712
7713
7715
7716
7720
7722
7723
7724
7725
7728
7735
7737
7739
7742
7744
7746
7747
7753
7755
7756
7758
7760
7762
7763
7764
7765
7766
7767
7770
7772
7778
7779
7782
7783
7787
7788
7790
7791
7792
7793
7794
7796
7798
7803
7804
7809
7810
7812
7813
7817
7818
7820
7822
7823
7830
7831
7833
7835
7840
7841
7843
7845
7847
7848
7850
7852
7854
7855
7856
7860
7862
402
4620
5197
5490
68
109
124
125
128
214
226
235
243
268
322
348
371
372
382
394
396
429
477
479
487
500
502
510
518
521
544
553
554
556
571
585
597
599
615
631
684
786
791
801
825
855
872
879
892
928
942
943
944
948
963
1006
1033
1036
1055
1076
1077
1095
1127
1136
1137
1197
1206
1232
1287
1297
1310
1345
1363
1394
1413
1422
1423
1457
1474
1475
1508
1511
1531
1550
1565
1591
1610
1631
1658
1675
1691
1754
1759
1788
1808
1828
1834
1844
1846
1847
1852
1880
1885
1887
1891
1932
1953
1955
1984
2007
2013
2015
2025
2041
2066
2068
2077
2108
2141
2185
2190
2193
2197
2205
2234
2254
2267
2276
2304
2338
2350
2383
2393
2398
2402
2405
2411
2420
2426
2450
2497
2508
2537
2546
2552
2578
2580
2605
2621
2666
2693
2709
2771
2783
2817
2833
2869
2906
2907
2916
2926
2967
3033
3043
3050
3061
3077
3094
3133
3164
3167
3170
3173
3179
3183
3316
3336
3369
3371
3397
3449
3489
3532
3540
3563
3564
3589
3613
3642
3658
3670
3702
3770
3774
3796
3798
3836
3843
3863
3887
3916
3922
3923
3924
3926
3936
3950
4012
4017
4020
4034
4038
4042
4061
4072
4094
4114
4117
4160
4216
4226
4264
4271
4277
4283
4286
4334
4374
4384
4402
4403
4410
4416
4422
4445
4453
4458
4462
4510
4608
4665
4675
4684
4727
4753
4790
4795
4821
4829
4883
4899
4969
5032
5050
5052
5069
5073
5080
5110
5157
5173
5181
5195
5228
5230
5231
5257
5343
5360
5375
5377
5385
5420
5451
5468
5494
5509
5512
5524
5544
5552
5560
5562
5602
5604
5615
5636
5638
5641
5659
5667
5704
5705
5764
5773
5800
5812
5864
5875
5886
5957
5962
6005
6007
6012
6086
6092
6115
6138
6155
6161
6185
6189
6190
6212
6216
6258
6266
6285
6313
6385
6471
6475
6510
6527
6552
6575
6580
6636
6638
6691
6705
6739
6778
6792
6796
6801
6835
6850
6907
6957
7013
7035
7041
7057
7072
7087
7101
7106
7109
7118
7126
7132
7136
7165
7186
7200
7293
7300
7304
7316
7318
7328
7369
7400
7409
7416
7424
7457
7467
7488
7513
7521
7541
7563
7580
7597
7609
7621
7681
7708
7732
7733
7736
7780
7806
7808
7839
7858
1990
2894
5065
5743
5815
5852
2
3
4
5
6
10
11
14
17
18
21
25
27
28
29
30
32
34
35
36
39
40
41
42
46
49
50
52
55
57
63
64
66
69
70
73
74
76
77
80
81
82
84
85
87
88
89
90
97
100
101
103
106
110
112
113
114
117
118
119
123
126
127
130
131
132
133
135
138
141
142
143
145
150
154
156
157
159
164
166
170
178
180
182
186
190
191
192
194
195
196
197
199
204
205
208
209
210
211
212
213
215
216
218
220
221
223
224
227
233
236
237
238
239
240
241
242
245
247
248
249
251
252
253
259
263
264
265
270
272
273
274
275
276
278
282
283
285
288
290
292
293
299
300
302
303
304
305
310
313
317
318
324
326
328
332
333
334
336
339
341
344
346
349
351
352
353
356
358
362
365
368
369
370
373
374
376
379
381
386
387
388
390
391
392
393
397
399
401
405
406
410
412
413
414
415
416
417
419
420
422
424
425
427
430
433
436
438
439
440
441
443
444
449
451
454
456
459
460
462
463
466
467
472
476
478
480
481
482
488
492
495
498
499
503
505
507
508
512
513
514
517
522
524
525
526
527
528
531
533
537
538
539
542
543
545
552
555
557
558
562
565
566
567
572
573
578
580
584
587
589
592
593
601
603
605
609
610
611
612
620
622
623
625
628
629
632
633
634
637
639
640
641
643
646
650
651
652
655
657
658
661
662
663
667
668
670
674
677
678
680
682
685
687
690
692
696
700
702
706
708
709
712
714
715
716
717
719
720
721
723
724
725
726
727
728
730
732
736
739
740
741
744
745
746
747
748
752
753
757
759
760
762
766
769
770
774
776
778
784
785
790
792
793
798
800
802
803
805
806
807
814
817
818
820
821
822
824
827
829
830
831
832
835
836
837
838
839
843
846
847
848
850
851
852
859
861
863
864
871
876
877
880
881
887
888
889
890
893
895
897
898
900
902
903
907
911
912
913
918
920
921
922
923
925
926
927
929
932
934
935
936
947
949
954
966
967
969
971
974
975
979
982
986
987
988
991
992
994
998
999
1000
1001
1005
1007
1008
1009
1010
1013
1017
1024
1026
1028
1029
1030
1031
1032
1035
1037
1038
1040
1042
1045
1050
1054
1058
1065
1066
1068
1069
1070
1071
1072
1074
1079
1080
1081
1082
1084
1085
1086
1087
1091
1092
1093
1094
1097
1099
1100
1106
1107
1112
1117
1122
1123
1124
1128
1134
1140
1143
1144
1150
1152
1154
1155
1156
1157
1158
1159
1160
1161
1162
1163
1164
1171
1173
1174
1175
1176
1177
1178
1180
1182
1184
1185
1190
1194
1196
1202
1203
1204
1205
1208
1209
1211
1215
1216
1217
1222
1223
1224
1225
1226
1228
1229
1230
1231
1234
1235
1237
1238
1240
1242
1243
1244
1246
1249
1250
1252
1256
1258
1260
1261
1264
1265
1270
1272
1273
1278
1280
1281
1282
1283
1284
1285
1286
1288
1290
1292
1295
1296
1298
1304
1306
1307
1308
1311
1312
1313
1317
1319
1321
1324
1327
1329
1330
1332
1333
1334
1335
1338
1343
1344
1347
1351
1352
1353
1357
1359
1360
1361
1364
1366
1367
1369
1371
1376
1377
1379
1385
1388
1389
1390
1393
1395
1396
1399
1403
1406
1407
1408
1410
1412
1414
1415
1416
1417
1418
1419
1421
1424
1425
1427
1429
1431
1432
1433
1434
1435
1439
1440
1442
1444
1445
1447
1448
1452
1453
1454
1458
1459
1460
1461
1462
1465
1468
1470
1471
1477
1480
1482
1485
1486
1488
1489
1492
1493
1495
1496
1497
1499
1500
1503
1504
1506
1507
1509
1510
1512
1513
1517
1519
1520
1521
1525
1526
1528
1532
1536
1537
1538
1539
1540
1541
1543
1544
1545
1546
1547
1552
1553
1554
1555
1556
1562
1564
1566
1570
1571
1572
1573
1574
1579
1580
1582
1584
1586
1587
1589
1590
1592
1594
1595
1596
1600
1603
1604
1605
1611
1613
1617
1620
1622
1624
1628
1629
1632
1639
1640
1641
1643
1644
1657
1660
1664
1665
1666
1670
1671
1672
1674
1677
1681
1682
1683
1688
1689
1690
1695
1696
1697
1699
1700
1701
1702
1703
1704
1705
1706
1709
1711
1712
1713
1714
1716
1717
1719
1720
1723
1724
1726
1727
1728
1730
1732
1733
1734
1740
1741
1742
1743
1744
1745
1753
1755
1756
1762
1763
1765
1767
1770
1773
1775
1777
1778
1779
1781
1782
1784
1785
1787
1789
1790
1791
1792
1799
1800
1804
1807
1809
1810
1815
1816
1817
1818
1819
1821
1822
1824
1826
1829
1835
1836
1840
1841
1842
1845
1848
1850
1856
1858
1860
1862
1863
1868
1869
1871
1874
1877
1878
1881
1882
1883
1884
1886
1890
1894
1896
1898
1899
1901
1902
1904
1905
1907
1911
1912
1913
1917
1918
1922
1924
1925
1926
1928
1934
1936
1937
1938
1939
1942
1943
1944
1946
1949
1950
1951
1952
1957
1958
1959
1960
1961
1962
1963
1965
1966
1969
1971
1974
1975
1977
1978
1979
1981
1983
1987
1991
1992
1994
1995
1996
1999
2000
2001
2003
2005
2006
2008
2011
2014
2016
2017
2019
2021
2027
2030
2032
2033
2035
2039
2040
2043
2044
2045
2046
2047
2048
2050
2054
2055
2059
2063
2064
2067
2070
2071
2073
2076
2079
2080
2084
2091
2093
2097
2099
2101
2102
2103
2107
2109
2110
2112
2114
2119
2120
2122
2126
2127
2128
2130
2132
2134
2135
2137
2139
2144
2146
2148
2150
2151
2153
2154
2155
2156
2157
2161
2163
2164
2166
2170
2171
2172
2173
2174
2175
2180
2182
2183
2184
2187
2188
2191
2198
2199
2202
2206
2207
2210
2211
2213
2215
2217
2218
2219
2221
2222
2225
2227
2228
2229
2233
2235
2238
2239
2240
2243
2244
2247
2249
2251
2252
2260
2261
2262
2263
2268
2270
2271
2272
2273
2275
2277
2278
2280
2282
2283
2284
2287
2288
2289
2292
2293
2294
2296
2298
2301
2302
2305
2307
2308
2309
2310
2312
2313
2314
2315
2316
2317
2318
2319
2320
2321
2323
2324
2325
2327
2331
2334
2335
2336
2339
2341
2342
2343
2345
2346
2347
2348
2349
2352
2353
2355
2356
2357
2358
2359
2360
2363
2365
2367
2368
2370
2371
2374
2375
2376
2378
2379
2384
2385
2387
2388
2389
2391
2394
2396
2397
2403
2408
2409
2410
2427
2432
2433
2436
2438
2439
2440
2441
2446
2447
2451
2453
2454
2456
2458
2459
2460
2462
2465
2467
2468
2470
2473
2476
2478
2480
2483
2485
2486
2489
2490
2491
2493
2494
2496
2500
2502
2510
2514
2515
2517
2518
2519
2520
2523
2524
2525
2526
2527
2528
2529
2530
2538
2539
2542
2543
2545
2551
2554
2557
2558
2560
2563
2569
2570
2573
2576
2581
2582
2583
2584
2589
2592
2594
2599
2604
2608
2611
2615
2616
2617
2619
2623
2625
2626
2628
2629
2631
2633
2636
2637
2639
2642
2643
2644
2649
2650
2651
2652
2654
2657
2658
2660
2662
2665
2667
2669
2670
2671
2672
2676
2677
2678
2680
2681
2682
2683
2687
2688
2690
2692
2694
2695
2696
2697
2704
2707
2713
2717
2720
2722
2723
2724
2727
2728
2729
2730
2731
2733
2737
2738
2739
2740
2741
2743
2744
2746
2747
2749
2756
2757
2758
2760
2761
2762
2765
2766
2767
2770
2773
2775
2776
2777
2778
2780
2784
2785
2786
2787
2792
2793
2794
2796
2799
2800
2801
2808
2809
2811
2814
2815
2824
2828
2835
2836
2838
2840
2844
2846
2847
2849
2854
2855
2858
2862
2863
2865
2866
2870
2872
2874
2875
2877
2878
2880
2882
2886
2888
2889
2890
2891
2892
2893
2896
2897
2898
2900
2901
2903
2904
2908
2913
2915
2921
2923
2928
2929
2932
2935
2936
2941
2943
2944
2947
2948
2949
2952
2953
2955
2956
2958
2960
2963
2965
2966
2969
2971
2974
2975
2976
2982
2983
2984
2985
2987
2990
2992
2993
2994
2995
2997
2998
3001
3006
3008
3010
3015
3016
3018
3023
3024
3026
3027
3029
3030
3034
3035
3036
3038
3040
3041
3044
3046
3048
3049
3053
3055
3060
3063
3064
3066
3067
3068
3069
3072
3076
3079
3080
3083
3085
3086
3087
3089
3090
3097
3098
3100
3102
3104
3107
3109
3110
3111
3114
3119
3122
3124
3126
3127
3128
3132
3134
3136
3141
3147
3148
3149
3150
3151
3152
3155
3158
3168
3171
3172
3174
3177
3178
3184
3185
3187
3189
3191
3193
3194
3198
3200
3201
3205
3208
3209
3210
3211
3213
3214
3216
3218
3220
3224
3225
3226
3229
3230
3231
3232
3234
3235
3236
3237
3238
3244
3246
3247
3252
3255
3257
3258
3262
3263
3264
3265
3267
3272
3273
3274
3275
3276
3277
3278
3279
3281
3282
3283
3286
3288
3289
3292
3298
3299
3302
3303
3306
3307
3308
3311
3312
3314
3315
3320
3327
3330
3334
3338
3339
3341
3344
3346
3347
3348
3350
3353
3354
3359
3360
3364
3365
3368
3370
3372
3373
3374
3375
3376
3377
3382
3386
3387
3390
3392
3394
3395
3396
3398
3406
3409
3411
3415
3417
3419
3421
3425
3426
3427
3428
3429
3430
3431
3432
3433
3441
3442
3443
3444
3446
3447
3450
3451
3455
3458
3461
3463
3464
3465
3466
3467
3468
3470
3476
3479
3482
3483
3488
3490
3491
3493
3496
3497
3498
3500
3501
3503
3504
3505
3506
3507
3509
3510
3513
3514
3516
3518
3520
3521
3522
3523
3524
3528
3529
3530
3531
3536
3538
3550
3551
3553
3555
3557
3560
3565
3567
3570
3576
3583
3585
3586
3588
3590
3596
3597
3598
3603
3606
3607
3608
3609
3610
3611
3612
3614
3616
3617
3618
3619
3620
3621
3622
3623
3624
3637
3638
3639
3640
3641
3643
3646
3647
3648
3650
3651
3655
3659
3661
3664
3671
3672
3673
3676
3679
3681
3684
3685
3687
3688
3690
3691
3693
3694
3695
3697
3698
3699
3700
3701
3703
3704
3705
3707
3708
3710
3711
3714
3719
3720
3722
3723
3724
3725
3730
3731
3733
3734
3735
3736
3738
3739
3740
3741
3742
3743
3745
3749
3750
3751
3756
3758
3762
3763
3764
3765
3767
3768
3771
3772
3776
3777
3778
3783
3787
3792
3793
3795
3803
3808
3810
3812
3813
3816
3817
3823
3824
3826
3827
3828
3829
3830
3831
3837
3839
3840
3841
3845
3848
3850
3853
3854
3855
3856
3857
3860
3862
3864
3865
3866
3867
3869
3871
3874
3883
3885
3892
3893
3894
3895
3896
3897
3899
3902
3904
3906
3907
3911
3914
3915
3919
3920
3921
3925
3927
3928
3929
3937
3940
3941
3942
3943
3946
3948
3952
3954
3955
3956
3957
3958
3959
3965
3969
3970
3971
3972
3974
3975
3984
3985
3986
3987
3989
3991
3992
3993
3996
3999
4001
4002
4007
4014
4015
4016
4019
4022
4024
4025
4026
4027
4030
4032
4035
4036
4040
4043
4050
4052
4054
4055
4056
4057
4059
4063
4065
4068
4069
4073
4074
4075
4077
4079
4080
4084
4086
4090
4096
4097
4098
4099
4101
4103
4104
4106
4113
4118
4121
4122
4130
4131
4132
4133
4134
4135
4136
4137
4138
4141
4142
4143
4144
4146
4147
4149
4151
4154
4156
4158
4159
4162
4167
4168
4169
4170
4171
4173
4179
4180
4181
4182
4183
4184
4188
4191
4192
4195
4198
4199
4201
4205
4207
4208
4211
4212
4213
4214
4215
4217
4220
4221
4225
4227
4228
4230
4232
4233
4234
4235
4236
4237
4238
4243
4245
4247
4248
4251
4252
4254
4255
4256
4257
4259
4261
4267
4270
4273
4274
4275
4276
4278
4279
4280
4282
4284
4285
4288
4292
4293
4296
4297
4298
4299
4303
4304
4307
4308
4310
4311
4314
4315
4316
4317
4318
4320
4322
4323
4324
4325
4327
4328
4329
4331
4333
4336
4338
4339
4340
4341
4345
4346
4347
4351
4353
4354
4357
4359
4361
4362
4363
4365
4367
4370
4372
4376
4378
4381
4383
4386
4387
4392
4394
4395
4398
4406
4407
4408
4409
4411
4412
4414
4415
4423
4427
4430
4431
4432
4436
4437
4443
4444
4446
4449
4451
4452
4459
4461
4463
4465
4466
4467
4468
4469
4470
4471
4473
4474
4477
4478
4480
4483
4484
4485
4486
4488
4489
4490
4491
4492
4493
4494
4496
4499
4500
4501
4502
4505
4508
4511
4513
4522
4524
4526
4527
4529
4532
4534
4539
4540
4541
4543
4544
4547
4548
4550
4551
4553
4555
4556
4558
4559
4560
4561
4562
4563
4564
4565
4566
4567
4568
4569
4570
4572
4575
4578
4580
4581
4582
4583
4586
4587
4588
4589
4590
4592
4598
4600
4601
4602
4603
4604
4605
4606
4607
4609
4612
4614
4616
4619
4622
4623
4625
4626
4628
4629
4631
4632
4634
4636
4637
4638
4640
4641
4642
4643
4645
4646
4649
4653
4659
4663
4666
4667
4668
4672
4673
4679
4682
4683
4686
4688
4689
4690
4692
4695
4696
4697
4699
4700
4702
4704
4706
4708
4709
4710
4712
4713
4715
4716
4717
4718
4719
4720
4721
4723
4724
4728
4730
4731
4733
4734
4737
4738
4744
4745
4746
4747
4749
4751
4755
4756
4760
4761
4762
4766
4767
4768
4772
4774
4777
4778
4779
4780
4781
4783
4784
4788
4789
4791
4794
4796
4802
4806
4807
4808
4809
4811
4812
4814
4815
4820
4831
4832
4833
4834
4836
4842
4843
4844
4846
4847
4848
4851
4856
4857
4858
4859
4863
4864
4866
4868
4869
4874
4875
4876
4877
4879
4880
4881
4885
4887
4888
4892
4901
4902
4906
4907
4909
4910
4913
4914
4915
4917
4920
4921
4922
4924
4925
4928
4930
4934
4935
4937
4939
4943
4944
4945
4946
4949
4950
4951
4952
4954
4955
4958
4959
4960
4961
4968
4970
4971
4972
4975
4976
4978
4981
4982
4983
4987
4989
4990
4991
4992
4996
5000
5003
5004
5008
5012
5014
5015
5017
5019
5020
5021
5027
5031
5036
5042
5047
5048
5051
5054
5055
5056
5059
5062
5064
5066
5067
5068
5070
5076
5077
5079
5081
5083
5087
5089
5090
5091
5093
5094
5095
5096
5097
5098
5099
5100
5102
5105
5108
5109
5112
5113
5114
5115
5117
5118
5119
5127
5129
5130
5132
5133
5134
5135
5136
5141
5142
5143
5145
5147
5148
5150
5151
5154
5156
5158
5159
5162
5163
5166
5168
5169
5170
5174
5175
5177
5182
5183
5184
5187
5188
5189
5191
5192
5193
5194
5200
5201
5202
5206
5207
5208
5210
5211
5213
5216
5217
5218
5219
5224
5227
5229
5233
5235
5240
5241
5242
5243
5247
5249
5250
5251
5254
5258
5261
5264
5266
5267
5271
5273
5275
5277
5278
5279
5280
5284
5287
5288
5289
5290
5291
5292
5293
5294
5295
5296
5297
5298
5299
5301
5302
5303
5304
5308
5311
5312
5313
5314
5315
5320
5321
5323
5325
5326
5327
5329
5331
5332
5333
5334
5336
5339
5340
5341
5344
5345
5346
5347
5350
5351
5352
5353
5354
5357
5358
5363
5364
5365
5368
5369
5370
5373
5380
5381
5384
5386
5388
5389
5391
5393
5394
5398
5399
5401
5403
5404
5405
5407
5409
5412
5413
5415
5418
5422
5427
5433
5436
5439
5441
5442
5443
5444
5445
5447
5449
5450
5452
5454
5456
5457
5461
5462
5465
5466
5467
5470
5472
5474
5475
5476
5479
5480
5484
5485
5486
5489
5491
5497
5499
5500
5501
5502
5503
5505
5508
5510
5511
5514
5515
5516
5518
5522
5523
5525
5526
5527
5528
5531
5533
5534
5535
5536
5538
5539
5540
5541
5542
5545
5546
5547
5549
5551
5554
5555
5557
5559
5561
5563
5568
5571
5575
5577
5578
5579
5581
5582
5584
5585
5586
5588
5591
5592
5593
5594
5597
5598
5599
5605
5606
5607
5608
5609
5612
5614
5616
5617
5619
5620
5621
5622
5625
5626
5627
5628
5629
5630
5632
5633
5635
5637
5639
5640
5642
5645
5648
5650
5651
5652
5653
5655
5656
5660
5664
5666
5668
5671
5675
5676
5677
5680
5682
5689
5690
5691
5696
5698
5701
5703
5706
5707
5708
5709
5713
5715
5717
5718
5721
5732
5736
5738
5740
5742
5744
5749
5750
5755
5756
5757
5759
5760
5761
5762
5763
5765
5769
5771
5772
5779
5780
5781
5783
5786
5788
5789
5790
5795
5798
5799
5801
5803
5804
5809
5810
5814
5816
5817
5820
5823
5824
5826
5827
5829
5830
5831
5832
5833
5835
5842
5844
5845
5846
5851
5853
5856
5858
5859
5860
5865
5884
5889
5891
5892
5894
5895
5896
5897
5898
5899
5902
5908
5910
5911
5915
5916
5920
5923
5928
5929
5930
5932
5933
5936
5938
5940
5941
5942
5943
5944
5946
5947
5953
5955
5959
5963
5964
5965
5967
5971
5974
5976
5977
5979
5980
5981
5983
5985
5986
5987
5988
5990
5993
5994
5995
5999
6001
6008
6010
6011
6013
6015
6016
6017
6018
6020
6021
6022
6026
6027
6032
6034
6035
6037
6038
6039
6040
6041
6043
6044
6046
6047
6050
6051
6052
6056
6057
6060
6062
6063
6064
6065
6068
6071
6072
6074
6076
6079
6083
6084
6085
6087
6088
6095
6096
6098
6102
6103
6110
6111
6113
6114
6117
6118
6120
6123
6124
6125
6126
6128
6129
6130
6131
6132
6133
6134
6135
6136
6139
6140
6141
6142
6149
6150
6158
6164
6165
6166
6168
6169
6172
6176
6178
6179
6186
6191
6192
6193
6200
6202
6203
6205
6206
6207
6208
6209
6210
6211
6214
6215
6217
6219
6220
6224
6225
6226
6227
6229
6230
6232
6235
6239
6240
6241
6242
6243
6244
6247
6249
6250
6251
6253
6254
6255
6257
6261
6262
6267
6269
6272
6278
6281
6282
6284
6288
6289
6290
6291
6292
6293
6295
6297
6303
6305
6307
6308
6312
6314
6316
6317
6318
6324
6325
6326
6327
6328
6332
6335
6337
6338
6343
6344
6345
6346
6347
6348
6350
6352
6353
6354
6356
6357
6358
6361
6363
6365
6369
6372
6373
6375
6376
6377
6379
6382
6384
6386
6387
6389
6390
6392
6393
6396
6400
6404
6405
6409
6410
6411
6412
6416
6418
6421
6422
6423
6425
6428
6429
6432
6434
6436
6437
6441
6447
6448
6450
6451
6452
6453
6454
6455
6457
6458
6460
6462
6465
6466
6469
6470
6472
6478
6479
6480
6482
6484
6486
6487
6489
6490
6494
6496
6498
6499
6501
6502
6503
6504
6505
6506
6507
6513
6517
6518
6519
6522
6526
6528
6531
6532
6533
6534
6537
6538
6541
6542
6545
6547
6550
6557
6560
6562
6570
6571
6577
6579
6583
6584
6587
6590
6593
6596
6598
6601
6602
6604
6605
6606
6607
6608
6609
6611
6613
6614
6616
6618
6621
6623
6624
6625
6626
6627
6632
6634
6635
6639
6640
6644
6646
6647
6650
6651
6652
6653
6654
6655
6656
6662
6664
6665
6666
6667
6668
6670
6674
6677
6679
6680
6682
6689
6690
6693
6694
6696
6699
6700
6707
6708
6711
6712
6716
6717
6718
6719
6721
6722
6723
6724
6725
6726
6727
6728
6729
6733
6734
6737
6738
6740
6742
6747
6748
6749
6752
6755
6758
6759
6760
6762
6768
6770
6772
6774
6776
6782
6784
6785
6787
6788
6789
6790
6791
6794
6795
6797
6799
6802
6804
6805
6809
6810
6811
6813
6814
6816
6820
6821
6822
6823
6824
6826
6830
6831
6832
6834
6836
6837
6838
6839
6841
6843
6844
6846
6847
6848
6851
6852
6854
6855
6857
6858
6859
6862
6864
6865
6867
6868
6870
6871
6872
6874
6880
6882
6883
6885
6886
6888
6889
6890
6893
6894
6895
6904
6905
6908
6910
6912
6914
6917
6918
6920
6921
6923
6925
6931
6932
6934
6936
6939
6941
6942
6943
6944
6945
6947
6949
6951
6952
6954
6955
6956
6958
6959
6962
6963
6964
6965
6968
6969
6970
6971
6972
6973
6976
6977
6978
6979
6980
6983
6986
6990
6991
6992
6993
6994
6995
6997
6998
7002
7003
7006
7009
7010
7011
7016
7018
7020
7022
7024
7025
7026
7028
7029
7032
7033
7034
7036
7037
7038
7039
7043
7046
7050
7051
7052
7053
7059
7061
7063
7065
7069
7070
7071
7075
7078
7079
7081
7082
7083
7084
7086
7088
7092
7094
7096
7097
7098
7104
7107
7112
7114
7115
7116
7119
7121
7122
7123
7125
7129
7133
7134
7135
7138
7142
7144
7145
7146
7148
7149
7153
7154
7157
7158
7159
7160
7162
7166
7171
7173
7177
7180
7181
7183
7189
7190
7195
7198
7199
7202
7203
7206
7207
7208
7209
7212
7214
7217
7218
7221
7222
7223
7224
7225
7226
7227
7229
7230
7231
7236
7240
7245
7247
7249
7253
7254
7257
7259
7261
7262
7263
7264
7271
7272
7273
7275
7276
7277
7278
7280
7281
7284
7291
7292
7294
7299
7303
7305
7307
7308
7309
7310
7311
7312
7315
7320
7323
7331
7332
7334
7335
7336
7339
7346
7347
7351
7355
7357
7363
7365
7367
7374
7375
7376
7379
7380
7381
7384
7387
7390
7391
7392
7395
7396
7397
7399
7402
7403
7404
7405
7408
7410
7411
7413
7415
7417
7418
7419
7422
7423
7428
7430
7431
7434
7437
7439
7442
7443
7444
7447
7449
7453
7454
7458
7459
7461
7468
7469
7471
7475
7476
7478
7479
7480
7484
7485
7486
7489
7491
7492
7501
7502
7504
7505
7506
7508
7509
7511
7514
7516
7517
7519
7522
7523
7524
7527
7529
7530
7531
7533
7537
7539
7542
7546
7550
7551
7552
7553
7555
7558
7559
7561
7565
7568
7571
7572
7574
7575
7578
7579
7582
7586
7589
7593
7595
7596
7598
7599
7600
7602
7603
7604
7606
7607
7611
7614
7616
7619
7620
7623
7626
7628
7629
7631
7632
7634
7636
7637
7638
7642
7643
7645
7646
7648
7654
7655
7658
7659
7660
7661
7662
7665
7667
7671
7674
7677
7678
7684
7686
7688
7691
7692
7694
7697
7698
7699
7701
7702
7703
7704
7706
7707
7714
7717
7718
7719
7721
7726
7727
7729
7730
7731
7734
7738
7740
7741
7743
7745
7748
7749
7750
7751
7752
7754
7757
7759
7761
7768
7769
7771
7773
7774
7775
7776
7777
7781
7784
7785
7786
7789
7795
7797
7799
7800
7801
7802
7805
7807
7811
7814
7815
7816
7819
7821
7824
7825
7826
7827
7828
7829
7832
7834
7836
7837
7838
7842
7844
7846
7849
7851
7853
7857
7859
7861
7863
