103526917
103484292
106288816
104379596
104405611
104775512
105434682
105291604
103838430
105371370
104677980
104175650
105894571
104509242
103971939
105376499
105223283
104153426
105082245
105413188
104130613
104800548
106846555
104138329
103769253
105456754
104044745
104385328
106973740
105460460
105291604
103924980
106262848
105291604
104467320
107377013
104461473
103972005
105285131
104467320
103862257
104999889
104350595
104081072
104574368
106363436
106152945
104800548
104053204
104870303
104350595
104762536
105009935
105444141
105223283
104980431
104530816
104053574
105084783
103858532
105331429
impossible
104126562
104044745
103852927
105444141
104473699
104241289
105983776
106112643
105493748
106488473
105342354
104860053
105148621
105376499
106589692
104473699
104800548
103527478
104509242
104264644
103527478
104120761
105760898
104473699
105615085
104509242
105331429
103971939
104461473
103655074
104191785
104130613
104350595
104461473
105710621
105282693
104555338
105834957
