100 100
1 2 289384
2 3 930887
2 4 692778
4 5 636916
4 6 747794
4 7 238336
4 8 885387
8 9 760493
8 10 516650
8 11 641422
8 12 202363
8 13 490028
8 14 368691
8 15 520060
8 16 897764
16 17 513927
16 18 180541
16 19 383427
16 20 89173
16 21 455737
16 22 5212
16 23 595369
16 24 702568
16 25 956430
16 26 465783
16 27 21531
16 28 722863
16 29 665124
16 30 174068
16 31 703136
16 32 513930
32 33 979803
32 34 634023
32 35 723059
32 36 133070
32 37 898168
32 38 961394
32 39 18457
32 40 175012
32 41 478043
32 42 176230
32 43 377374
32 44 484422
32 45 544920
32 46 413785
32 47 898538
32 48 575199
32 49 594325
32 50 798316
32 51 664371
32 52 566414
32 53 803527
32 54 776092
32 55 268981
32 56 759957
32 57 241874
32 58 806863
32 59 999171
32 60 906997
32 61 497282
32 62 702306
32 63 420926
32 64 477085
64 65 336328
64 66 660337
64 67 126506
64 68 750847
64 69 621730
64 70 661314
64 71 925858
64 72 616125
64 73 353896
64 74 819583
64 75 100546
64 76 898815
64 77 233368
64 78 515435
64 79 990365
64 80 344044
64 81 313751
64 82 171088
64 83 426809
64 84 117277
64 85 947179
64 86 695789
64 87 393585
64 88 705404
64 89 502652
64 90 392755
64 91 612400
64 92 999933
64 93 95061
64 94 549677
64 95 993369
64 96 947740
64 97 210013
64 98 636227
64 99 698587
64 100 348095
96 71 35
79 68 2
98 3 18
93 53 57
2 81 87
42 66 90
45 20 41
30 32 18
98 72 82
76 10 28
68 57 98
54 87 66
7 84 20
25 29 72
33 30 4
20 71 69
9 16 41
50 97 24
19 46 47
52 22 56
80 89 65
29 42 51
94 1 35
65 25 15
88 57 44
92 28 66
60 37 33
52 38 29
76 8 75
22 59 96
30 38 36
94 19 29
44 12 29
30 77 5
44 64 14
39 7 41
5 19 29
89 70 18
18 97 25
44 71 84
91 100 73
26 45 91
6 40 55
87 70 83
43 65 98
8 56 5
49 12 23
29 100 44
47 69 41
23 12 11
6 2 62
31 79 6
21 37 45
27 23 66
9 17 83
59 25 38
63 25 1
37 53 100
80 51 69
72 74 32
82 31 34
95 61 64
100 82 97
60 74 14
69 91 96
27 67 85
41 91 85
77 43 37
8 46 57
80 19 88
13 49 73
60 10 37
11 43 88
7 2 14
73 22 56
20 100 22
5 40 12
41 68 6
29 28 51
85 59 21
25 23 70
97 82 31
85 93 73
73 51 26
86 23 100
41 43 99
14 99 91
25 91 10
82 20 37
33 56 95
5 80 70
74 77 51
56 61 43
80 85 94
6 22 68
5 14 62
55 27 60
45 3 7
85 22 43
69 29 90
