2000 1
1 2 1000000000
1 3 1000000000
1 4 1000000000
1 5 1000000000
1 6 1000000000
1 7 1000000000
1 8 1000000000
1 9 1000000000
1 10 1000000000
1 11 1000000000
1 12 1000000000
1 13 1000000000
1 14 1000000000
1 15 1000000000
1 16 1000000000
1 17 1000000000
1 18 1000000000
1 19 1000000000
1 20 1000000000
1 21 1000000000
1 22 1000000000
1 23 1000000000
1 24 1000000000
1 25 1000000000
1 26 1000000000
1 27 1000000000
1 28 1000000000
1 29 1000000000
1 30 1000000000
1 31 1000000000
1 32 1000000000
1 33 1000000000
1 34 1000000000
1 35 1000000000
1 36 1000000000
1 37 1000000000
1 38 1000000000
1 39 1000000000
1 40 1000000000
1 41 1000000000
1 42 1000000000
1 43 1000000000
1 44 1000000000
1 45 1000000000
1 46 1000000000
1 47 1000000000
1 48 1000000000
1 49 1000000000
1 50 1000000000
1 51 1000000000
1 52 1000000000
1 53 1000000000
1 54 1000000000
1 55 1000000000
1 56 1000000000
1 57 1000000000
1 58 1000000000
1 59 1000000000
1 60 1000000000
1 61 1000000000
1 62 1000000000
1 63 1000000000
1 64 1000000000
1 65 1000000000
1 66 1000000000
1 67 1000000000
1 68 1000000000
1 69 1000000000
1 70 1000000000
1 71 1000000000
1 72 1000000000
1 73 1000000000
1 74 1000000000
1 75 1000000000
1 76 1000000000
1 77 1000000000
1 78 1000000000
1 79 1000000000
1 80 1000000000
1 81 1000000000
1 82 1000000000
1 83 1000000000
1 84 1000000000
1 85 1000000000
1 86 1000000000
1 87 1000000000
1 88 1000000000
1 89 1000000000
1 90 1000000000
1 91 1000000000
1 92 1000000000
1 93 1000000000
1 94 1000000000
1 95 1000000000
1 96 1000000000
1 97 1000000000
1 98 1000000000
1 99 1000000000
1 100 1000000000
1 101 1000000000
1 102 1000000000
1 103 1000000000
1 104 1000000000
1 105 1000000000
1 106 1000000000
1 107 1000000000
1 108 1000000000
1 109 1000000000
1 110 1000000000
1 111 1000000000
1 112 1000000000
1 113 1000000000
1 114 1000000000
1 115 1000000000
1 116 1000000000
1 117 1000000000
1 118 1000000000
1 119 1000000000
1 120 1000000000
1 121 1000000000
1 122 1000000000
1 123 1000000000
1 124 1000000000
1 125 1000000000
1 126 1000000000
1 127 1000000000
1 128 1000000000
1 129 1000000000
1 130 1000000000
1 131 1000000000
1 132 1000000000
1 133 1000000000
1 134 1000000000
1 135 1000000000
1 136 1000000000
1 137 1000000000
1 138 1000000000
1 139 1000000000
1 140 1000000000
1 141 1000000000
1 142 1000000000
1 143 1000000000
1 144 1000000000
1 145 1000000000
1 146 1000000000
1 147 1000000000
1 148 1000000000
1 149 1000000000
1 150 1000000000
1 151 1000000000
1 152 1000000000
1 153 1000000000
1 154 1000000000
1 155 1000000000
1 156 1000000000
1 157 1000000000
1 158 1000000000
1 159 1000000000
1 160 1000000000
1 161 1000000000
1 162 1000000000
1 163 1000000000
1 164 1000000000
1 165 1000000000
1 166 1000000000
1 167 1000000000
1 168 1000000000
1 169 1000000000
1 170 1000000000
1 171 1000000000
1 172 1000000000
1 173 1000000000
1 174 1000000000
1 175 1000000000
1 176 1000000000
1 177 1000000000
1 178 1000000000
1 179 1000000000
1 180 1000000000
1 181 1000000000
1 182 1000000000
1 183 1000000000
1 184 1000000000
1 185 1000000000
1 186 1000000000
1 187 1000000000
1 188 1000000000
1 189 1000000000
1 190 1000000000
1 191 1000000000
1 192 1000000000
1 193 1000000000
1 194 1000000000
1 195 1000000000
1 196 1000000000
1 197 1000000000
1 198 1000000000
1 199 1000000000
1 200 1000000000
1 201 1000000000
1 202 1000000000
1 203 1000000000
1 204 1000000000
1 205 1000000000
1 206 1000000000
1 207 1000000000
1 208 1000000000
1 209 1000000000
1 210 1000000000
1 211 1000000000
1 212 1000000000
1 213 1000000000
1 214 1000000000
1 215 1000000000
1 216 1000000000
1 217 1000000000
1 218 1000000000
1 219 1000000000
1 220 1000000000
1 221 1000000000
1 222 1000000000
1 223 1000000000
1 224 1000000000
1 225 1000000000
1 226 1000000000
1 227 1000000000
1 228 1000000000
1 229 1000000000
1 230 1000000000
1 231 1000000000
1 232 1000000000
1 233 1000000000
1 234 1000000000
1 235 1000000000
1 236 1000000000
1 237 1000000000
1 238 1000000000
1 239 1000000000
1 240 1000000000
1 241 1000000000
1 242 1000000000
1 243 1000000000
1 244 1000000000
1 245 1000000000
1 246 1000000000
1 247 1000000000
1 248 1000000000
1 249 1000000000
1 250 1000000000
1 251 1000000000
1 252 1000000000
1 253 1000000000
1 254 1000000000
1 255 1000000000
1 256 1000000000
1 257 1000000000
1 258 1000000000
1 259 1000000000
1 260 1000000000
1 261 1000000000
1 262 1000000000
1 263 1000000000
1 264 1000000000
1 265 1000000000
1 266 1000000000
1 267 1000000000
1 268 1000000000
1 269 1000000000
1 270 1000000000
1 271 1000000000
1 272 1000000000
1 273 1000000000
1 274 1000000000
1 275 1000000000
1 276 1000000000
1 277 1000000000
1 278 1000000000
1 279 1000000000
1 280 1000000000
1 281 1000000000
1 282 1000000000
1 283 1000000000
1 284 1000000000
1 285 1000000000
1 286 1000000000
1 287 1000000000
1 288 1000000000
1 289 1000000000
1 290 1000000000
1 291 1000000000
1 292 1000000000
1 293 1000000000
1 294 1000000000
1 295 1000000000
1 296 1000000000
1 297 1000000000
1 298 1000000000
1 299 1000000000
1 300 1000000000
1 301 1000000000
1 302 1000000000
1 303 1000000000
1 304 1000000000
1 305 1000000000
1 306 1000000000
1 307 1000000000
1 308 1000000000
1 309 1000000000
1 310 1000000000
1 311 1000000000
1 312 1000000000
1 313 1000000000
1 314 1000000000
1 315 1000000000
1 316 1000000000
1 317 1000000000
1 318 1000000000
1 319 1000000000
1 320 1000000000
1 321 1000000000
1 322 1000000000
1 323 1000000000
1 324 1000000000
1 325 1000000000
1 326 1000000000
1 327 1000000000
1 328 1000000000
1 329 1000000000
1 330 1000000000
1 331 1000000000
1 332 1000000000
1 333 1000000000
1 334 1000000000
1 335 1000000000
1 336 1000000000
1 337 1000000000
1 338 1000000000
1 339 1000000000
1 340 1000000000
1 341 1000000000
1 342 1000000000
1 343 1000000000
1 344 1000000000
1 345 1000000000
1 346 1000000000
1 347 1000000000
1 348 1000000000
1 349 1000000000
1 350 1000000000
1 351 1000000000
1 352 1000000000
1 353 1000000000
1 354 1000000000
1 355 1000000000
1 356 1000000000
1 357 1000000000
1 358 1000000000
1 359 1000000000
1 360 1000000000
1 361 1000000000
1 362 1000000000
1 363 1000000000
1 364 1000000000
1 365 1000000000
1 366 1000000000
1 367 1000000000
1 368 1000000000
1 369 1000000000
1 370 1000000000
1 371 1000000000
1 372 1000000000
1 373 1000000000
1 374 1000000000
1 375 1000000000
1 376 1000000000
1 377 1000000000
1 378 1000000000
1 379 1000000000
1 380 1000000000
1 381 1000000000
1 382 1000000000
1 383 1000000000
1 384 1000000000
1 385 1000000000
1 386 1000000000
1 387 1000000000
1 388 1000000000
1 389 1000000000
1 390 1000000000
1 391 1000000000
1 392 1000000000
1 393 1000000000
1 394 1000000000
1 395 1000000000
1 396 1000000000
1 397 1000000000
1 398 1000000000
1 399 1000000000
1 400 1000000000
1 401 1000000000
1 402 1000000000
1 403 1000000000
1 404 1000000000
1 405 1000000000
1 406 1000000000
1 407 1000000000
1 408 1000000000
1 409 1000000000
1 410 1000000000
1 411 1000000000
1 412 1000000000
1 413 1000000000
1 414 1000000000
1 415 1000000000
1 416 1000000000
1 417 1000000000
1 418 1000000000
1 419 1000000000
1 420 1000000000
1 421 1000000000
1 422 1000000000
1 423 1000000000
1 424 1000000000
1 425 1000000000
1 426 1000000000
1 427 1000000000
1 428 1000000000
1 429 1000000000
1 430 1000000000
1 431 1000000000
1 432 1000000000
1 433 1000000000
1 434 1000000000
1 435 1000000000
1 436 1000000000
1 437 1000000000
1 438 1000000000
1 439 1000000000
1 440 1000000000
1 441 1000000000
1 442 1000000000
1 443 1000000000
1 444 1000000000
1 445 1000000000
1 446 1000000000
1 447 1000000000
1 448 1000000000
1 449 1000000000
1 450 1000000000
1 451 1000000000
1 452 1000000000
1 453 1000000000
1 454 1000000000
1 455 1000000000
1 456 1000000000
1 457 1000000000
1 458 1000000000
1 459 1000000000
1 460 1000000000
1 461 1000000000
1 462 1000000000
1 463 1000000000
1 464 1000000000
1 465 1000000000
1 466 1000000000
1 467 1000000000
1 468 1000000000
1 469 1000000000
1 470 1000000000
1 471 1000000000
1 472 1000000000
1 473 1000000000
1 474 1000000000
1 475 1000000000
1 476 1000000000
1 477 1000000000
1 478 1000000000
1 479 1000000000
1 480 1000000000
1 481 1000000000
1 482 1000000000
1 483 1000000000
1 484 1000000000
1 485 1000000000
1 486 1000000000
1 487 1000000000
1 488 1000000000
1 489 1000000000
1 490 1000000000
1 491 1000000000
1 492 1000000000
1 493 1000000000
1 494 1000000000
1 495 1000000000
1 496 1000000000
1 497 1000000000
1 498 1000000000
1 499 1000000000
1 500 1000000000
1 501 1000000000
1 502 1000000000
1 503 1000000000
1 504 1000000000
1 505 1000000000
1 506 1000000000
1 507 1000000000
1 508 1000000000
1 509 1000000000
1 510 1000000000
1 511 1000000000
1 512 1000000000
1 513 1000000000
1 514 1000000000
1 515 1000000000
1 516 1000000000
1 517 1000000000
1 518 1000000000
1 519 1000000000
1 520 1000000000
1 521 1000000000
1 522 1000000000
1 523 1000000000
1 524 1000000000
1 525 1000000000
1 526 1000000000
1 527 1000000000
1 528 1000000000
1 529 1000000000
1 530 1000000000
1 531 1000000000
1 532 1000000000
1 533 1000000000
1 534 1000000000
1 535 1000000000
1 536 1000000000
1 537 1000000000
1 538 1000000000
1 539 1000000000
1 540 1000000000
1 541 1000000000
1 542 1000000000
1 543 1000000000
1 544 1000000000
1 545 1000000000
1 546 1000000000
1 547 1000000000
1 548 1000000000
1 549 1000000000
1 550 1000000000
1 551 1000000000
1 552 1000000000
1 553 1000000000
1 554 1000000000
1 555 1000000000
1 556 1000000000
1 557 1000000000
1 558 1000000000
1 559 1000000000
1 560 1000000000
1 561 1000000000
1 562 1000000000
1 563 1000000000
1 564 1000000000
1 565 1000000000
1 566 1000000000
1 567 1000000000
1 568 1000000000
1 569 1000000000
1 570 1000000000
1 571 1000000000
1 572 1000000000
1 573 1000000000
1 574 1000000000
1 575 1000000000
1 576 1000000000
1 577 1000000000
1 578 1000000000
1 579 1000000000
1 580 1000000000
1 581 1000000000
1 582 1000000000
1 583 1000000000
1 584 1000000000
1 585 1000000000
1 586 1000000000
1 587 1000000000
1 588 1000000000
1 589 1000000000
1 590 1000000000
1 591 1000000000
1 592 1000000000
1 593 1000000000
1 594 1000000000
1 595 1000000000
1 596 1000000000
1 597 1000000000
1 598 1000000000
1 599 1000000000
1 600 1000000000
1 601 1000000000
1 602 1000000000
1 603 1000000000
1 604 1000000000
1 605 1000000000
1 606 1000000000
1 607 1000000000
1 608 1000000000
1 609 1000000000
1 610 1000000000
1 611 1000000000
1 612 1000000000
1 613 1000000000
1 614 1000000000
1 615 1000000000
1 616 1000000000
1 617 1000000000
1 618 1000000000
1 619 1000000000
1 620 1000000000
1 621 1000000000
1 622 1000000000
1 623 1000000000
1 624 1000000000
1 625 1000000000
1 626 1000000000
1 627 1000000000
1 628 1000000000
1 629 1000000000
1 630 1000000000
1 631 1000000000
1 632 1000000000
1 633 1000000000
1 634 1000000000
1 635 1000000000
1 636 1000000000
1 637 1000000000
1 638 1000000000
1 639 1000000000
1 640 1000000000
1 641 1000000000
1 642 1000000000
1 643 1000000000
1 644 1000000000
1 645 1000000000
1 646 1000000000
1 647 1000000000
1 648 1000000000
1 649 1000000000
1 650 1000000000
1 651 1000000000
1 652 1000000000
1 653 1000000000
1 654 1000000000
1 655 1000000000
1 656 1000000000
1 657 1000000000
1 658 1000000000
1 659 1000000000
1 660 1000000000
1 661 1000000000
1 662 1000000000
1 663 1000000000
1 664 1000000000
1 665 1000000000
1 666 1000000000
1 667 1000000000
1 668 1000000000
1 669 1000000000
1 670 1000000000
1 671 1000000000
1 672 1000000000
1 673 1000000000
1 674 1000000000
1 675 1000000000
1 676 1000000000
1 677 1000000000
1 678 1000000000
1 679 1000000000
1 680 1000000000
1 681 1000000000
1 682 1000000000
1 683 1000000000
1 684 1000000000
1 685 1000000000
1 686 1000000000
1 687 1000000000
1 688 1000000000
1 689 1000000000
1 690 1000000000
1 691 1000000000
1 692 1000000000
1 693 1000000000
1 694 1000000000
1 695 1000000000
1 696 1000000000
1 697 1000000000
1 698 1000000000
1 699 1000000000
1 700 1000000000
1 701 1000000000
1 702 1000000000
1 703 1000000000
1 704 1000000000
1 705 1000000000
1 706 1000000000
1 707 1000000000
1 708 1000000000
1 709 1000000000
1 710 1000000000
1 711 1000000000
1 712 1000000000
1 713 1000000000
1 714 1000000000
1 715 1000000000
1 716 1000000000
1 717 1000000000
1 718 1000000000
1 719 1000000000
1 720 1000000000
1 721 1000000000
1 722 1000000000
1 723 1000000000
1 724 1000000000
1 725 1000000000
1 726 1000000000
1 727 1000000000
1 728 1000000000
1 729 1000000000
1 730 1000000000
1 731 1000000000
1 732 1000000000
1 733 1000000000
1 734 1000000000
1 735 1000000000
1 736 1000000000
1 737 1000000000
1 738 1000000000
1 739 1000000000
1 740 1000000000
1 741 1000000000
1 742 1000000000
1 743 1000000000
1 744 1000000000
1 745 1000000000
1 746 1000000000
1 747 1000000000
1 748 1000000000
1 749 1000000000
1 750 1000000000
1 751 1000000000
1 752 1000000000
1 753 1000000000
1 754 1000000000
1 755 1000000000
1 756 1000000000
1 757 1000000000
1 758 1000000000
1 759 1000000000
1 760 1000000000
1 761 1000000000
1 762 1000000000
1 763 1000000000
1 764 1000000000
1 765 1000000000
1 766 1000000000
1 767 1000000000
1 768 1000000000
1 769 1000000000
1 770 1000000000
1 771 1000000000
1 772 1000000000
1 773 1000000000
1 774 1000000000
1 775 1000000000
1 776 1000000000
1 777 1000000000
1 778 1000000000
1 779 1000000000
1 780 1000000000
1 781 1000000000
1 782 1000000000
1 783 1000000000
1 784 1000000000
1 785 1000000000
1 786 1000000000
1 787 1000000000
1 788 1000000000
1 789 1000000000
1 790 1000000000
1 791 1000000000
1 792 1000000000
1 793 1000000000
1 794 1000000000
1 795 1000000000
1 796 1000000000
1 797 1000000000
1 798 1000000000
1 799 1000000000
1 800 1000000000
1 801 1000000000
1 802 1000000000
1 803 1000000000
1 804 1000000000
1 805 1000000000
1 806 1000000000
1 807 1000000000
1 808 1000000000
1 809 1000000000
1 810 1000000000
1 811 1000000000
1 812 1000000000
1 813 1000000000
1 814 1000000000
1 815 1000000000
1 816 1000000000
1 817 1000000000
1 818 1000000000
1 819 1000000000
1 820 1000000000
1 821 1000000000
1 822 1000000000
1 823 1000000000
1 824 1000000000
1 825 1000000000
1 826 1000000000
1 827 1000000000
1 828 1000000000
1 829 1000000000
1 830 1000000000
1 831 1000000000
1 832 1000000000
1 833 1000000000
1 834 1000000000
1 835 1000000000
1 836 1000000000
1 837 1000000000
1 838 1000000000
1 839 1000000000
1 840 1000000000
1 841 1000000000
1 842 1000000000
1 843 1000000000
1 844 1000000000
1 845 1000000000
1 846 1000000000
1 847 1000000000
1 848 1000000000
1 849 1000000000
1 850 1000000000
1 851 1000000000
1 852 1000000000
1 853 1000000000
1 854 1000000000
1 855 1000000000
1 856 1000000000
1 857 1000000000
1 858 1000000000
1 859 1000000000
1 860 1000000000
1 861 1000000000
1 862 1000000000
1 863 1000000000
1 864 1000000000
1 865 1000000000
1 866 1000000000
1 867 1000000000
1 868 1000000000
1 869 1000000000
1 870 1000000000
1 871 1000000000
1 872 1000000000
1 873 1000000000
1 874 1000000000
1 875 1000000000
1 876 1000000000
1 877 1000000000
1 878 1000000000
1 879 1000000000
1 880 1000000000
1 881 1000000000
1 882 1000000000
1 883 1000000000
1 884 1000000000
1 885 1000000000
1 886 1000000000
1 887 1000000000
1 888 1000000000
1 889 1000000000
1 890 1000000000
1 891 1000000000
1 892 1000000000
1 893 1000000000
1 894 1000000000
1 895 1000000000
1 896 1000000000
1 897 1000000000
1 898 1000000000
1 899 1000000000
1 900 1000000000
1 901 1000000000
1 902 1000000000
1 903 1000000000
1 904 1000000000
1 905 1000000000
1 906 1000000000
1 907 1000000000
1 908 1000000000
1 909 1000000000
1 910 1000000000
1 911 1000000000
1 912 1000000000
1 913 1000000000
1 914 1000000000
1 915 1000000000
1 916 1000000000
1 917 1000000000
1 918 1000000000
1 919 1000000000
1 920 1000000000
1 921 1000000000
1 922 1000000000
1 923 1000000000
1 924 1000000000
1 925 1000000000
1 926 1000000000
1 927 1000000000
1 928 1000000000
1 929 1000000000
1 930 1000000000
1 931 1000000000
1 932 1000000000
1 933 1000000000
1 934 1000000000
1 935 1000000000
1 936 1000000000
1 937 1000000000
1 938 1000000000
1 939 1000000000
1 940 1000000000
1 941 1000000000
1 942 1000000000
1 943 1000000000
1 944 1000000000
1 945 1000000000
1 946 1000000000
1 947 1000000000
1 948 1000000000
1 949 1000000000
1 950 1000000000
1 951 1000000000
1 952 1000000000
1 953 1000000000
1 954 1000000000
1 955 1000000000
1 956 1000000000
1 957 1000000000
1 958 1000000000
1 959 1000000000
1 960 1000000000
1 961 1000000000
1 962 1000000000
1 963 1000000000
1 964 1000000000
1 965 1000000000
1 966 1000000000
1 967 1000000000
1 968 1000000000
1 969 1000000000
1 970 1000000000
1 971 1000000000
1 972 1000000000
1 973 1000000000
1 974 1000000000
1 975 1000000000
1 976 1000000000
1 977 1000000000
1 978 1000000000
1 979 1000000000
1 980 1000000000
1 981 1000000000
1 982 1000000000
1 983 1000000000
1 984 1000000000
1 985 1000000000
1 986 1000000000
1 987 1000000000
1 988 1000000000
1 989 1000000000
1 990 1000000000
1 991 1000000000
1 992 1000000000
1 993 1000000000
1 994 1000000000
1 995 1000000000
1 996 1000000000
1 997 1000000000
1 998 1000000000
1 999 1000000000
1 1000 1000000000
1 1001 1000000000
1 1002 1000000000
1 1003 1000000000
1 1004 1000000000
1 1005 1000000000
1 1006 1000000000
1 1007 1000000000
1 1008 1000000000
1 1009 1000000000
1 1010 1000000000
1 1011 1000000000
1 1012 1000000000
1 1013 1000000000
1 1014 1000000000
1 1015 1000000000
1 1016 1000000000
1 1017 1000000000
1 1018 1000000000
1 1019 1000000000
1 1020 1000000000
1 1021 1000000000
1 1022 1000000000
1 1023 1000000000
1 1024 1000000000
1 1025 1000000000
1 1026 1000000000
1 1027 1000000000
1 1028 1000000000
1 1029 1000000000
1 1030 1000000000
1 1031 1000000000
1 1032 1000000000
1 1033 1000000000
1 1034 1000000000
1 1035 1000000000
1 1036 1000000000
1 1037 1000000000
1 1038 1000000000
1 1039 1000000000
1 1040 1000000000
1 1041 1000000000
1 1042 1000000000
1 1043 1000000000
1 1044 1000000000
1 1045 1000000000
1 1046 1000000000
1 1047 1000000000
1 1048 1000000000
1 1049 1000000000
1 1050 1000000000
1 1051 1000000000
1 1052 1000000000
1 1053 1000000000
1 1054 1000000000
1 1055 1000000000
1 1056 1000000000
1 1057 1000000000
1 1058 1000000000
1 1059 1000000000
1 1060 1000000000
1 1061 1000000000
1 1062 1000000000
1 1063 1000000000
1 1064 1000000000
1 1065 1000000000
1 1066 1000000000
1 1067 1000000000
1 1068 1000000000
1 1069 1000000000
1 1070 1000000000
1 1071 1000000000
1 1072 1000000000
1 1073 1000000000
1 1074 1000000000
1 1075 1000000000
1 1076 1000000000
1 1077 1000000000
1 1078 1000000000
1 1079 1000000000
1 1080 1000000000
1 1081 1000000000
1 1082 1000000000
1 1083 1000000000
1 1084 1000000000
1 1085 1000000000
1 1086 1000000000
1 1087 1000000000
1 1088 1000000000
1 1089 1000000000
1 1090 1000000000
1 1091 1000000000
1 1092 1000000000
1 1093 1000000000
1 1094 1000000000
1 1095 1000000000
1 1096 1000000000
1 1097 1000000000
1 1098 1000000000
1 1099 1000000000
1 1100 1000000000
1 1101 1000000000
1 1102 1000000000
1 1103 1000000000
1 1104 1000000000
1 1105 1000000000
1 1106 1000000000
1 1107 1000000000
1 1108 1000000000
1 1109 1000000000
1 1110 1000000000
1 1111 1000000000
1 1112 1000000000
1 1113 1000000000
1 1114 1000000000
1 1115 1000000000
1 1116 1000000000
1 1117 1000000000
1 1118 1000000000
1 1119 1000000000
1 1120 1000000000
1 1121 1000000000
1 1122 1000000000
1 1123 1000000000
1 1124 1000000000
1 1125 1000000000
1 1126 1000000000
1 1127 1000000000
1 1128 1000000000
1 1129 1000000000
1 1130 1000000000
1 1131 1000000000
1 1132 1000000000
1 1133 1000000000
1 1134 1000000000
1 1135 1000000000
1 1136 1000000000
1 1137 1000000000
1 1138 1000000000
1 1139 1000000000
1 1140 1000000000
1 1141 1000000000
1 1142 1000000000
1 1143 1000000000
1 1144 1000000000
1 1145 1000000000
1 1146 1000000000
1 1147 1000000000
1 1148 1000000000
1 1149 1000000000
1 1150 1000000000
1 1151 1000000000
1 1152 1000000000
1 1153 1000000000
1 1154 1000000000
1 1155 1000000000
1 1156 1000000000
1 1157 1000000000
1 1158 1000000000
1 1159 1000000000
1 1160 1000000000
1 1161 1000000000
1 1162 1000000000
1 1163 1000000000
1 1164 1000000000
1 1165 1000000000
1 1166 1000000000
1 1167 1000000000
1 1168 1000000000
1 1169 1000000000
1 1170 1000000000
1 1171 1000000000
1 1172 1000000000
1 1173 1000000000
1 1174 1000000000
1 1175 1000000000
1 1176 1000000000
1 1177 1000000000
1 1178 1000000000
1 1179 1000000000
1 1180 1000000000
1 1181 1000000000
1 1182 1000000000
1 1183 1000000000
1 1184 1000000000
1 1185 1000000000
1 1186 1000000000
1 1187 1000000000
1 1188 1000000000
1 1189 1000000000
1 1190 1000000000
1 1191 1000000000
1 1192 1000000000
1 1193 1000000000
1 1194 1000000000
1 1195 1000000000
1 1196 1000000000
1 1197 1000000000
1 1198 1000000000
1 1199 1000000000
1 1200 1000000000
1 1201 1000000000
1 1202 1000000000
1 1203 1000000000
1 1204 1000000000
1 1205 1000000000
1 1206 1000000000
1 1207 1000000000
1 1208 1000000000
1 1209 1000000000
1 1210 1000000000
1 1211 1000000000
1 1212 1000000000
1 1213 1000000000
1 1214 1000000000
1 1215 1000000000
1 1216 1000000000
1 1217 1000000000
1 1218 1000000000
1 1219 1000000000
1 1220 1000000000
1 1221 1000000000
1 1222 1000000000
1 1223 1000000000
1 1224 1000000000
1 1225 1000000000
1 1226 1000000000
1 1227 1000000000
1 1228 1000000000
1 1229 1000000000
1 1230 1000000000
1 1231 1000000000
1 1232 1000000000
1 1233 1000000000
1 1234 1000000000
1 1235 1000000000
1 1236 1000000000
1 1237 1000000000
1 1238 1000000000
1 1239 1000000000
1 1240 1000000000
1 1241 1000000000
1 1242 1000000000
1 1243 1000000000
1 1244 1000000000
1 1245 1000000000
1 1246 1000000000
1 1247 1000000000
1 1248 1000000000
1 1249 1000000000
1 1250 1000000000
1 1251 1000000000
1 1252 1000000000
1 1253 1000000000
1 1254 1000000000
1 1255 1000000000
1 1256 1000000000
1 1257 1000000000
1 1258 1000000000
1 1259 1000000000
1 1260 1000000000
1 1261 1000000000
1 1262 1000000000
1 1263 1000000000
1 1264 1000000000
1 1265 1000000000
1 1266 1000000000
1 1267 1000000000
1 1268 1000000000
1 1269 1000000000
1 1270 1000000000
1 1271 1000000000
1 1272 1000000000
1 1273 1000000000
1 1274 1000000000
1 1275 1000000000
1 1276 1000000000
1 1277 1000000000
1 1278 1000000000
1 1279 1000000000
1 1280 1000000000
1 1281 1000000000
1 1282 1000000000
1 1283 1000000000
1 1284 1000000000
1 1285 1000000000
1 1286 1000000000
1 1287 1000000000
1 1288 1000000000
1 1289 1000000000
1 1290 1000000000
1 1291 1000000000
1 1292 1000000000
1 1293 1000000000
1 1294 1000000000
1 1295 1000000000
1 1296 1000000000
1 1297 1000000000
1 1298 1000000000
1 1299 1000000000
1 1300 1000000000
1 1301 1000000000
1 1302 1000000000
1 1303 1000000000
1 1304 1000000000
1 1305 1000000000
1 1306 1000000000
1 1307 1000000000
1 1308 1000000000
1 1309 1000000000
1 1310 1000000000
1 1311 1000000000
1 1312 1000000000
1 1313 1000000000
1 1314 1000000000
1 1315 1000000000
1 1316 1000000000
1 1317 1000000000
1 1318 1000000000
1 1319 1000000000
1 1320 1000000000
1 1321 1000000000
1 1322 1000000000
1 1323 1000000000
1 1324 1000000000
1 1325 1000000000
1 1326 1000000000
1 1327 1000000000
1 1328 1000000000
1 1329 1000000000
1 1330 1000000000
1 1331 1000000000
1 1332 1000000000
1 1333 1000000000
1 1334 1000000000
1 1335 1000000000
1 1336 1000000000
1 1337 1000000000
1 1338 1000000000
1 1339 1000000000
1 1340 1000000000
1 1341 1000000000
1 1342 1000000000
1 1343 1000000000
1 1344 1000000000
1 1345 1000000000
1 1346 1000000000
1 1347 1000000000
1 1348 1000000000
1 1349 1000000000
1 1350 1000000000
1 1351 1000000000
1 1352 1000000000
1 1353 1000000000
1 1354 1000000000
1 1355 1000000000
1 1356 1000000000
1 1357 1000000000
1 1358 1000000000
1 1359 1000000000
1 1360 1000000000
1 1361 1000000000
1 1362 1000000000
1 1363 1000000000
1 1364 1000000000
1 1365 1000000000
1 1366 1000000000
1 1367 1000000000
1 1368 1000000000
1 1369 1000000000
1 1370 1000000000
1 1371 1000000000
1 1372 1000000000
1 1373 1000000000
1 1374 1000000000
1 1375 1000000000
1 1376 1000000000
1 1377 1000000000
1 1378 1000000000
1 1379 1000000000
1 1380 1000000000
1 1381 1000000000
1 1382 1000000000
1 1383 1000000000
1 1384 1000000000
1 1385 1000000000
1 1386 1000000000
1 1387 1000000000
1 1388 1000000000
1 1389 1000000000
1 1390 1000000000
1 1391 1000000000
1 1392 1000000000
1 1393 1000000000
1 1394 1000000000
1 1395 1000000000
1 1396 1000000000
1 1397 1000000000
1 1398 1000000000
1 1399 1000000000
1 1400 1000000000
1 1401 1000000000
1 1402 1000000000
1 1403 1000000000
1 1404 1000000000
1 1405 1000000000
1 1406 1000000000
1 1407 1000000000
1 1408 1000000000
1 1409 1000000000
1 1410 1000000000
1 1411 1000000000
1 1412 1000000000
1 1413 1000000000
1 1414 1000000000
1 1415 1000000000
1 1416 1000000000
1 1417 1000000000
1 1418 1000000000
1 1419 1000000000
1 1420 1000000000
1 1421 1000000000
1 1422 1000000000
1 1423 1000000000
1 1424 1000000000
1 1425 1000000000
1 1426 1000000000
1 1427 1000000000
1 1428 1000000000
1 1429 1000000000
1 1430 1000000000
1 1431 1000000000
1 1432 1000000000
1 1433 1000000000
1 1434 1000000000
1 1435 1000000000
1 1436 1000000000
1 1437 1000000000
1 1438 1000000000
1 1439 1000000000
1 1440 1000000000
1 1441 1000000000
1 1442 1000000000
1 1443 1000000000
1 1444 1000000000
1 1445 1000000000
1 1446 1000000000
1 1447 1000000000
1 1448 1000000000
1 1449 1000000000
1 1450 1000000000
1 1451 1000000000
1 1452 1000000000
1 1453 1000000000
1 1454 1000000000
1 1455 1000000000
1 1456 1000000000
1 1457 1000000000
1 1458 1000000000
1 1459 1000000000
1 1460 1000000000
1 1461 1000000000
1 1462 1000000000
1 1463 1000000000
1 1464 1000000000
1 1465 1000000000
1 1466 1000000000
1 1467 1000000000
1 1468 1000000000
1 1469 1000000000
1 1470 1000000000
1 1471 1000000000
1 1472 1000000000
1 1473 1000000000
1 1474 1000000000
1 1475 1000000000
1 1476 1000000000
1 1477 1000000000
1 1478 1000000000
1 1479 1000000000
1 1480 1000000000
1 1481 1000000000
1 1482 1000000000
1 1483 1000000000
1 1484 1000000000
1 1485 1000000000
1 1486 1000000000
1 1487 1000000000
1 1488 1000000000
1 1489 1000000000
1 1490 1000000000
1 1491 1000000000
1 1492 1000000000
1 1493 1000000000
1 1494 1000000000
1 1495 1000000000
1 1496 1000000000
1 1497 1000000000
1 1498 1000000000
1 1499 1000000000
1 1500 1000000000
1 1501 1000000000
1 1502 1000000000
1 1503 1000000000
1 1504 1000000000
1 1505 1000000000
1 1506 1000000000
1 1507 1000000000
1 1508 1000000000
1 1509 1000000000
1 1510 1000000000
1 1511 1000000000
1 1512 1000000000
1 1513 1000000000
1 1514 1000000000
1 1515 1000000000
1 1516 1000000000
1 1517 1000000000
1 1518 1000000000
1 1519 1000000000
1 1520 1000000000
1 1521 1000000000
1 1522 1000000000
1 1523 1000000000
1 1524 1000000000
1 1525 1000000000
1 1526 1000000000
1 1527 1000000000
1 1528 1000000000
1 1529 1000000000
1 1530 1000000000
1 1531 1000000000
1 1532 1000000000
1 1533 1000000000
1 1534 1000000000
1 1535 1000000000
1 1536 1000000000
1 1537 1000000000
1 1538 1000000000
1 1539 1000000000
1 1540 1000000000
1 1541 1000000000
1 1542 1000000000
1 1543 1000000000
1 1544 1000000000
1 1545 1000000000
1 1546 1000000000
1 1547 1000000000
1 1548 1000000000
1 1549 1000000000
1 1550 1000000000
1 1551 1000000000
1 1552 1000000000
1 1553 1000000000
1 1554 1000000000
1 1555 1000000000
1 1556 1000000000
1 1557 1000000000
1 1558 1000000000
1 1559 1000000000
1 1560 1000000000
1 1561 1000000000
1 1562 1000000000
1 1563 1000000000
1 1564 1000000000
1 1565 1000000000
1 1566 1000000000
1 1567 1000000000
1 1568 1000000000
1 1569 1000000000
1 1570 1000000000
1 1571 1000000000
1 1572 1000000000
1 1573 1000000000
1 1574 1000000000
1 1575 1000000000
1 1576 1000000000
1 1577 1000000000
1 1578 1000000000
1 1579 1000000000
1 1580 1000000000
1 1581 1000000000
1 1582 1000000000
1 1583 1000000000
1 1584 1000000000
1 1585 1000000000
1 1586 1000000000
1 1587 1000000000
1 1588 1000000000
1 1589 1000000000
1 1590 1000000000
1 1591 1000000000
1 1592 1000000000
1 1593 1000000000
1 1594 1000000000
1 1595 1000000000
1 1596 1000000000
1 1597 1000000000
1 1598 1000000000
1 1599 1000000000
1 1600 1000000000
1 1601 1000000000
1 1602 1000000000
1 1603 1000000000
1 1604 1000000000
1 1605 1000000000
1 1606 1000000000
1 1607 1000000000
1 1608 1000000000
1 1609 1000000000
1 1610 1000000000
1 1611 1000000000
1 1612 1000000000
1 1613 1000000000
1 1614 1000000000
1 1615 1000000000
1 1616 1000000000
1 1617 1000000000
1 1618 1000000000
1 1619 1000000000
1 1620 1000000000
1 1621 1000000000
1 1622 1000000000
1 1623 1000000000
1 1624 1000000000
1 1625 1000000000
1 1626 1000000000
1 1627 1000000000
1 1628 1000000000
1 1629 1000000000
1 1630 1000000000
1 1631 1000000000
1 1632 1000000000
1 1633 1000000000
1 1634 1000000000
1 1635 1000000000
1 1636 1000000000
1 1637 1000000000
1 1638 1000000000
1 1639 1000000000
1 1640 1000000000
1 1641 1000000000
1 1642 1000000000
1 1643 1000000000
1 1644 1000000000
1 1645 1000000000
1 1646 1000000000
1 1647 1000000000
1 1648 1000000000
1 1649 1000000000
1 1650 1000000000
1 1651 1000000000
1 1652 1000000000
1 1653 1000000000
1 1654 1000000000
1 1655 1000000000
1 1656 1000000000
1 1657 1000000000
1 1658 1000000000
1 1659 1000000000
1 1660 1000000000
1 1661 1000000000
1 1662 1000000000
1 1663 1000000000
1 1664 1000000000
1 1665 1000000000
1 1666 1000000000
1 1667 1000000000
1 1668 1000000000
1 1669 1000000000
1 1670 1000000000
1 1671 1000000000
1 1672 1000000000
1 1673 1000000000
1 1674 1000000000
1 1675 1000000000
1 1676 1000000000
1 1677 1000000000
1 1678 1000000000
1 1679 1000000000
1 1680 1000000000
1 1681 1000000000
1 1682 1000000000
1 1683 1000000000
1 1684 1000000000
1 1685 1000000000
1 1686 1000000000
1 1687 1000000000
1 1688 1000000000
1 1689 1000000000
1 1690 1000000000
1 1691 1000000000
1 1692 1000000000
1 1693 1000000000
1 1694 1000000000
1 1695 1000000000
1 1696 1000000000
1 1697 1000000000
1 1698 1000000000
1 1699 1000000000
1 1700 1000000000
1 1701 1000000000
1 1702 1000000000
1 1703 1000000000
1 1704 1000000000
1 1705 1000000000
1 1706 1000000000
1 1707 1000000000
1 1708 1000000000
1 1709 1000000000
1 1710 1000000000
1 1711 1000000000
1 1712 1000000000
1 1713 1000000000
1 1714 1000000000
1 1715 1000000000
1 1716 1000000000
1 1717 1000000000
1 1718 1000000000
1 1719 1000000000
1 1720 1000000000
1 1721 1000000000
1 1722 1000000000
1 1723 1000000000
1 1724 1000000000
1 1725 1000000000
1 1726 1000000000
1 1727 1000000000
1 1728 1000000000
1 1729 1000000000
1 1730 1000000000
1 1731 1000000000
1 1732 1000000000
1 1733 1000000000
1 1734 1000000000
1 1735 1000000000
1 1736 1000000000
1 1737 1000000000
1 1738 1000000000
1 1739 1000000000
1 1740 1000000000
1 1741 1000000000
1 1742 1000000000
1 1743 1000000000
1 1744 1000000000
1 1745 1000000000
1 1746 1000000000
1 1747 1000000000
1 1748 1000000000
1 1749 1000000000
1 1750 1000000000
1 1751 1000000000
1 1752 1000000000
1 1753 1000000000
1 1754 1000000000
1 1755 1000000000
1 1756 1000000000
1 1757 1000000000
1 1758 1000000000
1 1759 1000000000
1 1760 1000000000
1 1761 1000000000
1 1762 1000000000
1 1763 1000000000
1 1764 1000000000
1 1765 1000000000
1 1766 1000000000
1 1767 1000000000
1 1768 1000000000
1 1769 1000000000
1 1770 1000000000
1 1771 1000000000
1 1772 1000000000
1 1773 1000000000
1 1774 1000000000
1 1775 1000000000
1 1776 1000000000
1 1777 1000000000
1 1778 1000000000
1 1779 1000000000
1 1780 1000000000
1 1781 1000000000
1 1782 1000000000
1 1783 1000000000
1 1784 1000000000
1 1785 1000000000
1 1786 1000000000
1 1787 1000000000
1 1788 1000000000
1 1789 1000000000
1 1790 1000000000
1 1791 1000000000
1 1792 1000000000
1 1793 1000000000
1 1794 1000000000
1 1795 1000000000
1 1796 1000000000
1 1797 1000000000
1 1798 1000000000
1 1799 1000000000
1 1800 1000000000
1 1801 1000000000
1 1802 1000000000
1 1803 1000000000
1 1804 1000000000
1 1805 1000000000
1 1806 1000000000
1 1807 1000000000
1 1808 1000000000
1 1809 1000000000
1 1810 1000000000
1 1811 1000000000
1 1812 1000000000
1 1813 1000000000
1 1814 1000000000
1 1815 1000000000
1 1816 1000000000
1 1817 1000000000
1 1818 1000000000
1 1819 1000000000
1 1820 1000000000
1 1821 1000000000
1 1822 1000000000
1 1823 1000000000
1 1824 1000000000
1 1825 1000000000
1 1826 1000000000
1 1827 1000000000
1 1828 1000000000
1 1829 1000000000
1 1830 1000000000
1 1831 1000000000
1 1832 1000000000
1 1833 1000000000
1 1834 1000000000
1 1835 1000000000
1 1836 1000000000
1 1837 1000000000
1 1838 1000000000
1 1839 1000000000
1 1840 1000000000
1 1841 1000000000
1 1842 1000000000
1 1843 1000000000
1 1844 1000000000
1 1845 1000000000
1 1846 1000000000
1 1847 1000000000
1 1848 1000000000
1 1849 1000000000
1 1850 1000000000
1 1851 1000000000
1 1852 1000000000
1 1853 1000000000
1 1854 1000000000
1 1855 1000000000
1 1856 1000000000
1 1857 1000000000
1 1858 1000000000
1 1859 1000000000
1 1860 1000000000
1 1861 1000000000
1 1862 1000000000
1 1863 1000000000
1 1864 1000000000
1 1865 1000000000
1 1866 1000000000
1 1867 1000000000
1 1868 1000000000
1 1869 1000000000
1 1870 1000000000
1 1871 1000000000
1 1872 1000000000
1 1873 1000000000
1 1874 1000000000
1 1875 1000000000
1 1876 1000000000
1 1877 1000000000
1 1878 1000000000
1 1879 1000000000
1 1880 1000000000
1 1881 1000000000
1 1882 1000000000
1 1883 1000000000
1 1884 1000000000
1 1885 1000000000
1 1886 1000000000
1 1887 1000000000
1 1888 1000000000
1 1889 1000000000
1 1890 1000000000
1 1891 1000000000
1 1892 1000000000
1 1893 1000000000
1 1894 1000000000
1 1895 1000000000
1 1896 1000000000
1 1897 1000000000
1 1898 1000000000
1 1899 1000000000
1 1900 1000000000
1 1901 1000000000
1 1902 1000000000
1 1903 1000000000
1 1904 1000000000
1 1905 1000000000
1 1906 1000000000
1 1907 1000000000
1 1908 1000000000
1 1909 1000000000
1 1910 1000000000
1 1911 1000000000
1 1912 1000000000
1 1913 1000000000
1 1914 1000000000
1 1915 1000000000
1 1916 1000000000
1 1917 1000000000
1 1918 1000000000
1 1919 1000000000
1 1920 1000000000
1 1921 1000000000
1 1922 1000000000
1 1923 1000000000
1 1924 1000000000
1 1925 1000000000
1 1926 1000000000
1 1927 1000000000
1 1928 1000000000
1 1929 1000000000
1 1930 1000000000
1 1931 1000000000
1 1932 1000000000
1 1933 1000000000
1 1934 1000000000
1 1935 1000000000
1 1936 1000000000
1 1937 1000000000
1 1938 1000000000
1 1939 1000000000
1 1940 1000000000
1 1941 1000000000
1 1942 1000000000
1 1943 1000000000
1 1944 1000000000
1 1945 1000000000
1 1946 1000000000
1 1947 1000000000
1 1948 1000000000
1 1949 1000000000
1 1950 1000000000
1 1951 1000000000
1 1952 1000000000
1 1953 1000000000
1 1954 1000000000
1 1955 1000000000
1 1956 1000000000
1 1957 1000000000
1 1958 1000000000
1 1959 1000000000
1 1960 1000000000
1 1961 1000000000
1 1962 1000000000
1 1963 1000000000
1 1964 1000000000
1 1965 1000000000
1 1966 1000000000
1 1967 1000000000
1 1968 1000000000
1 1969 1000000000
1 1970 1000000000
1 1971 1000000000
1 1972 1000000000
1 1973 1000000000
1 1974 1000000000
1 1975 1000000000
1 1976 1000000000
1 1977 1000000000
1 1978 1000000000
1 1979 1000000000
1 1980 1000000000
1 1981 1000000000
1 1982 1000000000
1 1983 1000000000
1 1984 1000000000
1 1985 1000000000
1 1986 1000000000
1 1987 1000000000
1 1988 1000000000
1 1989 1000000000
1 1990 1000000000
1 1991 1000000000
1 1992 1000000000
1 1993 1000000000
1 1994 1000000000
1 1995 1000000000
1 1996 1000000000
1 1997 1000000000
1 1998 1000000000
1 1999 1000000000
1 2000 1000000000
1 2 2000
