158545516
276771801
872580399
227403884
326752219
708606434
866158890
578794373
549989532
721061337
843206532
99079001
475183478
883716291
579165343
555386147
336634476
739477362
485935976
265683774
771204600
107456831
845075569
414509171
349595259
357305487
616396118
205650066
298870564
465702962
435326825
986223635
132353743
111595570
898834207
28704703
826136144
570141646
140393554
473673033
534269264
975203531
788282823
918403420
381588197
912364657
725690847
576337796
241161109
149025102
709460807
887950971
97596409
997829143
900525401
154126596
888055331
362937218
902664923
536214592
824626856
408867770
67173726
396337652
335773279
294421680
446757474
504095126
920537771
875317906
417986606
582599103
343546575
79135440
998789935
901754272
799195711
347299332
292004481
939049552
257576854
159464282
656717348
367887937
496021370
682430969
58509324
750706286
726212668
279083951
906634439
990291787
52306494
674588678
736482433
644460953
515930041
740230351
699903567
853735336
476342793
182178119
240236055
890947728
775777617
560020076
285147938
773705283
955315686
534531764
480155496
728113804
165590392
3262532
362134324
725417940
38035370
429189730
478665625
100788854
610378839
585893765
379837166
737191451
178844322
657730466
937684164
230744328
50369782
349190098
876289232
604492935
602475274
668280044
34658191
330347168
842996954
894886192
119205070
940906270
496575470
546119011
43633113
859547587
327932776
480312976
610828759
211831442
169851208
279535162
125173604
981210754
856324616
679832413
383567762
440397622
418024974
428787535
305783508
129619250
723683001
976635178
883111473
450139432
716329194
629777528
324510827
122244526
70676568
57783574
255540933
226599426
960725812
98392553
437543556
250454726
922726950
386624770
506594721
221290814
788071806
56127102
416717082
133849376
382921518
324526637
232397832
395895420
459507511
949096475
481574144
91179040
28412364
578036698
910319371
306942632
654830728
127664433
661415411
834869985
762171290
766122647
721133487
999396876
738290194
644007733
215843910
384141360
106879574
514991751
483649458
21201390
858947306
386057595
112717370
307093448
317706632
711318490
929067905
756815200
64944267
669485932
388730405
26192790
285259202
325372953
169651763
839637493
813497498
626185520
357342430
795904340
740775458
708601652
969228443
584717958
761609908
610726391
152761137
760268239
538247787
502993731
411577674
929634292
833736892
562928537
562264762
593464267
730382669
917755320
626197272
509576283
231285803
538765656
307842865
753654361
888992616
469151206
695648070
675471905
230729769
377807192
37830010
119446750
274134093
811165090
552681261
432410143
752978816
182390225
884356011
406225432
765763408
699630441
31313803
899167891
762223499
440682978
784536610
402958217
152325582
707640876
471090518
262013575
437096528
462525323
474243480
523481543
62139169
228991384
720957566
619635192
567618252
424325603
124550655
593511764
607829503
91440058
463396414
574337353
740907417
815698346
677128120
705880703
444474190
605618005
399397612
408610492
544003283
429581582
387751135
284876232
330799383
943419362
944394785
21105058
961362326
962920282
127850473
648764956
425015267
47542259
613971515
950735094
685868607
953135499
391854810
157213696
273769385
576524958
700700450
903622010
877229367
850057773
873875644
995728249
23285869
491649459
892807850
707845660
438207780
642609926
285465923
494122396
447712366
95814305
906156748
539421434
873106459
837614524
121771183
99136318
218056891
406227124
944252842
806686323
429827616
67132856
531465917
786036659
786845921
44391984
566751525
967525
139824067
197705646
355476328
1944745
931079666
315953239
77805661
391358063
999366431
443100889
261261720
940088685
105273899
394872160
243982927
288789484
715793448
831099623
839580097
803486660
730894131
658892175
24444793
344390540
159801410
271121524
552158746
720244429
390212666
448639138
758228261
10061740
936757527
504600472
520063761
379552791
402283333
263169341
495488391
401806204
681736680
834492513
260647745
105183731
624671473
434206571
907487830
887427984
88502882
592517984
700801215
36353141
624635557
512754467
183727678
222510455
557293129
869263570
931852056
680778807
392345774
53829357
180924251
471502019
313862862
448709279
134105952
761511482
697160558
557811394
932756309
979832437
528529821
891188753
652257221
155876383
633694453
801775391
490293493
61890139
843085442
45778136
238120983
810608210
142282199
288976710
634993343
661091631
709637517
124340183
763692730
996624670
754408023
800916631
251160209
120562216
346073026
437199430
638796610
498941474
281460361
141384723
598926262
87074197
331395655
307168129
969996362
887926048
224327330
866379053
120071534
591266023
333072733
646225288
22769538
111178159
279146615
709475834
781351089
762034783
341827480
621643248
262076668
965808887
652069380
805048342
122908728
242720318
614307708
369451982
787652035
972623099
978418516
985977082
440543004
901151948
219259654
805696018
518050519
220548965
834916776
408721324
549247924
939415462
87626233
298050628
576699749
115573830
650608084
430009552
608482461
972202310
333171651
949641681
182850470
646299850
186320640
282894640
899490963
496217624
854740271
572793468
215991230
444506072
515227530
584782075
559965235
31963916
909848677
615408715
532823966
486158597
323390232
963780213
878091218
581577140
438574996
188569629
62668916
971790887
806557044
429569350
356769305
38437177
224558186
332527744
634995458
910856509
193790894
737094303
925381219
345881935
912063640
927189689
652758106
234162407
852961466
324842332
670524382
725046074
258819371
741356923
836498037
708844924
433757205
774878722
450678626
686018250
181083549
193203775
524286854
991454275
424895634
173928385
862967525
579501419
330574732
332955095
571790985
602845533
18654340
4919342
94685024
317715808
270351792
539597304
720461208
618134893
601621168
604515629
34510834
204419562
808502061
473841574
855462159
210979224
647721380
481191801
387044571
104385374
154273115
148060635
439173493
244798969
473661557
337308152
574207125
941103818
935228157
82221003
448089678
184938429
206054204
410799867
983835186
972945715
248386796
818459452
700820714
998585004
6840287
356137475
59980654
433401201
404000515
72067836
153328024
617123263
359303400
405385597
492184873
295432124
186583765
960298739
574074303
581435564
452264666
825544587
333100639
833146935
403662880
188518252
885727756
159453788
890195848
424253453
213606748
50838310
395438273
140540964
102290851
486543022
396506268
276371515
99069461
680380746
897728058
863072761
75996314
397265481
91569547
127308035
992943638
383696182
196332838
85604711
417033506
921287798
76832418
219192725
900603350
98181244
888614979
362271968
767776986
675913704
470031198
200473116
351373012
571803475
176405165
231247728
686238028
842531327
112186560
12039710
211717855
362037145
289817757
440515506
571352319
116572831
547661519
660639231
727927400
715370102
463707863
185009694
188164205
488234111
120299544
309045864
341403115
668383775
286843924
457994365
510210792
913842249
277844160
119059343
345845021
25672278
292393811
513819515
6063185
855749294
161114887
878578771
262814263
223823103
133289161
849134247
354879423
520483663
86612412
405552756
142193706
452794304
651111331
353040589
839548299
418671166
291171109
538357962
27852877
48697838
929849813
312547730
895757730
510414251
431841405
855473539
335355433
240091850
853341733
61307121
531506210
96025883
870657466
68565290
141818135
265303916
802912081
791604285
530030057
541376195
341924185
311578404
340009467
499034808
85172118
430926033
446153942
59087300
157122939
892837417
324520361
679809278
51668593
115214879
425779040
927679892
391653378
241197205
57164223
62202401
972166411
362054940
399153365
570686082
521868044
855107001
557115883
95818195
466324990
217315621
688767173
861313365
93059948
316731492
462153041
909881764
921690201
721120199
735860956
691427975
484830003
802693243
164860298
746882575
852388470
141699285
918818732
398990322
179225136
846436776
480733667
598682264
339281652
601120293
872251490
777310239
517033387
461030371
159396843
736951642
99818232
827369527
389001919
465765185
664579399
774938337
646831334
741099843
383366670
392585302
261531843
622446995
277383460
144742519
230744499
931164226
987956260
31464016
569161851
232019271
422617902
46773026
811090689
278983669
702322946
384955868
709951255
871991810
383237622
608639805
303760349
776696116
773826192
334272281
407459519
619809882
916010745
867516284
511464807
283365901
923205283
158473588
545223707
909547191
297496471
498731035
731552158
38196696
409401393
953219280
866380750
514682426
601336316
505783337
238892043
58567207
883049549
233330255
24934289
160711611
119172068
511476517
585126074
789396916
347203624
804957912
10970242
490949190
960125450
981798884
295995281
622042842
275690629
22144287
45110539
487859788
891920114
293685608
470683252
914971575
583515238
410379224
348674070
632318000
686346266
899009789
20808448
571577757
366400938
768167141
88262522
556793881
440464290
795311623
250830688
335632504
274324379
726041476
104566293
124574266
631993127
167960698
409253680
935180763
419694790
415537979
421822044
638959464
625259737
100183234
590627922
946064045
339189941
517443043
449277523
393468349
814398376
527935390
160344102
389080934
554178639
637778127
345806163
575900256
72284686
383900847
438089433
660006003
644892027
620773582
713507597
127462063
252878879
948729808
985198839
101248762
788567206
947096345
15421381
708237418
5098522
272269128
528002431
969255612
453168956
702803331
517713570
104443812
343124482
406191831
33395913
544630414
954355983
694712755
40864006
899465697
91634264
212583279
53527640
49331720
388900638
750667373
131539959
903923156
408917499
81385997
919311743
903404274
456652177
786374931
501711169
785397884
126532927
504701333
233574950
72941248
52144763
310510090
635963895
635964922
