73 1 1000
S 1 2 3
2 1
2 7
3 28
3 12
3 27
3 25
3 35
2 4
3 2
2 33
2 23
3 27
3 7
3 4
2 6
3 5
3 3
3 11
2 31
3 19
3 17
3 12
3 29
2 24
2 5
3 18
3 24
2 8
2 9
3 14
3 22
3 8
2 33
2 5
2 16
3 24
3 25
2 17
3 17
2 31
3 35
2 19
2 10
2 19
3 12
3 12
3 33
3 23
3 33
2 33
3 19
3 19
3 9
2 37
2 4
3 19
3 27
2 36
2 20
3 29
2 36
3 13
3 11
3 13
3 29
3 4
2 6
2 33
3 27
3 11
3 17
3 14
2 14
3 35
3 1
3 28
3 15
3 11
2 28
3 16
2 12
2 4
3 30
2 7
2 13
2 35
2 34
3 34
2 29
2 36
2 18
2 10
2 23
3 10
3 13
2 21
2 2
2 32
2 11
3 34
3 17
2 6
3 26
2 10
2 8
3 1
2 30
2 1
2 5
2 20
3 3
3 28
2 6
3 3
3 8
3 14
3 27
3 25
2 37
3 7
2 18
3 24
2 7
3 27
2 7
2 1
2 12
2 36
3 18
3 9
2 28
3 11
2 12
3 23
2 23
2 25
2 27
3 21
2 35
3 10
2 20
2 10
3 23
3 21
3 18
2 6
3 15
2 14
2 25
3 8
2 10
3 24
3 16
2 22
2 33
2 6
2 26
3 34
3 16
2 8
3 2
3 27
3 35
2 30
2 19
3 5
2 32
3 23
2 1
3 7
2 21
3 11
3 12
2 9
2 3
2 30
3 10
3 18
2 18
3 35
2 19
2 8
3 11
3 17
2 37
2 16
2 13
2 36
2 19
2 13
3 32
2 33
2 18
2 14
3 22
2 21
2 33
2 7
3 8
3 15
2 2
2 26
3 36
3 8
3 5
3 21
2 16
2 32
2 10
2 4
3 9
2 14
2 31
3 34
3 7
3 26
2 32
2 34
3 12
2 20
2 27
2 9
3 5
3 16
2 11
3 28
2 20
3 23
3 33
2 35
3 16
2 1
2 9
3 26
3 28
3 35
3 30
3 2
3 31
2 6
3 1
2 30
3 7
2 16
3 16
2 18
3 31
2 31
2 33
2 18
2 12
2 15
3 17
2 14
3 14
3 9
2 4
2 31
2 21
2 4
2 17
2 22
2 23
3 4
3 13
2 28
3 33
3 30
3 11
2 5
3 1
3 35
2 4
2 28
3 29
3 6
2 18
3 15
2 9
3 22
3 34
2 31
3 16
3 6
2 37
2 14
2 24
2 22
3 7
2 17
3 6
3 26
2 9
3 5
2 1
3 32
2 33
2 34
3 23
3 11
3 9
3 18
2 32
3 29
2 3
2 4
2 4
3 3
2 21
2 10
2 13
3 21
3 11
2 26
3 24
3 11
2 29
3 7
2 12
2 26
3 11
2 19
3 30
3 9
2 14
3 30
2 34
3 8
3 15
2 37
3 19
2 35
3 15
3 15
2 23
3 34
2 33
2 8
2 15
3 26
3 24
2 29
2 21
3 30
3 27
2 25
3 4
2 5
3 27
3 11
3 26
2 1
3 23
3 20
2 28
2 9
3 5
3 25
2 5
2 35
2 26
3 19
3 10
2 27
2 10
2 35
3 17
2 11
3 11
3 24
2 28
2 13
2 19
3 7
3 7
2 9
3 32
2 6
3 34
3 17
3 8
2 16
2 4
2 17
3 21
2 13
3 8
2 17
2 8
2 19
2 22
3 22
3 7
2 27
2 12
2 25
3 10
3 17
3 31
3 12
3 5
3 24
2 17
2 31
3 30
2 1
3 6
2 5
2 3
2 30
2 37
2 33
3 33
3 19
3 32
3 12
3 19
2 37
2 33
2 6
2 31
2 28
3 10
3 31
3 18
3 30
2 12
2 7
2 27
2 24
3 17
3 7
3 17
2 24
2 14
3 21
2 36
3 1
2 14
3 21
3 10
2 37
2 20
2 8
2 3
2 20
3 34
2 37
3 18
2 25
3 28
3 20
3 24
2 15
3 1
3 34
2 24
2 24
2 27
3 5
3 5
2 14
2 16
3 28
3 19
2 32
2 6
2 36
3 6
2 28
3 29
3 25
2 35
2 7
2 21
3 12
3 32
3 31
2 26
3 21
2 15
3 2
2 25
2 17
3 33
2 9
3 25
2 22
2 12
3 34
2 37
3 9
3 34
2 1
3 32
2 36
2 37
2 23
2 1
3 5
2 1
3 31
2 20
3 22
2 31
3 16
2 22
3 33
3 28
2 8
3 21
2 21
3 16
3 3
2 7
3 34
3 20
2 27
3 23
3 6
3 24
2 30
2 11
3 6
3 23
2 34
3 27
3 29
2 8
2 23
3 19
2 23
2 32
2 5
3 9
3 9
2 29
3 12
3 12
2 18
3 2
3 28
3 3
3 26
3 21
3 24
3 12
2 9
3 22
3 32
2 25
3 26
2 27
3 24
3 30
3 2
2 26
3 25
2 30
2 30
3 5
3 31
3 8
3 35
2 32
3 18
2 24
3 13
2 1
2 28
3 10
2 1
2 11
3 22
3 33
3 14
3 20
3 21
2 22
3 15
3 13
2 28
3 20
2 35
3 20
3 31
2 3
3 14
2 32
3 13
2 26
2 31
2 26
3 34
2 22
2 11
3 11
2 4
2 18
3 3
2 18
3 14
3 27
3 33
2 37
2 21
3 20
2 22
2 1
3 13
2 31
2 33
2 34
3 32
3 31
2 11
3 31
3 10
2 17
2 18
2 4
3 24
2 10
3 26
2 12
2 18
2 5
3 22
3 13
2 15
2 31
3 8
3 32
3 10
3 28
3 26
3 15
2 30
2 29
2 19
3 34
3 4
3 25
2 12
3 5
3 12
2 5
2 17
2 23
2 21
3 27
2 28
2 3
3 7
3 25
3 18
3 17
2 31
3 17
2 24
3 3
2 20
2 6
2 30
2 19
3 35
2 16
2 21
3 11
3 21
3 1
2 7
2 16
2 6
2 14
3 27
3 30
2 26
3 36
3 29
2 25
2 29
2 16
3 14
3 18
3 36
2 11
3 28
2 1
3 29
2 22
3 3
3 4
3 25
3 19
2 32
3 11
3 25
3 11
3 36
2 2
3 29
3 13
2 26
3 12
3 18
2 35
2 15
3 19
2 22
3 15
2 24
2 28
3 1
2 24
2 29
3 30
2 30
2 18
2 32
2 20
2 18
2 8
2 22
3 3
2 35
3 29
2 37
2 36
2 27
3 6
2 15
2 26
2 28
3 3
3 4
2 19
3 17
2 24
3 9
2 37
2 22
3 18
3 14
3 24
2 10
2 32
3 18
2 18
2 30
3 23
2 22
3 16
3 35
3 14
3 6
3 24
3 18
2 6
2 19
3 17
2 14
2 32
3 5
3 14
3 25
2 6
3 20
2 16
3 22
2 6
3 8
2 34
3 25
2 15
2 33
2 16
3 9
3 36
2 28
2 35
2 4
2 14
3 15
3 10
3 32
2 18
2 29
3 26
2 20
2 19
3 13
2 30
3 22
3 14
3 9
2 8
3 21
2 28
2 7
3 20
3 29
3 22
2 33
3 28
2 32
2 18
2 23
3 9
3 4
2 3
3 22
2 25
3 29
2 20
2 16
3 16
3 36
3 22
2 21
2 7
2 31
3 13
2 34
2 22
2 15
3 10
2 36
3 30
2 29
3 13
3 16
3 14
2 19
2 8
2 19
2 32
3 8
2 6
3 22
3 1
3 10
3 6
2 10
2 28
2 9
2 27
2 28
3 21
3 21
2 12
3 3
2 9
2 12
3 33
3 8
3 33
3 27
2 12
3 20
2 8
3 18
3 29
2 18
3 20
3 29
2 10
3 26
3 32
2 20
3 21
2 1
3 31
2 35
3 26
2 25
2 5
2 5
3 11
2 2
3 31
3 2
3 35
2 3
3 7
2 19
3 8
3 33
2 31
2 10
3 12
3 7
3 36
3 23
2 24
3 4
3 4
3 35
2 36
3 8
2 25
3 6
2 32
2 17
2 23
2 9
2 8
3 30
2 32
3 36
2 10
2 1
3 30
2 15
2 30
3 20
3 6
2 1
3 19
2 1
2 8
3 17
2 12
3 35
3 25
3 35
2 14
2 20
3 27
3 26
3 10
2 18
3 27
3 32
3 30
2 30
2 1
2 9
3 27
3 24
2 34
2 1
3 28
2 19
3 30
3 31
2 35
3 2
3 29
3 16
2 11
3 16
2 8
2 12
3 32
3 32
2 11
3 20
2 35
3 31
3 1
2 2
2 6
3 15
2 2
3 17
3 33
2 34
3 33
2 37
2 26
2 20
3 21
2 33
3 27
3 36
3 5
2 9
2 14
3 11
3 32
3 30
2 14
2 15
2 19
3 16
2 29
3 12
2 12
3 14
2 20
3 5
3 29
3 25
2 23
2 32
3 33
3 9
2 31
2 30
