297785242
767782226
329525408
238753421
589014545
196439
716569482
793586469
111978010
337673357
551190181
65637101
910296365
323397495
114704557
318644061
398416612
779212165
401642016
552417679
416261925
777396753
156308553
724568460
901148794
412862125
489363181
304669602
311601098
182736621
542853125
269785906
368730736
274771341
609219623
800162045
440578120
157908052
559531197
667285327
924786799
257549197
417661847
784596511
424800002
657561505
867495857
568748748
382911491
250670304
316173709
408326026
232005299
580517411
392207135
657237913
178620557
293592157
754090581
652445648
322504280
340941656
567648080
392568682
663580861
335615248
555571132
676091063
75703415
601964119
733804355
718013071
179446237
625682265
389292351
693949624
495704509
433593229
760365731
148347623
340347425
652583223
619461950
119856861
519671962
343733250
42094989
626590173
421764888
616509941
499155928
741352351
333758405
808629451
323046279
348163277
505674522
806392182
619173026
299140980
341340837
286900392
52410321
348544173
909216776
924196473
549840842
292304237
248585792
78513371
37036509
434317007
301667810
362679568
848946083
570728763
430416477
822226647
240384650
58995648
446948083
624712234
30307619
787809841
910698492
622606109
758274682
400219496
643144961
459772617
114396029
590983401
315181047
295288542
463209655
4362941
924373115
679027004
178853080
493680246
510255076
381254633
784046983
76889715
505307397
79512832
210697384
503659155
863499923
258055235
307594388
242084643
468431815
245775101
126281085
392462221
591992003
822457599
769349004
755702721
194800584
296263850
335766992
355834666
516735917
134468648
496037459
658257200
213850891
392074813
811463229
519208456
11400562
273954573
625581504
259724422
477763085
643639371
309202709
455135178
575811049
426044091
158824222
740658575
555098541
640241005
175219015
729145165
549887309
265373003
256551199
279780205
662076330
712674978
266564797
923674148
306195480
252089247
118561117
644176586
880739853
586195736
366129069
125719277
685755187
794115279
784772909
184991593
550658973
459715271
30696215
814239231
4378534
703649100
931435949
315277200
567553274
364357946
561864093
86590949
752166167
417343680
498632458
458538648
677828885
203191704
208234861
325690954
844556039
578597133
781638807
134753665
667519885
884121197
358551032
439176751
307746610
844288319
454862121
314703422
646718163
561510962
21530972
234732210
245689175
492348605
368874874
370005827
681838810
598185709
343780223
646710669
340674842
521137872
876424697
166369709
287320531
287039164
300928372
341621645
338137901
343745312
738185
4358403
706939896
880043848
477841965
840258004
93199245
437983073
510771319
907635868
826315367
543003955
500375325
172359353
444165044
707942741
84506833
274710321
837929479
647989603
627199043
328990537
885441919
347693602
882403801
757297663
589821713
271000957
20512317
434492106
231801467
876735433
288834407
561833226
183868139
707574538
432025731
89217400
932150839
104717876
602177619
323489000
477
130830567
409633253
711551567
575393117
863472783
477630029
530760051
101154239
524107885
325271673
235916685
395280677
35946223
822849895
205227631
586713709
348531761
186767081
659482958
354536883
745790124
384210461
524482701
511648381
894165839
421278509
740668726
240351895
248787104
265774989
534536538
334848778
99366252
411472024
610118807
790764587
406947392
843988762
776127306
200716710
72949475
903551597
617743085
698588362
95271132
547701372
275483869
200874202
808822237
164981667
271815581
847578485
502533277
671375708
51623944
430045938
133092043
910957911
461699327
652745238
149982351
148494077
868771913
464284514
184678205
717542489
872609325
710335629
294281477
466227199
589665869
107544717
243986455
380433219
303161034
82998143
765580142
437117277
397171031
211957319
413678861
645610801
607488429
483150821
825484685
750656188
673602762
488016103
842536823
479525924
731062957
381480408
490346674
816508077
615602157
222452729
789664554
278458033
544708909
113638949
402187144
356552746
819024263
549125821
910957975
190415435
358299895
676596765
747284842
489954413
226088080
163490683
163828568
371178087
641050687
927732983
424298015
189465407
877808956
75342479
425641527
498269126
317089624
125626849
845235715
467584909
500258060
369972253
638735584
540254055
101055741
570973165
931992812
322510547
118310572
892855762
84905126
192954721
844120028
788575077
647880698
278420850
800218714
370680242
894595651
834541375
264566050
911859213
311916658
515518083
925187173
530469939
340210073
777220285
630082357
143119357
528232710
851966330
615372559
143091991
755787537
365773704
926908123
765236385
485046362
379885801
621693276
473664493
443402299
518512589
544506680
147364877
554899581
340798861
598864398
888374443
220547054
153954103
447657387
661094933
813581055
484304651
320941778
18071557
600420353
324861995
76454047
794778061
886426733
538452437
848413061
676421146
787263756
467736238
491315500
391278661
254184754
850494349
257507029
901283618
758777292
355152536
804368653
706752901
441827340
714071152
176951077
458278705
327990542
292158534
593931519
490596125
602858381
136952999
253283781
299100861
795711252
613122698
773403501
337930477
181063869
881219274
886129149
919114521
766344689
406320290
83673277
616671834
134573085
626796073
406588264
276226365
705346462
139153831
828301755
378716805
567056796
10356203
794837901
481775916
80077041
786149736
96979921
121507645
136821431
396879789
861025957
868691001
326383727
734940226
535034792
3579939
494195844
319947567
539489157
311498871
633202581
160301072
870322845
404415480
352870515
621689885
722346586
264641082
551049008
279227991
528416291
62336599
601067994
796410672
878696229
276120247
858084137
735162369
534161295
168314392
795714904
467996018
289584605
344188021
358825168
777352733
244957664
581129319
729084668
416393880
627129127
578148810
341644949
374044627
133422373
340967044
845818709
191948391
399107251
256244253
128356621
119453462
216597547
465684338
630414455
408174004
220304807
784746621
345092088
771925651
868722899
618564291
505895395
759099263
88168205
319142120
459075325
445072045
363768936
118862546
74309601
123133567
763698853
118882213
3493310
364607405
613488861
744500814
908046999
470152738
488007883
725705325
196832920
720496628
866217511
773051877
286912559
494663402
442143359
808240067
333315513
194878602
409019282
789650993
51613911
362792592
205369053
43374157
295526389
318232558
872595338
110781789
267283055
1973832
42516988
295656637
312103933
771422333
906932791
129888893
194329997
582389378
703382726
632549848
696970081
842009631
354620288
770075692
192179961
782377325
42541567
202571581
560078925
284371945
101999480
197960733
880467431
81189863
697741197
342963085
917220903
787942917
108759000
464335913
396840141
152908564
731683981
382404040
636164709
215196920
342734797
652207023
245457154
927538570
574309357
74455651
314230794
750185156
572105081
474402428
452038474
613328415
288219265
282492328
871710235
167414667
42887771
99694336
101343863
337354047
784264945
184556173
158165968
131223949
338194247
677404915
174815090
819699219
709460764
566349507
417497199
465578186
674759235
17340272
473845338
61956192
365919587
657801679
380171245
807926157
756102244
179875000
500289968
527823146
89902159
894651917
608334147
600155258
840507259
15688047
144947645
140737389
526518081
547587117
515301179
480720273
866694029
269281373
140291220
522567143
298093320
645342063
596379197
230108973
443518354
175589304
920033965
912531333
146596845
824669951
207726583
817788890
910438541
594062519
189582038
506385146
769029683
456815245
413296277
248858775
512214036
403106408
672600585
359765516
605726981
615480549
312445065
904176476
713494792
775408866
824937564
47894863
804277311
337183623
45377079
629067000
410663823
353808024
575492909
442780522
796877857
260306189
448988765
22571109
712474026
807251149
876003033
773295181
221771053
91730025
563729768
649570653
922510223
542927198
129364403
832471725
352288119
898712366
513317629
812481919
796298945
789108537
820173575
819938242
106643753
204971912
411312028
310636818
404997257
926507319
899290045
442307037
925133190
816237671
639712089
749222547
221268621
202544333
264197200
802286957
161672194
592044785
364517080
48991378
275666605
356641706
287384795
793236268
506156909
815554944
932606214
310602253
465519431
239950637
306550642
537151141
430975109
276243530
49560095
540194767
818307143
175105333
725293293
478119608
352093110
88415476
267497471
212175205
593118158
10909805
786140455
814109439
701793909
768110077
866114707
517851391
155821102
555456359
63279372
280293325
289489335
3210736
234229672
659657072
704354133
912107791
328986025
161948095
80683817
833872269
71917302
843561556
798098732
623762184
898649444
133251011
28218153
758983996
658846378
651324196
265786106
288847555
680260909
671834873
484916805
413234736
327243931
134527496
33506887
520226029
731418842
650918118
881866079
895406477
546762595
498835942
58488717
857424899
350807877
352477800
45238147
788548527
751853437
148904063
302044038
773164545
493800584
367252229
780044621
284506422
622215871
856134877
633980767
336590669
659778377
146249141
472390562
473922439
361500524
925425272
252929923
612685738
552923024
406098819
537449150
268624207
468993744
891207257
302890202
549995147
174775589
766097037
64032949
226644742
103240205
660217571
910101257
475010417
846558218
714943752
911137319
100557783
735306748
304952239
275959456
640793035
538535733
264928111
869205077
848218778
381216634
99171992
870673169
7175281
265876848
711767796
813948695
205070935
877416723
790680595
96860045
889576089
220061097
254475853
817748701
330482061
721482807
382618277
34419735
255305187
845596373
883127453
689270772
731620850
503744311
727766193
466166264
923589288
437782194
555457741
276982478
256418560
788889867
47942413
885886607
858345949
176652551
4626957
281164096
