60 20 1000
S 14 19 20
M 22 16 24
S 1 2 3
S 5 7 8
M 21 29 30
M 20 18 21
S 4 5 6
S 12 25 26
S 19 22 23
M 15 10 16
M 27 28 29
S 9 10 11
M 26 30 31
M 6 8 9
M 25 24 27
M 2 3 4
S 11 17 18
S 13 14 15
S 7 12 13
M 17 23 28
15 3
23 1
7 14
28 3
17 5
28 6
23 1
11 10
20 2
12 7
16 15
7 12
14 3
9 24
15 1
25 3
31 8
25 4
9 16
22 1
30 53
10 8
8 9
18 6
14 3
28 4
7 11
27 26
7 12
15 2
28 3
10 17
9 14
31 15
23 1
19 1
4 10
7 8
19 1
25 1
24 27
4 29
5 28
31 17
19 1
24 3
30 14
31 52
10 2
20 1
28 3
15 3
21 6
17 6
9 10
6 3
21 12
26 3
17 9
27 6
20 2
9 10
5 24
4 31
14 4
18 6
28 8
24 8
30 13
28 5
6 17
17 2
5 6
26 4
14 3
13 3
6 16
10 17
11 15
31 2
19 1
26 2
16 3
17 8
18 11
4 47
10 11
23 1
29 1
15 1
30 51
6 30
20 1
12 7
21 5
18 7
25 3
21 13
7 3
26 1
21 1
8 6
22 1
23 1
5 19
29 11
20 1
7 1
18 10
17 3
29 40
7 1
18 2
7 9
20 2
2 16
23 1
30 36
15 1
4 26
26 3
14 3
5 8
7 6
26 1
30 47
10 19
4 22
16 5
3 15
5 2
25 4
22 1
26 2
13 3
28 2
3 8
6 6
22 1
2 2
28 10
30 20
17 4
10 15
26 4
27 14
29 18
13 3
19 2
24 27
14 2
22 1
29 30
5 30
15 2
21 5
18 8
29 16
29 29
11 7
14 4
4 7
9 15
10 3
15 1
4 9
10 11
15 1
13 2
25 3
11 3
8 1
13 2
23 1
21 9
26 3
13 3
24 18
14 1
16 5
11 2
21 7
18 11
21 10
23 1
19 1
5 26
10 8
16 4
31 35
6 27
9 27
31 17
29 7
11 16
8 1
17 5
21 2
24 18
19 2
25 4
20 1
13 3
23 1
9 37
25 2
28 6
17 5
15 3
10 2
18 2
13 4
13 5
9 6
2 18
27 4
23 1
12 6
29 11
13 2
30 40
3 3
13 4
29 42
3 2
31 15
30 9
23 1
16 16
15 1
21 5
11 11
27 8
10 17
4 17
17 8
14 4
27 20
17 9
27 23
28 9
27 29
4 59
16 23
7 14
3 30
21 2
21 2
26 1
19 2
29 2
26 4
7 5
17 10
10 5
12 4
26 4
9 17
30 49
8 8
14 4
18 6
10 8
13 1
14 3
9 32
3 18
21 6
18 10
21 13
11 7
23 1
4 46
24 5
3 14
29 24
27 13
31 38
23 1
23 1
21 6
28 1
14 3
22 1
24 2
20 1
20 1
21 10
6 6
6 5
14 3
16 15
4 19
7 1
9 4
26 4
29 25
11 22
18 5
11 14
9 41
22 1
7 4
20 2
19 1
27 18
13 1
6 25
31 17
7 7
28 7
18 1
9 14
4 28
25 3
23 1
31 23
25 4
25 4
27 30
15 1
24 27
31 1
22 1
12 3
29 40
16 16
25 2
3 28
9 2
9 2
19 2
10 9
30 7
21 1
10 2
3 25
26 4
15 1
13 7
10 4
5 16
16 2
7 12
2 26
26 1
3 28
30 5
4 7
24 22
17 2
11 17
29 8
16 26
28 8
8 5
6 29
29 2
25 3
5 25
13 4
21 8
8 5
26 1
24 5
7 6
11 9
23 1
3 29
7 10
28 5
13 7
7 14
21 6
12 3
30 56
2 23
4 59
31 3
30 31
30 35
9 17
15 2
11 21
30 52
26 4
15 3
24 2
6 16
5 12
20 1
25 3
14 1
27 26
2 5
21 11
9 40
10 11
26 3
22 1
27 11
24 11
11 14
6 2
2 7
3 14
2 14
2 19
18 1
26 1
11 19
27 12
13 4
3 2
7 5
15 2
2 23
31 60
26 1
19 2
31 47
23 1
17 10
31 32
21 11
6 17
5 28
30 3
31 7
28 6
8 6
22 1
14 3
25 2
4 3
16 8
27 11
27 24
28 6
9 13
20 1
22 1
21 7
26 2
14 1
29 13
12 8
23 1
24 16
17 4
29 1
7 1
18 10
7 7
13 5
23 1
8 8
11 8
25 3
29 22
31 24
18 7
20 1
15 3
26 1
20 1
3 5
4 11
17 11
7 9
30 52
11 9
18 10
8 7
30 2
14 1
19 2
17 10
31 4
23 1
23 1
31 11
17 8
20 1
4 32
19 1
2 21
18 2
22 1
19 1
26 4
24 25
7 13
31 52
24 15
13 6
29 8
9 30
18 6
15 2
3 4
27 7
11 20
8 5
24 21
18 6
26 4
15 3
29 29
26 1
26 1
22 1
18 11
21 2
4 22
8 1
28 9
6 22
30 3
22 1
14 2
7 10
31 57
31 57
8 4
15 2
30 50
19 2
4 9
13 7
16 6
15 1
10 8
3 18
21 4
6 24
8 4
30 28
15 1
11 2
29 3
30 44
3 16
31 30
27 5
4 28
18 11
25 4
27 18
25 1
3 7
25 1
31 43
19 2
15 3
14 1
20 1
27 21
29 22
3 22
2 14
28 11
13 5
15 2
21 9
26 3
16 13
31 39
16 18
4 56
28 6
31 36
28 8
30 53
6 29
25 2
18 9
12 6
9 27
13 2
10 11
22 1
16 7
27 17
12 1
9 42
9 41
21 5
20 1
30 51
10 17
30 13
9 10
19 2
7 3
13 3
15 1
14 3
10 22
31 25
14 3
3 5
16 7
27 4
15 2
30 21
27 13
26 4
29 28
13 3
3 21
10 16
20 2
3 13
14 2
15 1
16 18
6 28
11 11
5 5
29 17
27 30
5 20
8 9
25 3
16 17
31 30
28 9
23 1
28 10
31 4
30 24
7 3
13 2
23 1
31 36
3 28
9 36
5 24
2 3
17 4
23 1
30 51
24 4
4 28
17 4
10 22
18 6
28 2
30 25
18 5
2 11
15 3
28 5
30 10
10 23
19 1
3 21
2 15
7 9
15 1
30 6
26 1
27 5
4 43
15 3
20 1
25 3
5 21
24 8
10 13
6 12
30 28
17 2
29 20
7 14
5 21
26 2
7 15
29 30
11 2
8 11
18 8
23 1
2 20
3 22
28 12
3 14
13 1
22 1
15 3
19 2
7 4
22 1
30 50
22 1
26 1
20 1
24 11
16 18
15 1
20 1
8 5
28 1
12 3
24 1
24 23
5 8
6 2
9 22
25 1
8 13
10 5
29 31
7 7
25 1
31 12
13 1
20 1
19 1
20 2
11 9
2 7
15 2
17 10
8 3
18 7
3 11
16 12
12 3
2 21
13 1
26 1
18 7
17 9
26 1
20 1
8 1
18 8
28 8
8 3
8 8
25 4
12 7
18 5
19 1
17 11
10 13
4 10
31 6
29 20
4 26
19 2
13 1
27 13
11 17
11 4
19 1
4 19
11 6
13 3
22 1
23 1
11 20
28 12
7 6
12 2
28 1
26 3
26 3
23 1
18 6
14 1
12 2
14 3
19 2
27 28
18 4
12 1
9 36
13 1
8 9
6 22
10 19
20 2
19 1
3 5
26 1
24 17
20 2
10 17
16 15
10 13
11 4
21 4
14 1
27 8
21 1
19 1
20 2
17 7
12 8
24 24
14 1
30 6
22 1
21 7
10 23
2 8
26 2
20 2
17 7
7 8
10 8
8 1
17 10
13 4
22 1
7 13
7 12
10 9
17 3
23 1
8 5
22 1
16 13
15 2
8 3
10 22
12 8
21 12
25 1
19 1
6 21
25 2
9 5
8 3
18 10
18 10
7 12
27 15
3 8
3 12
16 19
31 14
20 1
9 6
7 14
19 1
13 4
4 39
17 8
7 14
15 3
2 6
8 13
3 17
12 6
2 3
4 21
2 26
26 4
7 15
23 1
27 5
11 11
10 11
19 1
16 14
14 1
11 1
31 10
2 6
8 14
4 27
18 6
6 26
30 40
9 37
26 3
16 11
10 15
11 15
7 2
22 1
12 4
14 1
24 7
24 2
28 11
2 25
4 47
13 3
15 2
14 2
30 42
11 3
13 6
22 1
14 1
2 14
14 2
3 6
21 7
25 2
7 15
7 2
15 2
29 6
30 26
20 2
25 1
21 11
14 4
12 7
29 25
20 1
30 44
20 1
6 12
23 1
25 2
22 1
10 1
8 15
15 1
14 2
10 4
7 7
14 1
3 29
5 2
18 5
4 21
8 4
26 4
18 1
22 1
13 5
14 3
15 3
3 2
30 36
11 13
31 12
26 2
19 1
8 5
21 7
20 2
22 1
19 1
8 5
4 17
23 1
5 13
3 2
10 4
5 16
27 3
14 3
31 60
27 3
29 26
3 30
24 15
20 1
4 36
22 1
5 7
21 8
30 28
17 7
4 1
18 8
19 1
31 37
2 14
4 5
7 13
8 13
11 21
29 5
18 2
6 14
19 1
27 7
19 1
16 3
7 12
19 1
23 1
9 16
3 5
23 1
10 8
17 5
6 21
31 57
23 1
