31
67
63
35
23
5
51
37
48
11
70
49
64
47
19
51
54
59
29
3
21
55
21
23
29
59
39
47
1
43
59
44
51
8
27
21
19
21
23
29
33
63
31
3
50
19
59
3
7
19
66
27
49
27
43
59
17
41
42
56
55
55
23
27
20
14
31
49
59
12
53
22
64
37
34
43
27
3
33
55
35
29
5
58
15
38
29
19
7
19
64
10
59
24
63
46
33
9
36
5
31
23
51
36
23
59
42
33
23
22
47
3
23
19
16
69
63
43
63
39
2
27
55
43
25
27
8
51
43
43
43
39
30
34
63
59
43
43
7
29
9
49
9
41
23
43
52
25
37
46
59
30
7
23
13
63
23
67
69
19
42
68
35
39
59
34
57
3
39
57
27
7
37
40
61
19
51
70
27
49
44
2
27
19
50
23
13
67
41
67
67
22
35
48
24
25
7
43
11
65
11
3
51
15
43
57
11
34
19
55
48
1
44
15
15
25
3
17
51
15
15
35
15
35
63
19
35
59
58
18
55
7
3
19
19
23
19
27
13
27
47
67
55
6
27
47
35
34
47
2
59
63
53
19
23
59
5
27
27
36
3
31
19
57
14
3
70
68
17
38
58
7
43
70
63
47
25
54
51
29
37
1
67
11
55
51
19
17
13
23
27
27
35
31
23
59
19
23
10
35
45
16
11
43
31
69
41
66
35
63
7
39
68
19
59
23
27
51
33
20
19
23
11
57
3
3
13
31
43
31
59
61
51
53
19
45
43
13
11
17
31
26
43
35
44
48
50
42
27
68
55
51
35
24
66
3
53
59
63
4
35
63
9
33
18
27
8
51
11
65
16
61
12
20
27
11
3
59
21
61
7
40
63
50
15
43
25
29
47
27
43
27
24
27
33
15
35
47
23
59
23
7
51
1
15
55
32
34
31
15
59
42
45
1
43
11
47
3
9
3
26
46
3
29
7
39
27
27
11
67
59
39
27
40
37
11
19
59
43
69
19
7
47
59
29
25
55
49
27
38
22
32
23
25
55
63
16
13
54
19
63
62
61
15
1
43
6
51
31
39
31
31
47
67
46
47
43
7
2
7
53
31
61
56
17
3
31
35
3
23
2
59
9
51
55
53
18
27
19
13
6
37
42
17
59
15
45
65
63
15
39
44
27
50
2
59
11
3
27
19
37
23
53
43
59
57
69
26
19
26
60
31
34
11
3
9
61
15
26
19
36
21
41
39
2
61
11
49
38
12
47
59
67
1
57
23
8
63
27
16
11
47
43
7
13
47
70
59
11
59
66
67
1
57
20
40
27
27
39
19
61
29
67
23
9
3
43
35
10
30
68
43
7
67
19
11
9
24
44
37
33
61
1
49
52
41
3
29
55
47
39
24
21
47
55
23
11
45
13
10
67
10
59
43
27
3
43
4
35
66
35
21
7
63
37
21
9
62
5
46
20
7
3
67
3
29
55
12
23
55
31
43
36
53
38
31
27
43
67
59
7
31
27
51
65
23
15
16
11
26
57
35
52
63
63
19
69
43
42
11
14
35
10
63
21
29
31
67
18
31
17
61
15
70
27
11
33
67
11
25
31
11
18
48
7
63
19
69
63
25
14
32
23
43
7
11
40
63
23
11
20
34
5
17
11
51
29
58
56
31
19
70
59
46
11
47
59
51
43
51
11
40
59
49
61
57
3
67
65
31
65
37
61
15
5
3
52
11
39
46
33
39
8
59
47
20
58
54
51
11
50
27
19
59
40
11
70
11
7
63
65
57
63
34
27
54
33
51
62
31
9
11
33
51
44
10
39
67
19
9
2
59
48
36
19
35
43
3
59
67
11
49
60
23
67
55
7
59
35
44
3
9
27
62
57
51
31
11
59
63
29
2
18
11
67
34
47
27
43
35
39
27
65
67
55
27
45
59
51
47
45
1
52
11
70
58
59
23
27
63
67
23
23
57
36
48
58
15
25
56
37
40
51
3
64
43
7
30
39
3
29
51
53
51
69
44
2
32
48
15
36
61
25
27
43
19
56
46
31
23
14
19
26
13
62
69
59
43
31
15
65
10
27
27
49
59
21
11
31
3
31
67
37
39
31
55
57
23
59
63
35
27
11
27
67
48
31
53
13
54
59
47
43
55
36
19
50
59
26
19
28
8
1
5
35
19
11
1
19
55
66
53
15
19
36
23
15
15
58
9
43
51
27
9
43
7
50
51
64
67
7
49
46
15
2
50
8
2
25
31
31
61
11
41
63
15
13
3
7
59
