16 15 74
S 1 2 3
S 2 4 5
S 3 6 7
S 4 8 9
S 5 10 11
S 6 12 13
S 7 14 15
S 8 16 17
S 9 18 19
S 10 20 21
S 11 22 23
S 12 24 25
S 13 26 27
S 14 28 29
S 15 30 31
2 1
3 1
4 1
5 1
6 1
7 1
8 1
9 1
10 1
11 1
12 1
13 1
14 1
15 1
16 1
17 1
18 1
19 1
20 1
21 1
22 1
23 1
24 1
25 1
26 1
27 1
28 1
29 1
30 1
31 1
2 8
3 8
4 4
5 4
6 4
7 4
8 2
9 2
10 2
11 2
12 2
13 2
14 2
15 2
2 9
3 9
4 5
5 5
6 5
7 5
8 3
9 3
10 3
11 3
12 3
13 3
14 3
15 3
16 2
17 2
18 2
19 2
20 2
21 2
22 2
23 2
24 2
25 2
26 2
27 2
28 2
29 2
30 2
31 2
