410542848
488844679
937935067
819832776
719109937
692579778
736124132
68676658
543140981
273960384
244177174
146341334
492672362
52284117
658245275
542648314
373316895
325695562
344652426
896047680
626880168
425102056
481091069
406672794
530596564
889101874
842378664
486416028
643174340
754279819
338363775
794505713
979369771
938230734
367503915
879440242
937568407
328907397
130580100
784324839
493847721
568704650
229919099
367973996
260550121
330901923
230507915
128065572
457797300
790762295
223725929
834423818
855669011
75198535
482638008
82655275
906727147
587308859
47003691
189365896
554945268
868774750
667913104
137367738
809513678
69979851
272728708
179023814
668450114
410794641
160688455
823467106
835111840
494728231
137431108
84954215
887233935
921765286
929380208
322139976
949846340
761545794
309369229
301992659
814874720
169233609
376252896
860373212
109547712
821058886
62746558
380191647
516777979
905192123
769740241
912917251
86094325
923766050
905931056
152045832
172410530
113340625
777033875
167602022
179030664
335507337
350493923
257082179
235911908
323161288
724228355
910804779
627922291
407280786
184035125
122611532
111616896
743757714
488521039
253303566
599350325
804006311
807376386
838146871
138085335
105666993
914479431
235263418
271332446
93476043
714541292
923833127
228807177
72974772
715418131
46749098
509314589
312882812
538998119
481336990
233047167
320716272
368371405
913016047
249807759
178825839
344839945
234995019
307771824
820794249
418709023
243672319
357820952
790796215
99892781
599697031
591213831
202675906
337894247
233666883
589634305
699683748
248021139
669735848
361751532
784787829
323540317
736321
290725488
15206384
144657517
464918288
317454113
252957183
64683054
570395659
62605470
609379785
346168639
948279152
265957645
63613883
710603360
274995104
706589157
285001982
993949695
118016915
121809341
652387808
329564056
261240071
588193105
578634117
980190869
11250970
201518116
993200210
224497913
878911835
54933303
858180819
299572873
808208348
692861683
131576275
920911352
26709489
954070190
872786921
531847335
508693891
748732137
110157912
43082082
843621038
780315626
579327119
312932601
467876524
195446617
466821573
823702682
138979606
47502221
355697812
947589823
507250660
860336478
581874077
594778446
843906276
950230157
488850095
716149997
188251945
764994810
966926504
747950102
679322844
193816639
808603088
340899746
472382353
393957449
855096746
165661541
521860006
838239209
95707361
250888020
684025450
922612027
443438641
930272121
602257967
983386239
309980227
610678164
491363862
337369292
552138067
561097355
325936125
863562215
927893907
463503434
66022895
135408337
447933103
691417351
528480683
607329467
684748539
623335848
270999050
715967355
749349153
765216645
415677057
888857706
767829607
969140595
839492297
945449211
417598584
478022241
955700628
554441091
102581803
762095694
73945090
94743955
813954862
420953091
268123819
205983855
473798455
448549092
659836704
331542022
868932943
704852545
746030441
224085297
711347059
280005333
308695764
709712313
668826269
188008613
684653503
20661069
158797194
728867296
718743705
119525093
617257862
627524416
955559329
751208450
255858795
777122761
218010259
426710251
734255437
14917755
715057128
894786259
798091355
892666788
691862615
643698908
858257645
934737990
71297462
83286162
862695838
921676235
870808160
133932203
428499692
146662471
739651507
237662019
220855180
982667337
678237771
733956245
578930844
323119286
280003649
407523613
257183929
818124960
99526440
690450392
672595554
895897574
186896959
501078353
977409021
828678862
341219079
428054272
309241715
778838863
383603535
823866879
335377855
624986957
782147341
831653268
600989721
583612790
11779213
167545567
494948359
995727576
30918812
611099116
803369256
778491651
843425658
399943886
239586715
247197097
891689794
448803912
567404603
669799169
591346336
846520790
989719213
238395656
762283027
40189778
541460237
176945517
570041206
866526688
482064649
403863094
225815982
674666602
277736742
866188668
263656149
103121025
658954527
961367913
658072587
454258018
682247307
926513537
877349345
657671358
934882990
150765297
800032213
487326140
367701672
956126166
974107455
626150125
582681952
261704268
720526426
859498408
561556033
52635402
21713242
919291031
87229336
441070520
633008124
513323027
707151645
282272749
833516154
363729595
399220613
943976812
218555805
509020064
369629780
734781857
412762813
797272147
625204167
601399195
1286763
478146283
219829856
242540392
995950524
263158911
849361859
65617270
416186957
332167619
582479667
117488829
693398440
915375090
952590872
30751653
702696083
80290637
86005713
995189837
917767551
955561376
789761788
123938698
221461887
353718693
419683555
657090804
593592478
929168696
691443276
370436319
259887798
880678600
557515928
697565646
677578101
793200357
59356149
998062579
128630678
804507712
468139023
524373199
732436733
628458728
58925641
135263150
204946174
47886741
537488792
263525236
329752793
630274500
753408646
887485516
29126513
805111800
30108288
43487344
418335658
513247824
147073523
25544022
796386660
444106999
330102757
929811340
609826974
941567241
432651290
193688942
765373276
664621348
217869149
347435556
760648403
422188453
477563591
765109714
577606659
81974
67536055
424835136
845108970
348844185
549283098
462727750
587953966
196963216
868403195
535845908
429322713
37700307
673517632
709562307
395771490
195687355
272236202
768389284
78262242
240523789
173667573
374584403
265039509
576099837
54698926
416022941
158861554
269827333
697219403
961472729
148649814
324151787
968875953
858852861
246787232
452177747
444826678
80105783
878869290
998320608
119822189
499313021
762232811
315127247
49332346
613497124
427199738
931164919
118973491
368615952
45794569
6056139
554728059
218581699
914900590
79928545
236311807
295850882
517633930
828017738
151512845
890844560
714862846
245383970
233023275
458830045
973322446
841606099
582035031
164235512
941355560
112412565
249201351
845100152
57761833
972423329
480586862
263034686
161913504
542256114
688163122
225069129
988766332
132507937
835274987
623657052
538889237
446330047
271231260
795885130
268646784
678544328
799501225
40473446
17106277
47953057
143080991
474369165
324152523
449287188
419895448
1056825
707040969
853166933
489132274
108568234
213560605
150325636
11008871
23776185
70263730
954011321
520499733
517719177
920646743
55222843
20645349
877167299
614859440
790183791
875597481
509106982
231102004
32911272
534094797
107609930
217074105
937288766
557189611
859352312
936572858
355449075
614154239
482058623
474225974
335688292
152793808
559266098
355057650
823969326
614777135
37747265
870918338
580531199
371772647
652566893
46236443
543845137
28031918
136806364
532759883
397410542
901571176
519284319
607757192
930886269
230537208
452132056
26448838
571324630
423561253
112369907
47799078
476369452
680020294
69695134
341970379
931979314
316129378
708859805
755314934
659060649
427229555
610759765
835612414
159941923
336635536
966843743
906673025
124383184
304657212
462462950
786285271
468147823
965441877
207947736
829713832
653895337
908804389
625398288
281061246
317730842
769587422
293512875
716990696
849759347
657844646
89956457
989284630
457513390
14762382
443549763
783731603
263121223
676310834
573043157
2698841
503558993
162696211
183289654
988576730
24772294
998789272
73317826
301926716
803995996
303542794
723683744
506528090
334602707
87422838
969166339
947966204
877430055
754396310
297896721
778863874
41336947
522853023
39796368
626453616
245741438
794311307
68538465
408685748
426585828
83499445
935069761
428937455
199577450
62025420
295723159
577568411
420179650
372618695
852978200
560686403
314176242
532034466
252374833
407365146
531274653
54893129
149121468
808197840
235686650
236177032
836117500
326385271
518304559
538345309
167271942
501810630
657609384
71700883
234513254
609508748
85702939
220227944
329642499
550839688
329324041
876432650
95859637
278512458
361181543
452816633
420898377
192355288
659167991
742440590
678363261
211462843
330375110
913944846
694185359
868991443
794535873
713536263
918648310
893225021
221668546
517476700
118934602
710366501
110881871
854851090
341682858
863170288
962189870
179549865
334270207
427518264
859847827
335147518
751829249
899678878
219470947
42175888
988484761
455988932
358929728
488616687
808360784
228367639
197134875
275946839
983342835
183498763
57115460
166412078
997665704
193134583
375300519
610662190
961323440
400136647
190339176
83261332
346585578
221096697
865395119
626571067
89590815
965695991
141573634
364862771
359619302
719595600
319809535
488192661
289567391
269963897
96692069
110145862
197958352
709362883
472341623
152857964
130532158
853906371
426441384
871856899
930147477
39961439
388456659
151472734
308974504
769381049
626965277
537464266
434942983
830780485
185957360
768860439
669335813
805637913
897264408
860176368
520048264
605350103
966162117
989290980
192245607
938189758
281361081
599199404
660876335
903622420
896067910
37590599
355253094
305626784
846983164
569827270
809980593
825321534
921306708
461671049
578486310
493984777
77028368
687437662
238165734
619016639
348880829
14689221
9376099
796512963
893598288
195139422
456572332
817675605
558098999
330224794
718727432
702831734
834862718
653323336
228803218
593833146
221398133
150903207
399842730
816843033
55140674
115035502
819220405
802059201
6173007
921298699
691715619
872750989
625403363
399881508
494519290
910250826
998005127
486400502
351512626
822320514
432601960
507241818
575516733
612205285
424802744
144060651
838636876
946089187
582968373
650383032
202444201
125537417
345413466
700312215
47785378
591955748
273376544
304991329
160430426
118784717
332966101
805603233
191809238
331905620
750846663
998366888
277692750
53482491
787291506
525389822
883058101
344373381
665324122
827548129
370914283
972624490
