1
13
56
24
54
50
70
7
4
65
45
54
14
8
11
10
6
22
61
38
34
24
58
47
9
36
48
15
17
28
44
16
65
9
31
48
50
33
34
61
70
37
19
37
24
24
66
46
66
65
38
38
18
73
7
38
54
71
39
58
71
26
22
26
58
8
11
65
54
22
34
28
27
70
2
56
30
22
55
32
23
7
60
13
25
69
67
68
57
71
35
19
45
20
26
41
3
63
21
68
34
11
52
19
15
2
59
1
9
39
6
56
11
6
16
28
54
50
73
14
35
48
13
54
13
1
23
71
36
18
55
22
23
46
45
49
53
42
69
20
39
19
46
42
36
11
30
27
49
16
19
48
32
43
65
11
51
68
32
15
4
54
70
59
37
10
63
46
1
14
41
22
24
17
5
59
20
36
35
70
37
15
22
34
73
31
25
71
37
25
64
65
35
27
44
41
65
13
16
30
3
51
72
16
10
42
31
63
19
7
18
27
61
68
14
52
63
67
24
39
53
17
10
32
21
56
39
46
66
69
32
1
17
52
56
70
60
4
62
11
2
59
14
31
32
35
62
61
65
35
23
29
34
27
28
18
7
61
41
7
33
43
45
8
26
55
66
60
22
9
2
70
7
55
58
12
35
30
17
44
68
61
32
12
73
27
47
43
14
33
12
52
17
10
1
64
65
67
46
22
18
36
63
58
5
7
7
6
41
19
25
42
22
51
48
22
57
14
23
51
22
37
60
18
27
60
67
16
30
73
38
69
30
30
45
68
65
15
29
52
48
57
41
60
54
49
8
9
54
22
52
1
46
40
55
17
10
50
9
69
51
38
20
53
19
69
34
21
22
48
55
25
37
14
14
17
64
11
68
34
16
31
7
33
42
25
16
33
15
37
43
44
14
53
23
49
20
34
62
24
10
48
33
61
60
1
12
9
5
59
73
65
66
38
64
24
38
73
65
11
61
55
20
62
36
60
23
13
53
47
34
14
34
47
27
42
71
2
27
42
20
73
39
15
5
39
68
73
36
49
56
40
48
29
2
68
47
47
53
10
10
27
31
56
38
63
11
71
12
55
58
50
69
13
41
24
64
62
51
42
29
4
49
33
66
17
50
43
23
68
73
18
68
1
64
71
73
45
1
10
1
62
39
44
61
32
43
66
56
15
42
41
32
6
13
68
40
53
46
12
48
59
21
12
46
67
54
58
15
45
38
45
63
9
18
18
57
24
24
35
4
56
6
52
42
48
24
17
44
64
49
52
53
48
60
4
51
50
59
59
10
62
16
70
63
36
47
26
1
55
20
1
21
44
66
28
40
42
43
30
26
55
40
69
40
62
5
28
63
26
51
61
51
68
43
21
22
7
35
6
35
28
54
66
73
41
40
43
1
26
61
65
67
64
62
21
62
20
33
35
7
48
19
52
23
35
9
44
26
29
61
16
64
20
56
52
30
59
57
37
68
8
50
23
10
24
9
33
45
41
54
55
5
14
50
36
34
61
34
47
6
39
11
59
37
70
31
41
22
42
2
13
31
11
27
54
60
51
72
58
49
57
31
28
36
72
21
56
1
58
43
6
8
50
38
63
22
50
22
72
3
58
26
51
24
36
69
29
38
43
30
47
55
2
47
57
60
59
35
63
39
35
15
43
6
69
58
73
71
53
12
29
51
55
6
8
37
34
47
18
73
43
36
28
48
19
63
36
35
59
46
43
32
70
28
12
48
36
11
37
34
27
63
10
28
50
11
40
31
44
11
16
67
50
29
65
31
18
72
55
69
7
27
30
20
64
35
57
52
39
37
26
59
44
28
18
15
42
55
13
40
58
44
65
56
63
35
45
18
8
5
44
49
58
39
31
32
72
44
41
13
61
26
67
43
29
20
71
60
57
26
32
28
37
15
37
63
16
11
44
2
20
12
19
55
17
53
55
42
42
23
6
17
23
66
16
66
54
23
40
15
36
58
35
40
58
19
52
64
39
42
1
62
69
52
49
9
9
22
3
62
4
70
5
14
37
16
66
61
19
24
14
72
46
47
8
8
70
71
16
49
12
63
33
45
17
15
60
63
72
19
1
60
29
59
40
12
1
38
1
15
34
23
70
50
70
27
39
54
52
20
35
54
64
60
59
1
17
54
48
67
1
56
37
60
62
69
4
58
32
21
32
15
23
64
64
21
40
69
62
2
3
11
30
3
34
66
67
66
73
51
39
42
65
54
72
10
17
27
22
64
60
27
29
37
32
57
24
23
28
39
10
58
50
45
63
66
18
61
59
