590815836 2506 1000
M 1230 1211 1268
M 1555 1573 1677
S 1450 1502 1503
S 2782 2796 2797
M 1327 1285 1334
M 3185 3202 3203
M 2306 2360 2365
M 1201 1187 1224
M 613 680 682
S 2731 2752 2753
M 1654 1495 1669
M 426 450 499
M 1633 1634 1671
M 1880 1895 1908
M 156 173 183
M 973 991 1000
S 1775 1779 1780
M 1217 1287 1312
M 2911 2958 2976
S 2256 2259 2260
S 855 865 866
S 25 47 48
S 3484 3510 3511
S 1159 1178 1179
S 1168 1277 1278
M 718 734 737
S 1985 2032 2033
S 2326 2350 2351
M 2423 2447 2485
M 3441 3491 3501
M 2647 2581 2665
M 1516 1561 1563
S 788 800 801
S 1559 1578 1579
S 3601 3635 3636
M 845 889 894
S 1778 1879 1880
S 511 521 522
M 1905 1830 1935
S 2141 2168 2169
S 2951 3105 3106
S 2113 2143 2144
M 921 902 951
S 3485 3493 3494
M 3440 3414 3459
S 2229 2238 2239
M 1078 1181 1195
M 669 623 679
S 338 350 351
M 1757 1797 1860
M 3401 3412 3419
S 2300 2394 2395
S 1485 1603 1604
S 570 582 583
M 1720 1802 1855
M 2840 2831 2911
S 2917 2933 2934
M 731 712 761
S 859 1012 1013
S 2814 2830 2831
S 2601 2621 2622
M 2158 2136 2171
M 329 309 341
M 1783 1807 1858
S 386 427 428
M 1733 1812 1839
M 2320 2285 2330
M 1644 1571 1652
S 2817 2846 2847
M 1142 1261 1286
S 2129 2130 2131
S 2398 2423 2424
M 929 891 941
S 948 1008 1009
S 3170 3211 3212
M 1110 1089 1116
S 1105 1139 1140
S 2940 2977 2978
S 1138 1162 1163
S 1744 1808 1809
M 3235 3316 3323
M 219 222 252
M 2251 2314 2374
S 253 256 257
S 3073 3115 3116
M 2416 2382 2419
M 926 928 945
S 2371 2427 2428
S 3459 3465 3466
S 863 895 896
M 2824 2800 2858
M 1915 1937 1940
S 1663 1684 1685
S 1141 1148 1149
S 3229 3379 3380
S 1437 1448 1449
S 1973 2088 2089
S 3050 3073 3074
S 662 726 727
S 2258 2262 2263
S 584 594 595
M 2426 2521 2531
S 3640 3652 3653
S 2094 2224 2225
M 2949 2907 2984
S 2390 2460 2461
S 886 979 980
S 2667 2690 2691
M 969 1046 1095
M 1379 1548 1556
S 689 885 886
S 1416 1442 1443
M 491 467 500
M 2225 2257 2266
S 2321 2327 2328
M 2778 2901 2942
S 331 423 424
M 1776 1752 1794
S 19 39 40
S 2023 2182 2183
M 3236 3227 3256
S 1780 1892 1893
M 3350 3358 3370
M 1671 1683 1686
M 72 31 92
S 2214 2267 2268
S 57 81 82
M 3542 3524 3625
S 3454 3470 3471
S 23 25 26
S 40 45 46
S 830 903 904
M 1413 1539 1562
M 128 80 142
S 2838 2863 2864
M 3404 3373 3415
M 844 865 881
S 2544 2574 2575
M 2065 2114 2145
S 796 857 858
S 5 8 9
M 3105 3118 3124
M 1694 1693 1699
S 1083 1108 1109
S 121 207 208
S 2736 2842 2843
M 3500 3536 3619
S 1293 1310 1311
M 2247 2234 2258
M 155 192 221
M 2446 2402 2492
S 3509 3666 3667
M 1524 1505 1534
M 951 962 969
S 1970 2025 2026
M 2259 2286 2331
M 3049 3057 3059
M 522 395 538
S 1024 1033 1034
M 2633 2657 2664
M 2739 2792 2812
S 749 859 860
M 2451 2471 2483
S 899 1070 1071
S 3686 3705 3706
S 1003 1026 1027
M 2392 2318 2408
M 498 571 593
M 119 115 175
M 1364 1310 1365
S 3191 3197 3198
S 1454 1469 1470
S 2869 2917 2918
S 2532 2590 2591
M 3181 3153 3184
M 3628 3697 3707
M 691 707 760
M 1477 1462 1480
S 479 549 550
M 3592 3731 3741
M 758 755 768
M 2294 2299 2302
S 274 379 380
S 1202 1241 1242
M 3284 3470 3532
S 3302 3409 3410
M 2492 2489 2552
S 2681 2750 2751
M 3600 3659 3678
M 722 757 769
M 3737 3741 3747
M 3212 3334 3335
M 3059 3074 3099
M 514 531 545
S 2249 2306 2307
M 2124 2135 2163
S 1682 1726 1727
M 2893 2892 2906
M 2359 2310 2389
S 2153 2180 2181
S 3011 3136 3137
M 3426 3424 3443
M 874 604 884
M 1746 1656 1767
M 3195 3081 3202
S 334 339 340
S 3261 3330 3331
S 879 1123 1124
S 3418 3540 3541
M 1099 1047 1104
M 1135 1127 1150
S 1630 1655 1656
S 161 238 239
M 954 940 999
M 647 644 672
S 2005 2116 2117
S 1147 1209 1210
M 1787 1773 1793
S 1038 1045 1046
M 3543 3520 3548
S 3327 3361 3362
M 3283 3279 3293
S 494 501 502
M 2878 2955 2997
M 2872 2802 2910
S 2699 2827 2828
S 3460 3622 3623
M 1288 1166 1328
S 2827 2852 2853
S 66 159 160
M 799 765 807
S 2771 2792 2793
M 2479 2518 2540
S 3669 3701 3702
S 1606 1623 1624
M 572 591 597
M 3089 3080 3100
S 1991 2027 2028
M 2729 2871 2888
S 485 515 516
S 1518 1547 1548
S 2275 2382 2383
M 560 563 603
S 133 171 172
M 262 359 393
S 557 578 579
M 890 873 913
S 1080 1254 1255
M 1306 1415 1428
M 1199 1337 1338
S 1873 1877 1878
S 3493 3603 3604
M 3554 3448 3556
S 55 76 77
S 1069 1096 1097
S 3277 3297 3298
M 258 232 275
M 1796 1825 1852
M 74 134 136
M 2899 2909 2975
S 3655 3656 3657
S 1144 1193 1194
S 3249 3431 3432
M 3149 3141 3174
S 549 620 621
S 1979 2003 2004
S 709 723 724
M 2537 2644 2693
M 1266 1353 1356
S 911 933 934
M 1664 1626 1743
S 2616 2674 2675
S 2896 2982 2983
S 617 669 670
S 405 437 438
M 2107 1964 2114
M 339 374 386
S 1382 1419 1420
S 903 1002 1003
S 1590 1620 1621
S 2128 2155 2156
M 3003 2927 3037
S 2516 2521 2522
M 1395 1429 1472
S 1767 1795 1796
M 3370 3311 3458
M 1378 1421 1439
S 2161 2189 2190
S 369 370 371
M 3717 3718 3722
S 2498 2564 2565
M 1566 1533 1574
M 3201 3150 3219
M 1595 1625 1703
M 597 620 626
M 3751 3658 3759
M 1238 1265 1283
M 1882 1987 2066
M 697 547 708
M 3068 3140 3210
M 1820 1836 1845
M 2260 2200 2269
M 2519 2525 2566
S 13 21 22
S 430 440 441
S 3255 3284 3285
S 1884 1885 1886
M 3402 3442 3469
M 661 649 668
M 1439 1467 1468
M 2463 2475 2501
S 1319 1393 1394
S 3192 3257 3258
M 1554 1507 1630
M 1922 1995 2011
M 2261 2278 2297
S 3166 3169 3170
S 1203 1207 1208
M 260 204 267
M 967 843 972
S 1925 1945 1946
M 2547 2353 2582
S 1259 1275 1276
S 1326 1350 1351
M 380 497 505
M 1549 1666 1670
S 484 559 560
M 2812 2819 2820
S 1346 1451 1452
M 3175 3246 3253
M 688 660 699
S 2422 2454 2455
S 1059 1127 1128
M 141 272 280
M 3586 3581 3617
M 248 300 315
M 1789 1798 1861
M 1289 1318 1333
M 3475 3501 3547
S 2440 2479 2480
M 824 759 834
M 1169 1066 1174
M 2563 2593 2607
M 2071 2020 2076
M 2697 2693 2762
M 1182 1170 1201
S 468 484 485
M 3294 3104 3315
S 721 730 731
M 3035 2956 3057
M 3157 3169 3196
M 1923 1876 1930
S 2211 2232 2233
M 2242 2238 2326
M 695 665 704
M 3347 3478 3497
S 2556 2715 2716
S 1133 1146 1147
M 2574 2626 2650
M 2797 2798 2816
M 1095 1093 1120
M 2835 2855 2885
S 1342 1399 1400
M 1569 1597 1634
M 202 203 205
M 199 68 213
S 935 939 940
M 1708 1697 1718
S 800 887 888
S 2641 2651 2652
M 908 852 964
S 1996 2016 2017
S 230 248 249
S 2624 2669 2670
M 1405 1393 1434
S 42 53 54
S 2198 2354 2355
M 1764 1743 1772
S 449 462 463
M 3420 3438 3442
M 819 829 882
M 634 616 661
S 2370 2399 2400
S 3642 3710 3711
M 769 728 779
M 752 716 795
M 2511 2528 2585
M 81 77 83
M 1458 1481 1485
M 351 608 697
M 2011 1993 2024
S 3366 3389 3390
S 726 837 838
S 2596 2638 2639
S 2921 2987 2988
S 2346 2359 2360
S 2082 2132 2133
M 3131 3102 3190
S 3516 3552 3553
M 2709 2696 2725
M 2448 2372 2449
S 2678 2704 2705
M 1468 1417 1508
S 2565 2570 2571
M 992 1032 1064
S 2399 2471 2472
S 1869 1890 1891
M 2967 3061 3087
S 2126 2136 2137
S 3122 3132 3133
M 2335 2284 2336
M 603 594 606
S 638 738 739
M 2201 2219 2221
S 2928 2946 2947
S 3629 3640 3641
M 108 111 154
S 2517 2572 2573
M 654 692 701
M 1262 1221 1297
S 130 186 187
M 1273 1026 1337
M 1994 1961 1999
M 2756 2779 2789
S 753 777 778
S 2389 2534 2535
S 1368 1432 1433
S 628 635 636
S 588 599 600
S 2301 2315 2316
M 2773 2759 2805
S 1180 1249 1250
M 195 157 206
S 3041 3079 3080
M 2288 2226 2294
S 2270 2298 2299
M 3482 3465 3486
S 525 536 537
M 2987 2932 3088
S 1161 1331 1332
M 1101 1081 1126
M 2190 2176 2231
S 469 527 528
M 534 519 570
S 725 808 809
S 2362 2481 2482
S 955 1015 1016
S 240 259 260
M 2209 2305 2312
M 1501 1478 1594
S 170 196 197
S 1376 1403 1404
M 425 422 452
M 110 95 112
S 282 288 289
M 1810 1871 1953
M 1210 1157 1219
S 1553 1687 1688
S 60 61 62
M 241 213 292
S 292 472 473
M 2414 2430 2459
M 3314 3280 3388
S 1976 2050 2051
M 281 233 284
M 883 857 898
M 278 364 372
M 1983 2010 2053
M 412 465 468
S 2562 2594 2595
M 1295 1275 1296
M 1586 1564 1616
S 990 994 995
S 2506 2592 2593
S 151 152 153
S 1754 1830 1831
S 931 974 975
S 2969 3013 3014
S 224 271 272
S 2995 3103 3104
M 2336 2484 2497
M 2604 2526 2611
M 1685 1701 1729
S 630 653 654
M 1292 1236 1304
M 2496 2640 2653
M 1587 1556 1606
M 2652 2661 2681
M 2719 2754 2770
S 559 647 648
M 1829 1846 1848
S 429 433 434
M 2966 2857 2992
M 2224 2337 2364
S 1980 2009 2010
S 22 41 42
M 2630 2459 2633
M 2674 2632 2707
M 1527 1538 1589
S 1023 1031 1032
M 2934 2889 2961
M 1242 1239 1259
S 934 987 988
M 847 815 869
M 3590 3594 3597
M 1301 1263 1309
M 2060 2062 2092
M 2533 2542 2569
S 3453 3508 3509
S 2807 2818 2819
S 3209 3273 3274
M 2439 2421 2456
S 2274 2310 2311
S 1438 1473 1474
M 690 693 728
M 1205 1218 1236
M 371 200 405
M 2904 2890 2949
S 1480 1529 1530
S 583 659 660
S 3262 3304 3305
M 376 238 388
S 3264 3287 3288
M 2826 2738 2836
S 3029 3076 3077
M 324 332 343
S 3472 3526 3527
S 2401 2416 2417
M 916 927 944
S 1631 1715 1716
M 1153 1121 1164
M 561 567 576
M 1316 1234 1327
S 3313 3384 3385
M 3207 3382 3404
M 58 102 115
S 1044 1211 1212
S 1711 1773 1774
S 1398 1440 1441
M 1474 1575 1591
S 1492 1525 1526
S 1334 1494 1495
M 2057 2047 2087
M 2919 2916 2923
S 1921 1947 1948
M 1703 1638 1720
S 2460 2477 2478
S 3114 3127 3128
S 1270 1320 1321
S 2044 2161 2162
S 624 702 703
M 2222 2271 2291
S 2930 3007 3008
M 3735 3700 3736
M 574 455 590
S 225 234 235
S 1660 1666 1667
S 1732 1740 1741
M 3758 3759 3760
S 3481 3544 3545
S 3445 3456 3457
S 3221 3235 3236
S 2688 2700 2701
S 352 366 367
S 2296 2375 2376
S 1486 1496 1497
S 2634 2679 2680
S 552 556 557
S 3014 3043 3044
M 2760 2689 2777
S 3024 3068 3069
M 1228 1216 1246
M 1386 1362 1416
S 3142 3176 3177
S 3146 3216 3217
M 2051 2012 2067
S 1476 1489 1490
M 2764 2602 2786
M 1740 1742 1744
M 2123 2100 2179
M 2349 2340 2381
S 566 586 587
S 15 16 17
M 1791 1938 1981
M 2742 2654 2743
S 700 849 850
S 2196 2244 2245
S 3214 3220 3221
S 1883 2079 2080
S 2769 2782 2783
S 144 161 162
S 3267 3278 3279
S 2671 2686 2687
S 2039 2040 2041
S 2250 2303 2304
S 2844 2919 2920
M 3328 3159 3391
M 1496 1460 1507
M 1384 1350 1444
S 3165 3182 3183
M 1359 1389 1405
S 1148 1446 1447
S 2069 2077 2078
S 2763 2764 2765
S 508 509 510
M 2579 2477 2634
M 2523 2549 2555
S 1702 1856 1857
M 2746 3034 3060
M 761 825 848
M 1336 1329 1410
S 2529 2538 2539
M 871 838 880
M 713 592 719
S 1680 1843 1844
S 1560 1580 1581
S 3474 3495 3496
M 2045 2003 2049
M 2429 2438 2448
S 1039 1041 1042
M 576 440 613
S 2265 2337 2338
M 3739 3742 3749
S 1303 1325 1326
S 2334 2462 2463
M 2978 2964 3067
S 2342 2344 2345
M 1705 1765 1784
M 915 826 993
M 362 427 474
S 2458 2553 2554
M 3610 3664 3697
M 619 586 639
S 1302 1406 1407
M 2015 2068 2109
M 803 820 829
S 606 611 612
M 2132 2159 2172
S 2077 2090 2091
S 328 330 331
S 3099 3247 3248
M 1977 1926 1978
M 2178 2206 2210
M 459 442 496
S 3108 3163 3164
M 3582 3722 3729
S 3143 3157 3158
M 2980 2727 2990
M 3674 3713 3743
S 150 169 170
S 140 150 151
S 2862 2869 2870
S 743 796 797
M 1748 1750 1778
S 1381 1401 1402
S 3075 3093 3094
S 2467 2603 2604
S 236 254 255
M 612 611 616
M 872 978 986
S 746 825 826
S 1989 2042 2043
M 818 913 946
M 936 1004 1023
S 415 490 491
M 679 650 692
S 2220 2396 2397
M 2816 2867 2871
S 3130 3165 3166
M 2485 2410 2494
M 3649 3666 3671
M 1139 1132 1172
M 2843 2977 2998
S 148 167 168
S 2937 2940 2941
M 1801 1805 1812
S 2328 2348 2349
S 3514 3608 3609
S 1446 1475 1476
M 3523 3534 3565
M 543 681 693
S 3095 3138 3139
S 1021 1205 1206
M 2705 2650 2756
S 2366 2377 2378
M 1179 1151 1199
M 605 595 615
M 363 321 416
M 747 751 771
S 3109 3392 3393
M 3410 3406 3435
M 2571 2625 2647
S 1636 1639 1640
M 710 664 736
S 2941 3206 3207
M 3421 3549 3591
S 2073 2256 2257
M 1913 1877 1927
S 478 497 498
M 2613 2639 2642
M 1929 1932 1956
M 822 823 854
M 2316 2263 2335
M 2770 2747 2771
S 3172 3316 3317
S 884 890 891
S 3494 3522 3523
M 1986 1947 1994
M 346 406 407
M 2558 2659 2712
M 3668 3617 3700
M 3112 3218 3234
M 771 828 915
S 1332 1363 1364
M 3252 3230 3355
S 1321 1389 1390
S 21 27 28
M 1950 1957 1969
S 1441 1453 1454
S 1774 1785 1786
M 2269 2283 2317
S 1426 1435 1436
S 3407 3479 3480
M 3046 3107 3114
M 3160 3065 3193
S 1392 1464 1465
M 3397 3372 3444
S 1546 1567 1568
S 2787 2807 2808
M 171 101 180
S 1305 1466 1467
M 2728 2714 2730
M 3303 3269 3358
M 3644 3665 3670
M 1819 1771 1820
S 1963 1973 1974
M 1233 1284 1291
S 2333 2384 2385
M 2564 2610 2632
M 357 337 475
M 2140 2075 2195
M 1361 1396 1423
M 719 698 720
S 701 789 790
M 388 409 421
M 3052 3030 3056
S 3173 3208 3209
M 3275 3381 3394
M 1419 1466 1509
S 3560 3582 3583
M 3622 3529 3643
S 2780 2882 2883
M 3726 3634 3731
M 3685 3725 3745
S 285 313 314
M 1244 1209 1245
S 2785 2898 2899
S 2636 2688 2689
M 1422 1407 1430
S 1115 1166 1167
S 2268 2352 2353
M 3019 3054 3058
M 3060 3194 3199
M 737 781 811
M 2775 2810 2823
S 2524 2596 2597
M 2277 2276 2321
M 27 26 33
S 2098 2112 2113
M 179 178 191
S 53 57 58
M 1779 1826 1840
S 3076 3122 3123
M 104 116 118
S 2580 2719 2720
S 551 552 553
M 3532 3580 3587
M 3101 3012 3107
S 770 791 792
S 289 332 333
S 2637 2684 2685
M 2952 2996 3041
M 1136 1184 1198
M 3691 3608 3750
M 1506 1611 1641
S 509 554 555
M 2121 2173 2216
S 1324 1387 1388
M 3689 3740 3742
M 2331 2325 2409
S 372 389 390
M 3330 3351 3356
S 2358 2386 2387
M 2863 2753 2902
M 3461 3477 3505
S 1048 1114 1115
S 2607 2612 2613
S 739 852 853
M 1010 1040 1067
S 2643 2655 2656
M 2244 2245 2322
S 774 830 831
M 1952 1936 1961
M 254 284 309
S 3354 3367 3368
M 428 446 449
M 212 146 236
M 3540 3517 3585
M 723 643 729
M 2171 2192 2277
M 3704 3535 3727
S 1020 1050 1051
S 3168 3319 3320
M 381 349 409
S 942 957 958
S 2172 2273 2274
S 3184 3191 3192
M 2195 2264 2272
S 981 1081 1082
S 1225 1230 1231
S 3090 3101 3102
M 1498 1526 1527
M 3495 3605 3620
M 3187 3217 3222
S 2514 2562 2563
S 2312 2367 2368
S 809 840 841
M 223 138 237
M 540 556 563
S 548 574 575
M 3555 3587 3605
S 398 478 479
M 2631 2665 2666
S 1070 1083 1084
M 1351 1354 1373
S 2324 2361 2362
M 1513 1433 1517
S 1540 1572 1573
M 2933 3010 3023
M 1164 1150 1171
M 2031 2040 2118
S 2957 3045 3046
S 1753 1979 1980
S 3338 3346 3347
M 1171 1189 1192
M 3127 3125 3130
M 938 930 981
M 3712 3684 3730
M 3093 3116 3119
M 1542 1545 1552
M 659 670 671
S 2304 2412 2413
M 1712 1881 2056
S 2645 2744 2745
M 1669 1782 1787
S 1220 1222 1223
S 877 878 879
S 1855 1871 1872
M 1519 1536 1571
S 1490 1519 1520
S 1100 1111 1112
M 1741 1792 1823
M 79 118 123
M 3723 3462 3748
S 3706 3708 3709
M 3106 3016 3108
S 2660 2735 2736
S 354 360 361
S 1102 1129 1130
M 1145 1036 1151
M 941 851 973
M 1870 1863 1882
S 2104 2214 2215
M 1068 987 1105
M 3389 3480 3485
M 1886 1907 1968
S 166 217 218
M 250 318 369
M 476 530 540
S 2330 2379 2380
S 2120 2425 2426
M 3702 3714 3723
S 2038 2085 2086
S 3026 3052 3053
S 3133 3167 3168
S 550 627 628
S 2456 2586 2587
S 1377 1535 1536
S 2013 2037 2038
M 1243 1226 1262
M 471 499 507
M 139 175 179
S 447 469 470
S 2380 2390 2391
M 2988 2875 3004
S 923 935 936
M 2953 2886 2960
S 1388 1414 1415
S 2749 2759 2760
M 3694 3738 3739
S 3161 3309 3310
S 3337 3340 3341
S 1204 1243 1244
M 1178 1224 1229
M 2116 2034 2251
S 1311 1313 1314
M 2611 2555 2648
M 3754 3753 3755
S 641 680 681
S 2149 2151 2152
S 1373 1380 1381
S 165 222 223
M 3346 3341 3359
M 909 896 938
M 2165 2092 2170
S 3435 3451 3452
M 1724 1667 1732
S 3121 3265 3266
S 2700 2778 2779
M 2303 2293 2314
S 1214 1217 1218
S 2351 2414 2415
M 3417 3378 3460
M 132 153 189
M 1529 1402 1531
M 2876 2918 2945
S 3025 3194 3195
M 169 265 283
S 2683 2702 2703
M 510 539 558
S 2046 2064 2065
M 3322 3310 3342
S 513 566 567
M 3240 3136 3286
S 1972 2005 2006
M 789 880 930
S 2879 2908 2909
S 3432 3433 3434
S 1562 1587 1588
M 2022 1953 2039
S 1185 1234 1235
S 3367 3377 3378
S 637 643 644
S 1323 1395 1396
S 221 228 229
S 2833 2913 2914
M 1645 1745 1763
M 3017 2905 3075
M 3518 3512 3520
S 3515 3595 3596
S 3393 3398 3399
S 1582 1653 1654
M 1718 1800 1813
M 2668 2684 2724
M 602 596 707
M 2478 2472 2484
M 3531 3541 3559
S 3199 3229 3230
M 1146 1260 1279
S 906 922 923
M 368 414 417
M 821 785 822
M 2861 2828 2866
S 286 295 296
M 2076 2050 2153
M 1844 1838 1847
S 78 132 133
S 1632 1737 1738
M 271 251 346
S 1427 1437 1438
S 1473 1512 1513
M 1552 1499 1559
S 3578 3612 3613
M 3228 3273 3283
S 3288 3328 3329
M 2543 2545 2560
S 2766 2787 2788
S 2694 2713 2714
M 3585 3596 3632
M 3613 3521 3628
M 2895 2881 2912
S 1583 1596 1597
S 283 356 357
M 2837 2884 2937
S 2427 2488 2489
M 2587 2588 2630
S 2985 3024 3025
S 2744 2794 2795
S 7 14 15
M 1479 1491 1542
S 3447 3506 3507
S 1212 1215 1216
S 3506 3524 3525
S 2185 2193 2194
M 2103 2090 2115
S 2442 2536 2537
M 2583 2572 2584
S 980 984 985
M 1408 1406 1412
S 1535 1543 1544
M 1062 1143 1154
S 2339 2420 2421
S 853 874 875
M 1130 1200 1264
S 1165 1169 1170
M 1122 1064 1165
M 2813 2848 2903
S 2891 2931 2932
S 2737 2825 2826
M 2685 2724 2734
M 2851 2804 2861
S 2080 2081 2082
S 460 494 495
M 1657 1619 1697
M 3321 3315 3334
M 2393 2405 2434
S 1215 1247 1248
M 3015 3039 3040
M 640 663 689
M 3077 3151 3154
S 2789 2803 2804
S 302 319 320
M 1296 1207 1300
M 2476 2502 2520
M 10 8 18
S 2808 2856 2857
S 1885 1919 1920
S 791 928 929
S 2147 2148 2149
M 3266 3176 3299
S 2908 2943 2944
M 607 580 666
S 3525 3529 3530
S 3193 3213 3214
S 3365 3381 3382
S 2960 3185 3186
S 2983 3091 3092
S 3584 3600 3601
S 2859 3027 3028
S 70 74 75
S 1804 1810 1811
M 993 1034 1052
S 1281 1318 1319
M 1430 1509 1510
M 1193 1192 1253
S 3004 3021 3022
M 912 946 996
M 2273 2202 2363
M 2148 2267 2373
M 1955 1944 1970
M 3045 3063 3131
S 3210 3249 3250
M 2947 2923 2948
S 1331 1481 1482
M 1018 1017 1019
M 470 340 471
M 3473 3416 3498
S 2560 2628 2629
S 2179 2264 2265
M 2850 2706 2862
M 2839 2865 2884
M 1465 1461 1498
S 1887 1992 1993
S 1330 1335 1336
M 2499 2462 2514
M 246 390 410
M 1452 1418 1488
M 1853 1866 1889
S 627 793 794
S 3458 3538 3539
S 2384 2401 2402
S 117 143 144
S 1251 1315 1316
M 3362 3379 3386
M 2350 2388 2407
S 2845 2859 2860
M 733 702 770
S 295 347 348
M 1896 1902 1905
M 898 881 937
M 3231 3220 3365
S 3183 3349 3350
M 645 706 780
S 335 336 337
M 1939 1975 1977
M 1854 1912 1932
M 1123 1190 1204
M 1510 1344 1557
S 2433 2468 2469
M 3733 3732 3737
S 2691 2708 2709
S 1241 1273 1274
S 626 762 763
S 703 705 706
S 1502 1618 1619
M 2592 2818 2835
S 1815 1821 1822
M 2309 2311 2313
M 3001 2994 3012
M 1348 1254 1349
M 676 682 700
S 301 322 323
S 532 541 542
S 3162 3223 3224
M 970 1098 1145
S 1459 1583 1584
S 3637 3645 3646
M 3323 3241 3336
S 76 86 87
S 3047 3071 3072
M 2254 2431 2452
S 1027 1037 1038
S 1584 1612 1613
M 3425 3403 3441
M 3245 3281 3282
M 1984 1997 2022
S 3028 3117 3118
M 3306 3301 3325
S 3083 3351 3352
S 1511 1644 1645
M 393 320 397
S 507 533 534
S 419 518 519
S 1649 1781 1782
M 3643 3656 3676
S 3405 3426 3427
S 3575 3647 3648
S 2248 2270 2271
M 344 407 429
M 950 867 956
M 424 411 461
S 2066 2070 2071
M 577 537 614
S 188 344 345
M 506 558 685
S 2900 2950 2951
S 999 1005 1006
S 1677 1681 1682
S 392 403 404
S 3234 3326 3327
S 1908 1909 1910
M 2455 2425 2476
M 1177 1131 1189
M 3278 3287 3303
M 3292 3265 3301
S 87 100 101
M 493 589 598
M 2553 2619 2683
S 3636 3695 3696
M 259 290 301
S 975 1117 1118
S 3394 3411 3412
S 2063 2146 2147
M 3455 3343 3502
S 2591 2657 2658
M 3329 3360 3387
M 3092 3022 3152
S 1903 1921 1922
M 806 868 871
S 817 832 833
M 437 453 458
S 2534 2556 2557
S 2929 2962 2963
M 1015 925 1020
M 3563 3452 3594
M 2653 2612 2662
M 2820 2822 2855
S 2786 3009 3010
M 2295 2239 2339
M 3135 3013 3189
S 1325 1486 1487
M 1930 1919 1998
S 1313 1342 1343
M 263 266 268
S 180 192 193
S 985 991 992
S 762 814 815
S 672 677 678
M 2338 2302 2347
S 1965 2012 2013
M 3528 3562 3588
M 1622 1727 1783
M 2298 2444 2453
M 2457 2470 2504
M 2482 2501 2508
S 3091 3155 3156
S 3496 3575 3576
M 1620 1679 1680
M 827 1033 1040
M 3006 2968 3036
M 365 137 394
S 1716 1722 1723
M 3660 3652 3663
M 2662 2663 2673
S 738 748 749
S 2437 2465 2466
M 496 601 604
S 3449 3474 3475
M 1156 1126 1161
S 3630 3672 3673
S 667 683 684
S 2016 2093 2094
S 1891 1911 1912
S 1709 1724 1725
M 745 756 766
M 742 892 897
S 1558 1764 1765
M 542 474 546
M 2232 2297 2334
S 114 140 141
M 2488 2500 2519
S 1276 1369 1370
M 1795 1848 1936
M 3203 3225 3252
M 3339 3297 3360
M 3705 3749 3754
S 763 846 847
M 3427 3415 3430
M 3171 3247 3275
M 308 279 334
M 187 176 200
S 910 989 990
S 181 215 216
S 2914 2924 2925
M 1001 997 1059
S 2096 2174 2175
M 62 64 67
S 504 622 623
M 2452 2494 2503
M 569 632 640
S 3299 3313 3314
M 1409 1403 1431
S 2218 2248 2249
M 787 772 788
S 768 772 773
S 1019 1047 1048
M 1025 882 1153
S 1959 1966 1967
S 636 649 650
M 2105 2087 2110
S 3646 3668 3669
M 2026 2000 2052
S 1175 1196 1197
M 2497 2368 2513
S 3419 3463 3464
S 849 861 862
M 727 741 747
M 3661 3703 3712
S 1681 1769 1770
S 1695 1759 1760
S 3408 3416 3417
S 1945 1957 1958
S 754 949 950
S 1852 2062 2063
S 1687 1797 1798
M 3032 2972 3042
S 2722 2748 2749
S 502 523 524
M 2680 2621 2682
M 732 766 767
M 1232 1248 1256
M 1119 1106 1141
M 1803 1790 1841
S 1163 1187 1188
S 454 487 488
M 2344 2246 2346
S 1668 1700 1701
M 1600 1642 1643
M 3189 3222 3255
S 445 492 493
S 3464 3489 3490
M 480 472 525
S 2505 2588 2589
S 2406 2440 2441
S 1174 1175 1176
S 635 641 642
S 2847 2895 2896
S 3595 3606 3607
M 1729 1766 1790
M 952 904 963
M 1369 1246 1379
S 2711 2728 2729
M 2825 2832 2854
M 2801 2791 2811
S 218 411 412
M 3411 3254 3418
M 1722 1762 1775
M 2168 2193 2198
M 2922 2846 2926
M 2378 2329 2429
M 1847 1857 1881
S 3126 3140 3141
M 273 197 285
S 1927 1959 1960
M 441 463 506
M 1387 1410 1425
M 2548 2474 2549
M 3451 3444 3551
S 1229 1361 1362
S 3618 3629 3630
S 2 4 5
M 288 291 304
S 1194 1213 1214
M 3155 3216 3218
M 778 783 785
M 3430 3557 3581
M 69 41 93
M 11 63 73
S 2993 2999 3000
M 3376 3331 3438
S 1948 1975 1976
M 3681 3607 3687
M 3736 3683 3738
S 2133 2228 2229
S 792 802 803
S 2025 2212 2213
M 2670 2503 2676
S 1890 1902 1903
S 933 961 962
M 312 227 359
M 325 373 374
M 1920 1879 1962
S 3479 3503 3504
M 840 875 911
S 3626 3693 3694
M 2083 2061 2095
M 191 198 212
S 2231 2246 2247
S 1990 2020 2021
M 3748 3750 3751
M 3724 3728 3732
S 16 35 36
S 183 299 300
S 3186 3232 3233
S 2228 2280 2281
M 1286 1299 1306
S 2707 2726 2727
S 177 194 195
S 939 954 955
M 3336 3239 3364
M 527 512 577
M 3693 3657 3724
M 893 784 902
M 2197 2327 2329
M 1786 1833 1842
S 2962 2969 2970
S 1652 1678 1679
M 3692 3673 3715
S 1280 1289 1290
S 343 418 419
M 3711 3699 3717
S 3409 3499 3500
M 953 949 970
M 2944 2939 2956
M 1769 1768 1771
S 2074 2242 2243
M 600 533 617
S 2713 2809 2810
M 1726 1698 1728
M 1889 1860 1965
M 3623 3544 3649
S 1043 1102 1103
M 1339 1297 1352
M 1045 986 1056
S 2361 2523 2524
M 3572 3468 3577
S 2830 2850 2851
S 1842 1925 1926
S 3 6 7
M 245 231 277
M 1544 1521 1553
M 2567 2570 2618
S 1176 1251 1252
M 3385 3377 3491
M 961 947 966
S 1464 1514 1515
S 515 568 569
M 3574 3593 3602
S 2221 2235 2236
M 2512 2450 2518
M 3687 3671 3735
M 2157 2152 2199
M 3469 3513 3528
M 2849 2811 2894
M 3359 3413 3437
S 1414 1554 1555
M 1085 1091 1106
S 2164 2287 2288
M 1613 1572 1642
M 3005 3123 3187
S 59 145 146
M 2189 2227 2230
M 3213 3148 3215
M 2614 2618 2654
S 895 905 906
M 1134 1096 1180
M 3400 3398 3450
M 43 32 66
M 2938 2990 2993
M 1356 1320 1376
M 2464 2507 2515
S 1904 1917 1918
M 1832 1858 1862
S 201 226 227
M 2751 2794 2832
M 2108 2091 2140
S 3680 3681 3682
M 1917 1899 1939
S 2853 2875 2876
S 239 241 242
S 3443 3453 3454
M 1097 1109 1110
S 1245 1270 1271
S 3591 3592 3593
M 341 311 355
S 3566 3589 3590
M 804 869 883
M 3422 3388 3449
S 205 286 287
S 1781 1824 1825
M 3504 3489 3518
S 1756 1761 1762
M 520 517 526
M 416 342 422
S 675 686 687
S 1601 1693 1694
M 1103 1061 1125
M 2971 3043 3054
S 622 637 638
M 3344 3361 3363
S 3352 3445 3446
S 360 364 365
S 1639 1672 1673
S 1050 1076 1077
S 356 531 532
M 1878 1918 1931
M 2757 2726 2790
M 3565 3483 3573
M 2576 2594 2659
M 3677 3701 3718
S 2018 2103 2104
M 1291 1250 1305
S 1942 1951 1952
S 705 709 710
S 3147 3179 3180
S 2240 2295 2296
S 963 1024 1025
M 1082 1117 1132
S 3027 3065 3066
M 2049 2117 2121
S 91 107 108
M 2963 2986 2996
M 315 276 349
S 1375 1408 1409
M 2970 2961 2991
M 1602 1700 1721
M 84 98 114
S 65 94 95
M 3257 3289 3337
S 2897 2971 2972
S 3466 3535 3536
M 1689 1696 1859
S 3196 3225 3226
M 764 846 889
S 1761 1776 1777
M 1956 1981 1995
S 1517 1550 1551
M 3633 3670 3677
S 3243 3261 3262
S 2575 2616 2617
S 2089 2123 2124
S 2999 3019 3020
M 2212 2243 2282
S 900 926 927
S 435 513 514
M 2468 2486 2490
M 3538 3579 3584
M 1401 1399 1413
S 932 1043 1044
S 1612 1614 1615
S 2915 2958 2959
M 3044 3023 3049
M 1946 1968 1987
S 1841 1850 1851
M 1448 1444 1456
M 541 535 562
M 989 972 1007
M 1541 1349 1566
M 1283 1340 1366
S 1436 1545 1546
M 367 475 486
S 1943 1996 1997
S 3476 3477 3478
S 500 529 530
S 704 734 735
M 3429 3371 3436
S 1610 1690 1691
M 3450 3436 3455
M 2169 2160 2185
S 67 79 80
S 3134 3148 3149
S 901 918 919
S 2682 2731 2732
S 1862 1875 1876
S 2803 2886 2887
M 2375 2367 2467
S 966 1010 1011
S 2638 2671 2672
M 3117 3120 3129
M 2391 2354 2431
M 808 805 870
M 3709 3631 3726
S 438 459 460
M 3559 3606 3627
S 2984 3016 3017
S 211 293 294
S 418 435 436
M 1924 1928 1941
S 2834 2840 2841
S 1420 1478 1479
S 811 820 821
M 2675 2677 2699
S 2386 2580 2581
M 968 964 1001
S 82 109 110
M 3604 3635 3642
M 209 120 219
S 807 967 968
M 554 503 565
S 579 609 610
S 159 230 231
M 1431 1435 1445
M 2584 2509 2636
M 306 303 368
M 3507 3226 3531
S 3318 3338 3339
S 2177 2191 2192
M 3256 3188 3289
S 1397 1504 1505
M 3624 3588 3662
M 3100 3000 3173
S 162 165 166
M 1814 1822 1834
M 1594 1593 1602
S 2530 2550 2551
S 2237 2527 2528
M 1092 1053 1107
M 1543 1470 1549
S 687 690 691
M 2777 2873 2877
S 1475 1521 1522
S 1522 1632 1633
M 3357 3103 3369
S 3662 3664 3665
M 2701 2860 2865
M 1222 1183 1233
M 2027 2099 2122
S 833 842 843
S 1770 1814 1815
S 3355 3428 3429
M 172 158 190
S 228 232 233
S 1208 1237 1238
S 2449 2516 2517
S 30 37 38
S 2954 2973 2974
S 2356 2392 2393
M 3744 3743 3746
M 1223 1198 1282
M 2658 2717 2774
M 75 49 113
S 1056 1060 1061
M 2106 2142 2150
M 3320 3375 3383
S 2125 2176 2177
S 2417 2432 2433
M 2017 2030 2044
M 3086 3115 3160
M 2874 2981 3035
S 1688 1757 1758
M 1737 1699 1747
S 1118 1182 1183
S 1637 1660 1661
M 61 45 78
M 2213 2187 2234
M 2230 2279 2305
S 2101 2134 2135
S 1357 1384 1385
M 1016 1067 1113
M 3307 3268 3357
M 736 678 740
M 773 775 776
M 2418 2365 2475
S 275 310 311
S 2183 2285 2286
S 20 23 24
M 2627 2568 2631
M 1152 1052 1186
M 528 598 688
M 3679 3651 3684
M 2656 2781 2806
M 210 247 253
M 2720 2735 2763
M 3156 3084 3178
S 2510 2545 2546
M 1472 1463 1516
S 917 982 983
S 1684 1733 1734
S 217 328 329
S 1875 1906 1907
M 1893 1894 1904
S 1788 1802 1803
S 2097 2107 2108
S 839 916 917
S 3391 3447 3448
M 536 521 539
M 971 957 1022
M 103 267 276
M 355 370 383
S 277 316 317
S 423 442 443
M 3757 3756 3758
M 2708 2695 2733
S 1621 1635 1636
M 2253 2203 2366
S 3616 3658 3659
S 1607 1649 1650
S 3553 3560 3561
M 1358 1449 1450
S 2651 2767 2768
S 2732 2775 2776
M 353 327 413
S 1785 1832 1833
M 1736 1735 1739
S 1662 1695 1696
M 2898 2950 2964
S 125 138 139
S 610 694 695
S 1 2 3
S 2541 2543 2544
M 1338 1370 1424
S 2466 2529 2530
M 3319 3219 3324
M 3499 3505 3519
M 3248 3250 3277
M 1328 1317 1341
S 2623 2694 2695
S 750 756 757
S 126 203 204
S 3486 3637 3638
S 797 816 817
S 887 899 900
S 2598 2645 2646
M 1367 1140 1461
M 1641 1624 1651
S 38 51 52
S 832 835 836
S 2424 2442 2443
M 905 798 912
S 1042 1085 1086
S 2888 2928 2929
S 1253 1257 1258
S 1864 1913 1914
S 1580 1664 1665
M 2079 2058 2111
M 816 729 901
M 135 182 220
S 3342 3353 3354
S 2396 2444 2445
M 1707 1717 1768
M 3675 3678 3683
S 1834 1853 1854
S 2186 2204 2205
M 1503 1360 1582
M 1231 1257 1269
S 17 43 44
S 1195 1227 1228
M 3325 3380 3413
S 1859 1900 1901
S 147 201 202
S 2646 2757 2758
S 995 997 998
S 14 29 30
M 298 305 342
M 2642 2784 2872
S 1076 1079 1080
M 1111 1128 1152
S 420 444 445
M 1615 1532 1648
S 2906 2935 2936
M 683 666 696
M 97 51 99
S 100 126 127
S 3069 3084 3085
S 1308 1339 1340
S 2868 2878 2879
M 2461 2481 2493
S 2064 2068 2069
S 1347 1374 1375
S 1258 1266 1267
M 3087 2864 3097
S 1412 1426 1427
S 336 362 363
S 2758 2891 2892
S 2551 2643 2644
S 1196 1220 1221
S 3138 3142 3143
M 2119 2111 2158
S 86 103 104
S 9 10 11
S 1759 1985 1986
S 1294 1367 1368
S 3233 3294 3295
M 3503 3428 3578
S 88 90 91
S 3690 3691 3692
M 1394 1374 1411
S 214 263 264
S 12 19 20
S 590 618 619
M 2042 2059 2061
S 145 181 182
M 977 976 1014
S 2078 2101 2102
S 715 774 775
M 2024 1988 2059
S 56 69 70
M 482 436 503
S 234 305 306
S 3374 3407 3408
S 3682 3688 3689
M 255 270 273
M 1247 1167 1265
M 965 1075 1078
M 432 417 464
M 3274 3305 3306
M 1581 1565 1622
M 1998 1992 2000
M 481 477 520
M 3145 3260 3307
M 1041 982 1055
M 2001 2021 2034
M 3051 3055 3070
M 1811 1827 1865
M 361 384 420
M 3326 3309 3332
S 3399 3512 3513
M 3253 3208 3254
S 1365 1417 1418
S 1658 1711 1712
M 1094 1086 1100
S 767 818 819
M 3746 3755 3756
M 3612 3627 3631
S 473 543 544
S 1721 1791 1792
M 3204 3333 3348
S 3526 3542 3543
S 984 1017 1018
M 3296 3286 3308
S 1012 1062 1063
S 149 447 448
M 387 397 453
S 2948 3002 3003
S 1609 1637 1638
S 2394 2438 2439
M 760 780 804
M 2692 2712 2718
M 2150 2054 2166
M 2364 2241 2405
M 3190 3270 3343
S 3340 3375 3376
M 652 587 665
M 1589 1563 1595
M 1482 1489 1491
M 1823 1817 1838
M 2043 2029 2048
S 1816 1818 1819
S 1442 1560 1561
S 3124 3161 3162
S 748 786 787
M 1240 1274 1355
M 113 73 149
S 1837 1894 1895
S 3119 3125 3126
S 50 71 72
M 3137 3178 3188
S 71 97 98
M 2217 2130 2219
M 2205 2175 2227
S 3128 3171 3172
M 2734 2750 2781
S 2635 2697 2698
M 269 229 327
M 1124 1055 1131
S 2204 2206 2207
S 956 976 977
S 2725 2772 2773
S 2355 2356 2357
S 106 250 251
M 944 1011 1021
M 2783 2743 2791
S 2935 2938 2939
S 457 547 548
M 3720 3625 3721
S 2122 2240 2241
M 160 206 258
M 184 186 214
S 914 920 921
S 1617 1627 1628
M 794 651 810
S 2852 2967 2968
S 123 130 131
S 1191 1280 1281
S 1933 1963 1964
S 1856 2014 2015
M 3285 3282 3302
M 2255 2385 2388
M 3676 3667 3690
S 3300 3516 3517
S 3242 3245 3246
M 2348 2291 2358
M 834 870 877
M 2609 2535 2627
S 1525 1532 1533
M 1434 1447 1457
S 2788 2821 2822
S 1352 1371 1372
M 2805 2776 2927
M 685 696 698
S 164 173 174
S 215 269 270
M 1057 1155 1158
M 1934 1969 1984
M 943 924 948
S 3439 3483 3484
M 1531 1514 1539
M 2465 2376 2502
S 464 480 481
S 122 307 308
S 505 511 512
M 1962 1935 2098
S 876 931 932
S 1974 1990 1991
S 1523 1537 1538
M 708 686 711
M 2383 2315 2430
S 190 198 199
S 1445 1483 1484
S 2854 2994 2995
S 814 952 953
M 618 593 631
S 434 450 451
M 403 444 455
S 3332 3395 3396
M 3179 3272 3290
M 2181 2174 2203
M 848 842 851
S 2162 2208 2209
M 2138 2151 2173
M 293 299 324
S 2559 2710 2711
S 3437 3568 3569
S 3639 3674 3675
S 878 907 908
M 2942 2959 3029
M 439 433 446
S 3456 3472 3473
S 2404 2547 2548
M 3530 3522 3644
M 317 375 382
M 1828 1867 2001
S 1380 1523 1524
M 2590 2629 2635
S 3110 3146 3147
S 711 754 755
M 1035 1014 1094
M 3070 3002 3086
S 2007 2035 2036
M 1073 1022 1075
S 1777 1806 1807
S 2319 2446 2447
S 1390 1391 1392
M 523 575 596
M 1763 1874 1883
M 677 684 718
M 1235 1249 1303
M 1060 1063 1122
S 565 591 592
M 2317 2292 2320
S 3113 3150 3151
S 1345 1357 1358
M 3533 3539 3546
S 1197 1287 1288
M 1605 1588 1657
S 1137 1190 1191
S 322 352 353
S 2508 2614 2615
M 1839 1813 1849
S 3446 3461 3462
M 1112 959 1173
M 1872 1806 1884
M 1007 1000 1039
M 1690 1665 1702
S 3238 3371 3372
S 3611 3698 3699
S 1400 1421 1422
S 1596 1598 1599
M 1304 1206 1397
M 2885 2815 2893
S 2991 3033 3034
S 2072 2099 2100
S 1574 1600 1601
M 2531 2566 2576
S 3078 3144 3145
M 2998 3067 3113
M 1793 1738 1826
M 3647 3727 3728
S 3096 3109 3110
S 2037 2073 2074
S 555 584 585
M 3583 3729 3734
M 1084 1071 1093
S 1659 1730 1731
S 585 607 608
S 2858 2880 2881
S 2513 2525 2526
S 1290 1292 1293
M 2352 2347 2371
S 979 1035 1036
S 2041 2096 2097
S 3082 3134 3135
S 2281 2308 2309
S 3058 3111 3112
M 1440 1385 1455
S 452 465 466
S 2829 2921 2922
M 3324 3395 3400
S 2768 2837 2838
S 1692 1748 1749
M 2615 2690 2829
M 3177 3198 3269
S 4 12 13
M 2134 2199 2200
M 674 629 676
S 790 798 799
S 1784 1804 1805
M 1469 1456 1471
M 1686 1650 1717
S 2154 2196 2197
S 174 177 178
S 2912 2979 2980
S 1355 1382 1383
M 1512 1676 1683
M 1672 1643 1689
M 1751 1739 1752
M 1653 1661 1674
M 394 382 396
M 2287 2272 2319
M 2655 2495 2663
S 1670 1704 1705
M 3663 3650 3714
S 3457 3481 3482
M 2925 2992 3015
M 431 350 439
S 112 121 122
S 383 425 426
M 461 538 561
S 3237 3239 3240
M 2730 2718 2737
S 244 290 291
S 2006 2138 2139
M 2412 2454 2458
M 1277 1264 1285
S 1500 1540 1541
S 786 827 828
S 2081 2128 2129
M 2403 2343 2422
M 3232 3298 3300
M 216 83 274
S 37 124 125
S 2170 2217 2218
S 421 456 457
S 1120 1143 1144
M 3576 3508 3639
M 2595 2578 2610
M 345 314 354
S 658 752 753
M 861 897 965
S 2322 2340 2341
M 2926 2894 2930
M 3547 3546 3549
S 1534 1585 1586
M 3719 3721 3733
M 3431 3745 3752
S 2210 2283 2284
S 2686 2798 2799
S 2515 2667 2668
M 3558 3573 3586
S 1809 1915 1916
S 1162 1184 1185
S 2821 2867 2868
S 2664 2746 2747
M 2008 1831 2031
M 1049 945 1074
M 2721 2823 2824
S 1640 1662 1663
S 1821 1828 1829
S 3556 3563 3564
S 2762 2800 2801
M 2194 2155 2211
S 1603 1608 1609
M 2740 2761 2769
S 2527 2605 2606
M 3258 3205 3276
M 1901 2236 2250
S 127 210 211
S 3021 3030 3031
S 1457 1735 1736
M 2397 2415 2470
M 3548 3614 3720
S 249 278 279
M 888 988 1004
M 2055 2182 2226
M 330 319 387
S 1849 1887 1888
M 642 655 662
S 1900 1988 1989
S 2491 2741 2742
M 1951 1910 2057
S 1646 1706 1707
S 633 745 746
M 402 448 454
M 546 568 580
M 2809 2586 2814
M 1423 1508 1518
S 717 732 733
S 2903 2954 2955
S 3390 3405 3406
S 261 302 303
M 1971 1978 2002
M 2156 2102 2186
S 744 783 784
M 2411 2407 2418
S 1322 1353 1354
S 2420 2558 2559
S 358 391 392
M 2419 2441 2450
S 1213 1225 1226
S 1568 1569 1570
S 2223 2278 2279
S 3348 3420 3421
S 1888 1923 1924
S 1550 1610 1611
M 296 256 318
M 1960 1958 2055
S 2600 2623 2624
M 2002 1982 2045
M 2910 2974 2989
S 2597 2608 2609
S 526 601 602
S 109 147 148
S 152 184 185
M 1719 1714 1742
S 1108 1133 1134
S 1278 1344 1345
M 47 18 65
S 1173 1202 1203
M 3386 3392 3401
S 994 1029 1030
S 1911 1928 1929
M 408 385 467
S 1054 1068 1069
M 1604 1623 1668
S 3369 3439 3440
S 2877 2900 2901
M 1009 1104 1157
M 2913 2965 2986
S 937 942 943
S 1255 1260 1261
S 3602 3614 3615
S 1051 1057 1058
M 39 6 68
M 2772 2748 2780
S 1341 1459 1460
M 562 578 581
S 1030 1065 1066
S 3062 3081 3082
S 3571 3579 3580
M 3312 3167 3322
M 3384 3356 3414
S 1269 1294 1295
M 2086 2109 2127
M 1599 1704 1766
S 1002 1098 1099
S 2282 2289 2290
S 1267 1307 1308
M 3730 3747 3753
S 3056 3200 3201
M 2131 2137 2178
M 131 193 209
M 3502 3487 3537
M 545 544 605
M 2053 2167 2184
M 3707 3734 3740
S 694 743 744
S 3550 3554 3555
S 1647 1709 1710
M 1268 1252 1272
S 1747 1788 1789
M 2487 2493 2500
S 237 325 326
S 2887 2915 2916
M 501 413 551
M 3433 3291 3574
S 2028 2119 2120
S 142 155 156
S 2163 2201 2202
M 2982 2866 2985
S 3152 3204 3205
M 657 609 667
M 1898 1940 1949
M 1557 1312 1558
M 1967 2036 2058
M 3609 3570 3634
M 3129 3132 3159
M 1282 1279 1284
M 124 85 137
S 2880 2889 2890
M 2409 2363 2457
S 581 588 589
S 802 872 873
S 2540 2541 2542
S 2266 2323 2324
S 2882 2904 2905
M 2207 2216 2220
M 3551 3569 3572
M 2920 3020 3026
S 2019 2105 2106
S 1966 1982 1983
S 3224 3263 3264
S 2473 2511 2512
S 257 261 262
M 2313 2290 2318
S 196 281 282
S 2118 2141 2142
M 310 297 312
M 2146 2093 2154
M 1072 1013 1101
S 52 59 60
S 2715 2833 2834
S 2585 2640 2641
S 2032 2046 2047
M 2649 2669 2706
M 1116 1188 1200
M 1031 1088 1135
M 3599 3561 3624
S 656 714 715
M 2435 2373 2473
S 2550 2625 2626
M 3064 3018 3078
M 1186 1160 1232
S 2413 2495 2496
M 1794 1818 1827
M 1309 1315 1317
M 1678 1537 1719
S 3467 3487 3488
M 2188 2307 2372
S 399 430 431
M 1608 1627 1629
M 2014 1897 2023
S 2184 2275 2276
M 489 486 517
S 836 867 868
M 831 639 876
S 2191 2252 2253
S 1808 1836 1837
M 488 492 504
M 3577 3603 3618
M 2208 2252 2261
S 92 105 106
M 1585 1591 1607
M 3752 3710 3757
S 1227 1239 1240
M 1343 1314 1348
S 2842 2844 2845
S 2539 2567 2568
M 226 326 408
M 1799 1723 1801
M 2617 2569 2637
S 1843 1873 1874
M 998 983 1028
S 3048 3063 3064
S 46 55 56
M 1114 850 1121
M 3276 3259 3333
S 24 31 32
S 287 375 376
S 730 741 742
S 3066 3089 3090
M 3244 3042 3270
M 2052 1865 2054
S 648 750 751
S 582 716 717
S 2144 2254 2255
M 2979 2946 3032
M 89 36 96
M 1850 1851 1866
S 2434 2436 2437
S 812 823 824
M 348 391 398
S 793 805 806
M 673 653 675
M 777 735 781
M 810 835 856
S 1861 1867 1868
M 3368 3434 3476
S 243 246 247
M 2432 2215 2451
M 194 185 245
M 1635 1655 1698
M 1366 1391 1398
M 3527 3672 3679
M 487 466 564
M 2997 2973 3001
S 3353 3373 3374
S 2341 2369 2370
M 1113 1006 1119
S 3568 3598 3599
M 3621 3653 3680
M 2379 2400 2406
M 1037 1149 1181
S 1383 1564 1565
S 3144 3311 3312
M 2745 2672 2761
S 2841 2848 2849
M 2902 2836 2907
M 2308 2377 2398
S 2381 2509 2510
S 1914 2029 2030
M 2936 2931 2957
S 1578 1592 1593
S 529 629 630
S 3251 3259 3260
S 2127 2292 2293
S 2469 2506 2507
S 1256 1298 1299
S 2289 2342 2343
M 795 894 925
S 242 243 244
M 2374 2408 2435
M 2504 2522 2561
S 2139 2159 2160
S 1455 1462 1463
S 451 712 713
S 1755 1816 1817
M 1949 1909 1950
M 1451 1484 1511
M 837 813 839
M 3511 3498 3521
M 1487 1504 1506
S 495 651 652
M 2605 2620 2766
M 2483 2357 2505
M 3295 3154 3296
S 1335 1359 1360
M 1579 1551 1617
S 3182 3243 3244
M 2180 2233 2237
M 2774 2741 2817
M 1835 1906 1942
S 207 297 298
M 2733 2704 2740
S 1674 1675 1676
S 841 892 893
S 2520 2532 2533
S 919 959 960
S 2924 2952 2953
S 3040 3047 3048
S 1628 1646 1647
S 443 482 483
M 3510 3620 3633
M 401 400 406
S 1298 1329 1330
M 2883 2976 2981
M 614 621 634
S 3471 3514 3515
M 1734 1725 1751
S 1616 1625 1626
S 2628 2722 2723
M 2235 2262 2325
S 1916 1933 1934
S 154 163 164
M 1713 1730 1753
S 3654 3685 3686
S 3031 3120 3121
M 129 235 240
S 3308 3402 3403
S 1629 1896 1897
S 615 663 664
M 862 922 924
S 44 63 64
M 3009 2975 3018
S 1999 2007 2008
S 3641 3650 3651
M 2698 2716 2721
S 2143 2187 2188
S 631 632 633
M 1425 1443 1477
M 2767 2793 2839
M 2765 2608 2785
M 3363 3383 3397
S 2332 2403 2404
M 779 671 782
M 1172 1077 1177
S 1824 1954 1955
M 866 860 914
M 1515 1471 1576
M 3695 3645 3725
S 3564 3660 3661
S 2048 2222 2223
S 1125 1155 1156
M 974 885 978
S 2453 2498 2499
M 3335 3488 3492
M 3079 3088 3098
M 1598 1493 1605
S 2573 2660 2661
M 1219 1237 1263
S 720 863 864
S 1715 1799 1800
S 3552 3566 3567
S 1154 1159 1160
S 3223 3344 3345
S 35 84 85
S 3098 3227 3228
S 1372 1377 1378
S 714 721 722
M 1567 1614 1631
S 377 384 385
S 1892 1898 1899
S 2723 2738 2739
S 1129 1136 1137
S 2035 2083 2084
M 3111 3139 3153
S 3463 3533 3534
S 2989 3005 3006
M 1029 1087 1092
M 136 167 176
M 2589 2599 2602
M 1673 1651 1692
S 2538 2598 2599
M 2687 2676 2692
S 1333 1346 1347
M 3619 3589 3621
M 518 458 535
M 3598 3492 3616
M 1307 1272 1322
M 1592 1728 1754
S 3036 3038 3039
M 220 208 358
M 313 280 373
M 2033 2004 2060
S 3211 3241 3242
S 2582 2600 2601
S 646 657 658
M 1576 1483 1577
S 2945 2965 2966
M 2648 2577 2677
S 2445 2486 2487
S 3632 3654 3655
S 2145 2164 2165
S 1941 1943 1944
M 3696 3688 3716
M 3708 3716 3719
M 456 483 489
M 3290 3349 3366
M 2606 2679 2696
M 304 294 338
S 1648 1713 1714
M 34 54 102
S 1868 1869 1870
M 2622 2490 2649
M 316 378 381
M 599 724 725
M 2480 2428 2491
M 28 33 34
M 1758 1760 1835
S 1028 1053 1054
M 3317 3293 3318
S 1691 1755 1756
M 2067 2070 2075
M 189 268 321
M 3053 3033 3055
S 1271 1323 1324
M 3715 3648 3744
M 3072 2943 3083
S 2323 2332 2333
S 2561 2578 2579
M 2084 2085 2126
M 801 854 855
S 1079 1087 1088
M 1954 2056 2072
S 3519 3570 3571
S 99 116 117
S 3345 3422 3423
M 1494 1520 1528
S 1065 1090 1091
M 2806 2799 2815
S 1300 1301 1302
M 1710 1675 1750
S 524 624 625
M 168 143 188
S 3206 3237 3238
S 462 476 477
S 668 673 674
S 3038 3050 3051
M 856 858 947
M 3537 3490 3550
M 553 516 571
M 2088 2112 2157
S 105 134 135
S 1528 1658 1659
M 2557 2552 2678
S 389 401 402
S 48 49 50
S 2703 2873 2874
S 2666 2754 2755
M 2443 2536 2583
M 333 323 335
M 960 1074 1138
S 3567 3703 3704
S 907 909 910
M 3387 3396 3562
S 564 572 573
M 1090 1008 1142
S 2387 2410 2411
M 3545 3615 3626
S 3071 3095 3096
M 490 410 508
S 740 764 765
M 3094 3164 3181
S 1840 1863 1864
S 699 758 759
M 3698 3638 3713
S 2280 2300 2301
S 1772 1971 1972
M 3085 3097 3175
S 29 88 89
M 920 958 971
S 163 224 225
S 3271 3291 3292
S 1931 1937 1938
M 2345 2395 2474
S 2009 2018 2019
S 625 645 646
M 1749 1845 1846
S 2603 2619 2620
M 2095 2110 2125
S 1424 1499 1500
M 1107 1158 1168
M 1363 1371 1386
S 918 1072 1073
M 2673 2702 2717
M 3215 3174 3231
M 2795 2755 2813
M 2166 2115 2167
M 1497 1488 1501
M 366 404 432
M 1058 1005 1089
S 3037 3061 3062
M 1618 1706 1708
M 264 379 395
M 2546 2554 2577
M 1547 1577 1590
M 2870 2856 2897
S 1731 1745 1746
M 3007 3008 3011
S 3163 3280 3281
S 573 655 656
S 96 119 120
S 347 399 400
M 864 996 1049
S 93 157 158
M 2752 2710 2784
M 1411 1428 1429
S 3497 3557 3558
M 1570 1530 1575
S 1432 1492 1493
S 776 844 845
S 3263 3267 3268
S 782 812 813
M 3180 3200 3251
M 3158 3304 3321
S 3597 3610 3611
S 3197 3271 3272
M 2436 2369 2464
M 107 90 111
S 307 377 378
M 1453 1404 1458
S 252 265 266
S 3423 3424 3425
S 396 414 415
S 3364 3467 3468
S 94 128 129
M 2796 2790 2802
3090 31252
1740 593347
3190 12909511
3565 5694702
1056 18866041
456 13830420
3716 2427042
799 2939503
217 115486
250 2442704
1871 32503311
68 139671507
3387 19585176
543 36271176
1204 10606038
282 88445
1236 12170611
2801 3637137
1509 935513
3115 458336
186 669109
274 3922227
2507 3459
1633 178924
2185 22686691
1307 15668403
3049 970391
1501 1369203
2573 2562485
1402 719927
3356 549177
1574 6569524
1621 3496333
469 2990794
1988 222909
719 795314
368 60928
2294 14210926
631 11121411
2286 1017592
1611 2081804
1283 565057
1361 2726456
1683 443101
3339 7257179
730 1420229
629 911972
1361 5194564
2606 682550
2323 475987
3156 426093
2755 4331869
2633 11972775
2492 21956273
3599 9819183
3099 20941241
806 2208
1573 3155636
2326 67343
3461 82607
2299 643922
3651 7540585
1844 9757287
1635 7447402
182 894150
1637 1905900
3135 639775
2168 18377172
3608 11436
1568 729269
3340 5998457
2643 555114
1389 81347
3577 1976135
2082 3173531
499 3267138
916 17241310
708 6122128
2436 8121010
1860 559004
2004 466971
27 7631454
2907 64674524
1820 22824861
2106 308172
2993 36574916
3291 1155476
2365 1882466
2236 607675
8 53892719
1353 658518
455 6897053
2312 4256287
688 19921828
392 1979058
2590 2206756
648 3543439
142 23480614
1542 7327615
1643 13734455
113 867189
1679 842184
1336 2642987
1388 108554
1728 24221300
880 1150140
231 1625289
539 5243207
3062 1949726
652 292260
3626 7619472
1767 622995
2552 9403911
2631 644418
3760 1
1073 351343
3720 2938691
2195 29654489
692 18032183
861 6016789
3052 1500945
829 631526
3132 1183740
3231 13272051
2553 1866111
2100 13047106
2137 3350243
2307 347886
2149 1472952
187 1157195
633 3123021
925 16616861
667 531493
933 233725
3566 160717
1448 1318034
28 3816795
3668 172101
3127 17976869
2619 1768162
604 15686264
15 30349282
490 4094363
1907 567244
2403 113766
778 406
2470 7193311
450 1882988
917 14045839
2228 820187
3184 21908831
448 9549570
3435 8704141
2069 7678
2603 2404318
2076 21560377
3015 1346868
2662 11146004
2885 16868066
2617 63795
131 4445897
2174 5182256
1226 726751
1262 1209975
298 7237332
457 12203725
3687 1578576
1734 640844
3569 19241055
2849 118470
2727 6837244
3472 95595
2914 130667
659 1998770
2797 539275
3316 7155041
917 3489762
2613 1942667
3499 5961133
3183 1631399
3149 149933
2691 1018945
517 24403032
3173 3432147
3351 866521
3741 58051372
1542 6135891
1645 6450565
1639 899092
2987 696964
2650 2378307
2814 855702
2576 45587702
1677 2611055
3417 153454
2896 541837
1200 22411470
403 3530607
916 7932997
29 19990477
2120 30489
185 323165
2152 674431
2228 597861
2635 1214703
3386 860893
3717 9275378
2805 3988703
2755 2779075
1174 9780967
1679 1080086
1163 10576021
675 13275206
1396 328050
2773 4348842
3257 8101986
1169 8207137
1026 128127
2409 15731564
3147 135485
558 6029059
1933 878197
711 8115794
79 4379138
643 12147
364 4923994
1202 1939512
925 28691238
353 3100165
742 121039
3162 88934
272 1336749
1296 4113498
118 957545
1713 778986
197 178914
3542 54426
2331 454405
503 1078457
2026 1139
3361 603996
2533 1815440
1302 13360593
2929 175861
458 8544345
3093 9144168
2041 20978984
999 1588753
3585 8328642
1319 8791
399 20009
1768 10597950
1267 31254981
235 1259567
2071 2162823
682 983470
1077 3685249
2742 5612812
1579 7948863
969 2515134
1240 7687911
2679 12552633
3719 3918112
1330 5696255
585 1283619
2428 4666659
186 1542395
1002 220560
2583 4427578
1153 185047
1840 38262357
2654 10905273
2274 1245372
3368 632845
574 1111789
1477 31581914
1799 343793
3410 2946281
2265 711259
3079 410101
2594 1650587
1147 47232
800 6609546
132 5251742
1092 2503347
2473 3023464
1813 21280967
2424 7486845
1791 12028555
1582 2789023
1407 2928807
1131 13864955
1866 16244693
3360 6259226
478 4404205
3568 19759402
1515 30621
3436 6067923
3212 2141627
3015 2862391
1625 2221890
2099 8607919
703 34638
20 15532275
120 5637872
1564 834837
1702 1118955
1099 31535
3123 534428
3760 590815836
1170 6795666
970 3891355
2049 4217527
1251 1827806
3151 2400790
3760 295407918
249 2874179
3034 2065446
2948 2312831
185 375724
1649 10825904
2044 4006008
156 12545367
1209 8083
1031 3434677
2714 15025
1561 4740742
283 9786732
1411 5705
847 4937093
3257 7771965
3376 3269314
3488 2067994
2137 990829
3069 4537705
2089 146210
1605 3180021
1494 31370669
2225 27551
1092 1627946
3019 8154578
2560 5894295
32 6703114
3600 3384618
2725 11120206
800 8164206
74 957361
2846 5069843
1874 3278570
2366 78287
2702 222964
2529 1019327
3084 2120830
87 1104393
2289 658616
1415 227501
2305 2809518
2976 1176836
818 4039399
2843 155395
3208 4198892
3026 3306400
2651 4664672
2061 37371726
1780 505204
2286 1021480
113 1289280
211 134737
1807 54624
197 36214
3217 155653
3149 958071
1154 4297741
972 756583
865 15346337
648 3812381
469 389288
3516 3077241
440 4281
2800 349816
2154 2222448
216 498132
970 5995795
2081 2545754
628 1014318
3218 607034
1672 2359351
523 146773
2573 4718565
2603 1928495
2420 1237533
3105 2163388
2670 8344
2629 6085840
3720 8882704
675 30922847
968 2863780
1352 805523
1245 2266029
3093 21435151
373 27533981
1667 813699
1009 19205824
516 6961909
743 9799
2224 130945
2706 3442700
1592 5013020
873 186971
1718 4685490
3068 177950
486 11337140
2280 33676
1382 8134230
1239 13703155
3143 286693
49 1288479
908 8374273
1540 6060825
1239 11924399
1602 10191512
2247 2025868
1644 5693053
1530 10226599
1707 1026617
2817 4769333
767 8527723
815 6450325
3551 26211984
2484 2079348
1135 5063134
1324 285361
200 6349995
685 22633073
2908 235470
3535 75895
3023 1512860
2772 2223941
2594 178168
890 9331480
443 11842
1233 1092666
2300 42244
1855 24708609
2898 901449
2250 586649
2300 155527
2447 31418384
2896 517498
1018 1781654
322 5937904
2503 21428744
3500 5428321
2948 45301
2457 16006984
1829 31782
1837 1663542
3349 1311401
609 773788
2024 193482
1820 2153443
1344 35371
568 2183780
856 350196
471 1296548
2503 35722755
2576 45709568
2584 19295162
2660 3994679
3339 76392
1723 143787
1751 363675
190 13191836
3030 22074
180 2922010
3291 1721299
1341 35771399
202 46432
34 8035929
2372 7356781
136 2997005
920 3849911
2530 2068616
2172 3664376
418 4459671
1582 3479131
1961 15514830
2127 1531537
1930 5144205
778 619
676 29455395
2796 3101973
3353 762810
3392 348964
870 1607915
3026 10559918
3431 2366872
2087 699969
3715 11886045
3528 13951172
1747 1775684
1273 1147599
961 406585
587 33468
1957 166642
3077 6070133
3637 711908
1409 3295
591 76270
207 2236655
2566 16213335
2717 11343006
1230 23237
1757 68589
3733 24228092
1858 4169481
2175 1552971
835 6814
1161 14817969
3760 434822684
187 1298625
656 7970971
1554 147204
1901 5296545
1629 12466655
3207 6847165
2756 2247086
2796 4707391
14 14506943
3262 2532557
999 1076433
3442 14118945
3025 14413438
783 34754
1592 385850
1171 14272621
2658 798147
1895 100777
2825 62096800
3121 1028595
1000 6464277
3272 5272597
5 56492652
58 3124303
1356 41753573
2278 898964
3415 8063335
2425 11044
1156 2559333
3437 27507413
243 94091
3726 8390883
945 1372655
1667 944234
900 376088
3017 2521908
3629 11145154
841 1494989
3394 19563204
1610 1577186
311 3385946
1528 10496215
3349 2599683
1645 790769
1264 29775830
3110 177693
1180 1521244
3463 13368561
1467 13461065
3596 3239
1646 539584
303 6055
3715 5366032
888 4119297
241 122100
2096 9031625
1724 925529
1634 6640606
2753 746579
747 1762683
1636 1620991
2349 7211049
3729 71151802
1117 465549
3181 12471759
2007 3285132
706 7615
1478 81510
499 3767010
3667 86270
2469 20381
386 15406736
1906 76352
3496 1930300
885 20086630
3275 24627271
1199 11082060
2703 1784303
1355 7779682
1095 2440100
1983 1277923
130 57103
2882 2673176
1360 1980139
608 164703
1295 1485888
2261 5410028
2442 2001883
108 1046527
1853 289933
1291 22695930
3578 5117436
1886 19812673
2918 179913
73 7805942
3115 830699
1458 21691312
1292 18484
2739 809675
3294 390614
2092 4539804
859 308753
3526 102368
1971 9039441
3027 29202
3531 2718807
1489 201568
2585 11706087
1049 6480413
1717 16168629
2971 672226
3211 4237007
2922 3361424
1679 2256837
2627 2395504
2729 271708
1479 1934122
295 52454
2484 782955
1285 48624228
1358 2634782
5 131480750
167 85996
1272 866790
3178 212356
3685 1970570
1017 748574
3298 338259
1671 7547922
1744 6122740
1076 5094289
283 5627024
3454 38470
205 38740
1354 3272327
2103 139720
1861 78504
2103 10067
3167 957557
572 13616940
527 2362675
2369 479504
2278 1013398
2961 1216252
1740 688030
471 1175281
1421 665
910 5011829
287 195564
1601 1595603
725 2910956
669 13983629
3203 14573906
2116 2083127
617 15358220
1697 5699579
1460 23118548
1582 1349498
2137 974908
484 6232051
2998 3274007
2841 278963
1856 745373
2553 818209
2912 770588
903 573073
1393 15314
1996 892916
2635 5582911
3498 181485
1249 188596
3190 18850042
1719 4714335
1132 3537783
571 477416
949 5541099
1905 8523208
2236 3969441
391 4555141
3522 1029663
1688 109704
548 1162741
1844 1131209
3389 1184236
3605 18944823
3623 269305
2304 887236
853 53216
1616 6309518
2506 7222
2624 18943
3497 1514427
72 730280
1368 13220634
2979 3871531
2458 4144119
1804 4361726
3196 4953262
2272 20081038
191 9304262
1942 3528769
141 4716498
2866 29655487
2694 13554
18 15169121
774 2335105
1187 17171147
3439 12400682
779 32778832
3148 55216
974 525972
1152 4778334
2468 5761
1536 1083402
609 846000
413 3471505
160 752442
1734 582122
303 2528
2015 128699
1801 130954
3342 394400
3469 15910374
1875 937019
1479 1470842
745 143237
3193 2747480
3387 18838814
1389 683510
1637 2745099
2849 94891
987 233397
168 181567
2695 5277
3439 6808873
2986 1053093
3099 7746653
1297 4754899
2864 356168
298 2681317
158 8659944
1854 262087
3495 1127146
2558 879035
1247 236074
1595 29102550
2121 19779076
2039 41489640
1530 13921844
2303 2138192
1535 519482
186 1521009
1167 30206
3183 3244506
829 2807262
2221 5039120
2735 4018065
2600 26092
753 11858
615 11515795
513 442107
1881 30412131
763 6956294
625 77163
2830 802963
3027 270602
2539 620247
2061 29622835
2418 10717905
679 20807415
3587 13443350
3519 6862263
1672 139327
2844 792191
2336 13617785
3116 1023127
2667 3683500
3555 2150458
3550 51306699
3594 30146516
1999 10721649
1640 4715892
2784 3353967
2984 67275168
1971 8194604
2063 5573776
1934 9260
3019 8607019
2718 55088073
3031 1742204
2557 2218357
3470 259020
856 60792
3242 678250
2710 765750
2660 79790
2328 10380914
395 1153419
31 189918
1706 3877
3266 292242
2722 4008226
2512 7735476
3186 1034790
2945 167595
2102 1191
3732 99681
39 2209481
3245 640223
916 4120168
578 593372
1258 18921736
3448 1445078
3538 8623084
3724 587791
134 2178437
1078 57268928
1310 8087
3052 1479623
2968 403113
1762 69729
208 9189965
635 257821
1958 134659
3074 544446
3373 555123
3739 92550174
2711 70914
1413 1546329
2119 34931
2842 1610686
2803 14891724
3356 1772516
2519 3013923
3388 5493650
715 2799275
3746 20375378
1896 4294922
2865 2084328
812 15555485
3064 815143
2558 74454
2689 11634035
1887 19139937
865 8175737
1653 973202
370 751042
543 14147421
871 210277
599 1712548
3565 7582369
3071 2129425
2381 12042782
2683 3410999
1760 140267
2912 14626968
2156 137617
3301 2348333
1664 1220452
174 455427
902 732662
907 5545878
3131 14886598
2439 59398
1579 1189193
2716 819366
2698 3340200
1548 521242
2444 5298644
1100 12930031
2723 1468846
2138 3514101
956 5714201
1000 19503941
2839 12895457
3240 1589929
2734 30058089
2863 21305
1913 1097506
2328 44968947
1504 4997913
113 634954
754 15449902
812 27816544
2024 26954939
3092 1454825
3113 14199927
1189 73548884
416 15819623
2424 4157695
3705 4166722
1081 19517751
1948 24493
3543 27861
1657 14513029
2296 401637
2742 287214
1524 2284405
2335 7722220
3534 2356738
1026 93431
1570 241984
174 4451013
1495 19448745
3687 5034241
444 1879670
2401 81275
1903 171818
1959 1708633
1513 257231
1098 31529
2970 574921
2912 9828129
3657 2479990
2989 22371339
2968 3600040
1086 5740904
3743 12239520
3017 26678296
292 64929306
2500 2747891
2455 18430
3116 99542
1033 97686
290 68901
1909 823307
722 723797
2388 4033912
3063 3257372
3226 2941773
114 8998212
1105 2479646
261 31145
2817 5825912
998 489676
954 59065
1178 803110
2248 2395122
1233 1191974
2896 1381657
3145 5302411
2967 589736
1522 643554
2067 1643327
1766 5625546
1685 1209422
969 2225332
2568 89438
3496 644536
162 908083
1023 5678778
1059 3997851
1445 8224867
1376 36442990
2181 5316864
706 20841
3080 1057879
807 5775450
78 2499684
857 17991
289 77087
75 495585
1037 84494
3480 190088
1683 1090127
1774 2598625
247 7599
3317 608542
1580 1492908
1833 947305
694 406631
3445 62915
3102 4365
2856 384835
2608 44920
3352 241464
1126 4399344
1299 15546269
2233 6228405
641 96565
