71 1 1000
S 1 2 3
3 28
3 24
2 24
2 35
2 5
2 13
3 9
3 23
3 15
3 7
3 13
3 14
2 12
3 28
2 1
3 33
2 14
3 17
3 8
3 20
2 3
2 9
2 19
2 13
3 12
3 29
2 7
2 17
3 27
3 30
3 23
2 36
3 8
2 26
2 7
2 32
2 35
3 11
2 7
2 18
3 5
2 18
3 35
3 32
3 18
3 13
2 8
2 34
3 28
3 25
2 16
3 20
2 4
3 18
3 25
2 9
2 25
2 36
3 33
3 33
2 1
2 30
2 5
3 18
3 10
3 19
3 29
3 26
2 13
3 27
2 35
2 2
2 5
2 21
2 7
3 3
2 13
3 29
2 18
2 15
3 1
2 25
2 15
2 16
3 13
3 30
2 28
2 32
2 6
3 29
3 9
3 33
2 15
2 9
2 34
3 27
3 3
2 16
2 22
3 28
2 10
2 28
3 16
2 9
3 34
3 34
3 34
3 19
3 3
3 29
3 25
2 12
2 2
2 3
3 28
2 17
3 12
2 9
3 17
3 23
2 21
3 13
3 14
2 25
3 4
3 6
3 27
3 32
2 31
3 19
2 11
3 17
3 16
3 22
3 14
2 7
2 28
3 15
2 14
2 5
3 16
3 27
2 25
2 19
2 34
3 34
3 26
3 29
3 30
2 5
3 14
2 9
2 7
2 10
3 25
2 6
2 18
2 35
2 24
2 19
2 29
3 13
2 8
3 19
2 30
3 14
3 21
2 30
2 1
2 28
2 10
3 11
3 16
2 36
3 23
2 27
3 17
3 25
3 11
2 6
2 26
2 17
3 16
2 21
2 13
2 28
3 6
3 13
2 17
3 1
3 4
2 23
3 21
2 20
2 14
3 18
2 24
3 20
3 1
2 10
3 13
3 11
2 19
3 23
2 36
3 35
3 5
2 11
3 16
2 10
3 28
3 9
2 15
2 34
2 9
2 16
2 35
2 4
3 32
3 15
2 18
2 13
3 17
2 3
3 3
2 19
3 26
2 33
3 25
3 17
2 27
3 1
2 27
2 3
3 31
2 2
2 35
3 13
2 26
2 16
3 33
2 2
3 25
3 34
2 34
3 30
2 3
2 2
3 10
3 22
2 26
3 6
3 13
3 17
3 12
2 1
3 19
2 27
3 7
2 26
3 20
2 21
3 17
2 7
3 19
2 25
2 36
2 29
3 27
2 19
2 30
3 10
3 15
3 6
3 19
2 5
3 18
3 21
2 26
3 12
3 2
2 16
2 9
2 6
2 21
2 5
2 1
2 12
3 10
3 7
2 28
3 17
2 18
2 16
2 9
2 26
3 21
2 11
3 29
2 22
2 24
2 32
2 22
3 13
3 35
3 3
2 21
3 11
3 1
2 23
2 9
3 27
2 34
3 28
2 15
2 24
3 31
2 28
2 12
2 1
3 9
3 4
2 28
3 25
2 9
2 28
3 12
3 20
2 16
2 35
3 28
2 11
3 7
2 17
3 30
3 14
2 21
2 19
3 24
3 12
2 30
2 7
2 4
2 23
3 26
2 31
2 2
3 12
3 3
2 24
2 9
3 4
2 18
2 35
3 29
3 21
3 21
3 1
3 31
3 35
3 27
3 12
2 31
2 13
3 12
3 28
2 29
3 32
3 26
2 25
3 22
2 21
3 12
3 7
3 7
2 17
2 20
2 13
3 12
3 8
2 15
3 33
3 34
3 29
2 29
3 10
2 27
3 4
2 15
3 12
3 7
3 13
2 20
3 26
2 19
2 24
3 12
2 5
2 11
2 32
2 15
2 4
2 24
2 8
2 6
2 24
2 23
3 6
2 3
2 8
2 30
2 5
3 20
3 3
3 7
2 27
2 7
2 23
3 26
3 22
2 25
2 16
3 23
2 36
2 21
3 9
3 19
2 26
3 23
3 27
2 20
2 16
3 23
2 8
2 8
2 2
3 29
2 25
3 28
2 1
2 36
3 13
2 33
2 19
2 33
2 19
3 19
2 3
3 10
3 30
3 26
2 36
3 12
3 27
3 10
2 15
2 14
3 35
2 25
2 18
3 18
2 33
3 34
2 26
3 34
2 23
3 9
3 6
2 3
3 30
2 19
2 35
2 33
2 31
2 9
2 7
3 30
2 19
3 23
3 29
2 9
3 3
2 31
2 14
3 32
3 33
2 33
2 1
3 28
2 10
2 31
3 17
2 7
2 34
3 12
3 9
3 10
3 2
2 7
3 25
3 28
3 18
3 19
2 28
3 20
3 30
2 30
2 7
2 30
2 1
3 24
3 28
3 13
3 18
2 15
2 13
3 7
3 16
3 3
3 29
2 24
2 2
3 27
2 11
3 9
2 13
2 1
2 8
3 34
3 17
3 7
2 14
2 4
3 18
3 9
3 19
2 23
2 33
3 4
2 30
3 11
2 3
2 6
3 17
3 9
3 34
3 17
3 13
3 4
3 28
2 7
3 31
3 35
2 33
2 34
2 33
2 26
3 30
3 17
2 13
3 16
3 33
3 3
2 28
2 14
3 15
2 12
2 23
2 4
3 27
2 9
2 9
2 6
2 16
3 16
3 22
2 9
2 28
3 29
3 28
3 8
2 19
2 5
2 23
3 22
3 26
2 22
3 18
2 4
3 32
3 15
3 17
2 15
3 34
2 11
2 7
2 22
3 21
2 20
3 12
3 4
2 13
2 1
3 10
2 20
2 20
2 25
2 33
2 2
2 9
3 11
3 11
2 21
2 25
2 32
2 17
2 33
3 34
3 19
3 35
2 32
2 5
2 2
3 5
3 18
3 5
3 21
3 7
3 7
2 6
3 3
3 14
3 12
3 25
2 33
3 12
3 8
2 12
3 28
2 22
2 28
2 20
2 22
3 31
2 28
2 3
3 11
3 20
3 6
2 21
2 28
2 15
3 16
3 17
3 5
3 30
3 32
3 3
2 35
2 26
3 10
3 9
3 10
2 33
2 5
2 21
3 13
2 4
2 26
2 16
3 3
3 13
2 7
3 9
2 13
3 27
3 8
3 2
3 24
2 4
2 3
3 17
2 27
3 27
3 33
3 1
3 6
2 16
3 13
3 27
2 3
3 24
2 35
3 12
2 30
3 34
2 29
3 1
3 11
2 5
3 5
2 9
2 31
3 4
3 18
2 29
3 28
2 29
2 28
2 28
3 18
2 15
2 36
3 6
2 31
3 35
2 11
3 14
2 23
2 27
3 29
2 31
2 23
2 16
3 17
2 10
2 18
3 23
3 21
2 14
3 20
2 17
2 1
2 9
2 13
3 7
3 17
2 31
3 34
3 23
3 9
3 12
3 15
2 31
2 14
2 31
3 6
3 25
2 20
3 15
3 20
2 29
2 28
3 2
3 18
3 9
2 35
3 17
2 12
3 17
2 8
2 34
2 1
2 27
3 13
2 36
3 16
2 19
2 29
2 4
2 30
3 3
3 27
3 17
2 2
2 9
2 23
3 19
2 13
2 36
2 5
3 16
2 15
2 19
3 17
3 18
2 25
2 7
2 16
3 9
3 15
2 16
3 3
2 33
3 29
2 9
3 2
3 32
2 19
2 2
2 13
2 24
3 31
3 16
3 17
3 7
3 9
2 20
3 9
3 1
2 32
3 28
2 27
3 34
3 18
3 18
3 7
3 18
3 14
2 36
2 8
3 16
3 18
3 35
2 18
2 15
3 24
2 24
3 4
3 5
2 16
3 13
3 31
3 28
2 17
2 3
3 19
3 6
2 3
3 30
2 3
3 27
3 13
2 31
2 12
3 9
2 3
3 22
3 17
2 35
3 35
2 23
3 30
3 11
2 17
3 9
2 22
2 10
2 29
2 26
3 16
2 33
2 24
2 35
2 19
2 3
3 17
2 28
2 1
2 16
2 16
2 31
3 3
2 26
2 27
3 25
3 15
2 34
2 34
2 4
2 6
3 13
3 32
3 3
2 1
2 32
3 35
3 8
3 25
2 33
2 1
2 30
3 20
3 25
3 7
2 34
3 5
2 9
2 24
2 16
2 11
2 31
2 29
2 17
3 10
2 18
3 4
3 30
3 34
3 19
3 13
3 24
2 28
3 18
3 30
3 15
3 11
3 11
3 22
3 27
2 1
3 1
2 17
2 10
3 29
2 33
3 11
3 17
3 11
2 6
3 11
3 17
3 1
3 9
2 26
2 30
3 7
3 34
2 30
2 33
2 33
2 24
3 17
3 25
2 16
3 33
3 35
2 24
2 27
3 11
3 20
3 21
3 3
3 18
2 11
3 9
2 35
2 7
2 21
3 7
3 31
3 4
2 30
3 19
3 29
3 9
3 16
2 3
2 5
3 10
3 27
3 14
3 27
3 3
2 25
3 1
3 32
3 33
2 9
3 9
2 1
3 11
2 1
3 28
3 1
3 35
2 3
3 3
3 6
2 16
3 10
2 15
3 10
3 17
2 27
3 17
3 8
2 35
3 5
2 18
