932606225 84 1000
M 59 70 87
S 25 36 37
M 23 20 24
M 114 108 119
S 8 11 12
S 67 71 72
M 107 93 111
S 58 61 62
M 55 63 78
M 39 35 40
M 102 116 121
M 112 76 118
M 124 109 125
S 62 65 66
M 4 5 6
M 11 14 17
S 54 63 64
S 41 73 74
M 83 85 86
M 113 126 127
S 31 34 35
S 40 56 57
S 46 69 70
S 111 116 117
S 47 51 52
S 89 91 92
M 16 22 39
S 84 88 89
M 119 115 120
M 53 38 58
S 9 22 23
S 42 43 44
S 10 20 21
M 92 82 102
S 77 81 82
M 100 99 101
S 12 15 16
S 44 59 60
M 78 91 93
S 18 28 29
S 45 49 50
M 57 60 68
M 106 117 122
M 73 66 75
S 17 18 19
S 2 4 5
M 125 122 126
M 120 121 123
M 49 48 67
M 87 74 99
M 65 72 77
S 50 53 54
S 27 30 31
M 33 43 48
S 69 83 84
M 71 68 76
M 98 75 100
M 103 104 106
S 21 26 27
S 81 95 96
S 19 32 33
S 7 9 10
M 80 86 94
S 96 104 105
M 101 90 103
S 61 79 80
M 32 37 45
S 1 2 3
S 26 46 47
S 97 109 110
M 30 28 38
M 56 64 85
S 95 107 108
M 34 24 42
S 110 114 115
M 79 88 90
S 6 7 8
M 13 15 25
M 36 29 41
M 123 118 124
S 3 13 14
S 105 112 113
S 94 97 98
M 51 52 55
94 73653088
127 849958502
19 82381352
88 466316
68 71421844
15 12278
125 270116328
7 198396618
13 27994503
26 10552293
118 86999896
55 1025580
47 14223381
106 118521353
51 896130
96 2489407
118 110419289
42 104687508
96 35120857
56 38169098
10 52032741
22 48587298
42 26824555
110 18411167
53 57304845
51 3225486
47 7646300
25 134455290
78 31595493
52 1427630
20 33928321
115 3929199
112 8265976
84 1073326
94 19038113
35 6251266
95 37554364
45 39477013
7 139882800
98 59104094
56 61442168
89 503026
122 27925364
56 52680275
53 41121973
57 44740588
22 54218492
80 34387651
95 9625986
104 12842563
84 1235054
37 80184698
66 14500332
11 72564677
86 59954871
43 44720363
88 348869
81 4587378
87 32672814
3 326222824
107 15087375
33 42617707
32 64621950
111 56666750
43 5184226
113 7748546
108 8545438
54 21127846
54 2365732
93 19722128
65 29680659
85 77662754
7 44861560
72 85496270
39 48661543
102 83702824
31 7745383
92 423431
11 95045717
5 37086906
124 220947932
54 20393226
126 734329072
112 234096
45 181534774
61 36055301
84 164434
113 1223809
95 36378537
87 28373419
48 120682379
109 30709345
10 41719801
99 88790768
90 6869096
70 2720026
80 22473137
73 108687401
13 154793257
32 37392623
10 42667605
120 44798349
4 13102581
111 23605506
125 445535732
23 57762280
111 60276228
52 2283627
48 62146447
18 9814172
113 72337
12 54289626
79 16713106
113 8171426
66 31479748
5 142682191
30 6725258
63 12847292
125 241341686
82 14748911
66 21253114
37 107232974
28 1894227
9 98476231
65 39730616
7 155651528
50 105680057
95 35031950
118 160425126
42 64757563
125 28598991
42 81158911
94 26984804
73 66055013
54 14475302
43 34086
5 231093279
81 36110749
19 44713270
13 123420062
122 295225788
125 307447774
90 14072232
75 9611216
24 63163426
82 19878207
95 23186818
66 23025335
115 7926788
38 30700425
14 76898597
11 30260581
53 14638495
27 7680472
35 986571
89 766528
81 25785737
97 63953228
3 384674502
57 50874414
119 22193268
13 74065963
105 15501834
54 36811639
55 8073999
33 16808581
100 91148628
32 70285020
74 13365681
34 3063085
43 6339557
3 259604228
41 5700281
83 1070136
32 68242789
41 123218995
46 7465049
11 80454922
87 18770068
13 113783795
23 35988191
11 53255512
73 39706056
85 79078098
117 18257577
26 20007532
79 2737798
26 22785787
70 4295995
103 108237673
110 20767701
55 4371566
86 53476824
37 118228317
42 4165075
106 313774704
107 14577725
125 183606116
30 1852518
93 40119952
83 3440391
33 65781178
55 5720767
21 7857455
66 28715836
127 708661689
93 25434901
42 30409935
119 4302024
106 36018195
5 7674054
120 31848202
103 17514133
80 36495469
93 30018121
113 7430764
90 25261490
94 81060262
21 35116506
7 21647738
6 376083084
104 18051106
78 36935077
123 77353796
87 30289636
67 101595850
47 3253670
63 17463829
122 84794111
69 4520291
63 12213107
57 12065098
92 651875
21 55257575
107 16213836
101 207902801
115 4225767
119 32317719
125 316648710
36 68481873
106 283492123
49 93382325
45 5382743
120 7310684
117 8588536
77 15385896
64 18813326
95 9424335
110 12612852
47 9346652
85 50258513
91 631554
54 35864150
124 268490518
42 116839073
26 5199054
8 71830133
32 35879896
45 75232093
89 667230
117 11477557
33 42968164
87 92273
66 272401
102 83905797
19 168293370
51 3733141
29 81660070
92 91015
57 31016936
15 31923208
66 39682762
25 103289422
75 48509720
30 7818365
43 14415453
49 55520631
59 23944708
125 126725323
22 17169396
126 169174062
104 6883916
111 13442979
126 601829523
97 65921488
79 18151412
127 749987290
56 50974097
39 73727716
35 2117195
31 320505
116 28988429
11 28975184
106 39199944
94 9026075
116 30231805
99 22983518
116 31370409
123 41573581
126 438836915
127 466303113
124 73989210
11 75272203
120 47085137
127 1
97 2044228
44 29245072
56 48114966
30 8990518
98 65234952
26 14925939
127 586077261
98 23573259
55 8189186
42 47944945
21 14744793
60 14174018
39 4493277
61 25714060
86 36582433
52 4583701
9 43566471
42 30631871
74 99505574
75 36730528
90 38975420
65 6003289
88 1024381
35 3997253
94 132388220
26 13164954
73 104579685
78 7510998
48 62196775
89 519092
120 22924105
93 33232731
49 12420782
95 35735233
25 76264852
11 98845574
81 70904886
94 55518593
78 41270934
103 354369099
126 255416448
52 7058997
78 19304471
63 25487416
49 11908892
104 8514697
65 4304436
13 50218551
30 12637848
28 10311355
119 2123560
59 28308325
81 7852083
62 71982394
33 6452993
114 5181231
5 33273011
12 113869739
125 139056748
36 110737100
40 26033779
35 1160110
72 115882476
50 87179509
102 3796346
9 89692812
47 13634521
88 1387375
76 44071172
110 26410514
46 9213530
88 210049
63 3812289
95 9587263
111 53872761
94 42607494
41 212273296
104 1707490
25 49646380
90 5133331
83 1615934
39 80701352
51 4746004
60 16919960
91 806138
62 74459909
117 31105004
123 7625251
8 210634206
29 59114315
47 11422859
95 33860757
76 177869113
51 6378970
78 19237567
48 35092578
86 57463956
40 42093242
26 17022154
60 5372714
77 140619709
117 27770626
12 102378033
34 4290046
63 14233719
74 11900965
37 22393744
21 42287298
64 26248298
52 3827769
17 113044040
29 10218168
111 20257517
110 2899829
94 116568523
98 32634650
97 51510741
85 30969161
65 39216717
16 4708905
64 6650649
41 178859419
107 14918167
57 11494672
65 31421774
92 456626
115 8329371
27 11561633
118 148944973
37 33765879
35 789498
55 8921456
38 101965468
66 17364441
49 14788822
49 114091375
127 543741957
7 48238681
122 386205211
10 98571885
13 161970175
114 3996660
114 6768848
115 4717436
81 32193023
120 49014266
53 31107351
83 3561951
114 4258346
11 64439761
60 30733596
66 23863172
43 24906123
43 6072034
2 315041179
27 4472480
13 132058178
53 55767893
39 76921569
8 35772998
68 81845156
14 91443426
103 234260791
57 51470268
61 44301644
102 48333066
66 35214909
55 7401008
11 55425288
70 4050880
33 63175612
83 575645
35 4335153
91 332812
101 267936682
99 93774830
41 110273527
98 8454060
5 111914347
20 41318434
110 31837918
74 30269041
37 69261667
44 2258946
68 72134707
101 81215500
94 40971470
70 6209204
55 13850418
10 67306555
20 53025817
126 50282107
80 37801948
74 87521404
14 122828875
60 14048955
126 121834065
84 3322244
59 9868592
37 141804397
109 18678424
107 16107633
4 201092164
20 44172057
45 110456835
124 316723838
24 22118886
57 32285413
3 163995271
73 65663762
56 40763713
27 15331129
92 588729
53 4279782
76 38946460
34 2336726
29 78875898
78 38723987
52 6042215
52 2640082
27 5658246
93 43823744
57 6922884
2 459557261
22 47896544
79 19983496
34 653698
119 12103735
30 2102705
23 39174755
119 34563842
34 2158019
36 117312253
80 2174279
99 90020287
44 27312794
3 283528398
5 2589051
92 776209
61 66057401
57 8647809
33 78278303
118 49632090
31 1898557
50 8551340
55 6201247
76 114914232
82 77972643
39 40797965
76 197117977
17 250334476
62 447494
99 98282612
109 22748838
125 204772223
86 13377334
20 39575162
3 80150536
2 435161423
19 101103870
66 18313190
30 9713905
53 51717276
103 180914554
125 309665989
63 4362938
38 47597991
117 2858768
97 23963660
71 78919612
42 117123016
126 291480330
82 77309714
7 183790593
86 69815012
95 20537881
108 21095540
49 87537641
113 565595
59 12577373
105 16222402
65 12146137
72 61239415
119 4540073
96 18446450
123 72085700
109 4899447
93 39088268
59 12497902
62 37949762
20 8338899
118 96056897
7 211454678
114 749799
106 221589395
111 2001909
83 501394
13 29863366
29 13537347
110 10919311
86 23343446
49 51021751
53 6884526
31 12261666
95 31586487
115 7569076
28 54295182
116 6654031
104 5773805
110 30986640
4 22042052
72 79785529
35 3586526
47 6954251
72 90942233
36 29715637
125 121626707
39 15391695
6 381849427
68 11073132
36 873328
78 11393981
30 9585764
13 186125204
117 25458745
125 395745953
29 30500493
52 5669573
81 44640577
18 148349968
37 54138595
24 96631486
86 46793049
85 44602176
115 13017102
107 7710930
24 41664439
73 48719651
37 80271355
40 105992362
37 3225870
113 8173192
2 102684527
70 338861
99 36685365
106 394743207
54 56412549
62 3461931
109 21103072
123 3947654
32 5314624
27 9239270
31 4876624
35 6026737
85 28341650
35 1014757
26 6072813
71 94687226
101 364544810
33 68678310
57 47203624
109 32282115
104 16091000
79 37533385
82 31308482
47 12224646
16 2658848
31 3165181
46 8751234
48 42832480
123 105642466
27 6186273
110 6878652
53 2537184
89 1362776
89 669850
53 28663154
60 26444713
72 27189749
2 232167957
46 6200628
19 38227141
69 5716282
33 47800505
10 79520589
107 11734020
46 5355232
98 58632897
45 119652178
121 66177756
4 143577340
66 4653479
116 27109346
29 76030517
77 118872046
104 8228373
93 36894909
109 28708971
40 43313396
33 35311541
74 54481890
74 10463417
29 2680486
82 24923583
64 1583498
110 23292790
22 49016560
122 5767389
48 39541491
84 512594
15 21137141
17 169351229
36 43703773
38 65803174
17 293940969
107 6246103
94 102596430
37 87341218
111 14186107
102 5245815
123 43951609
17 30978096
104 4680244
94 117615460
55 5940176
46 12623847
14 189025561
116 10630210
118 131639271
54 45638418
5 22475540
46 13978937
116 6574108
58 95797593
74 52531704
16 980503
27 4529614
52 1099511
118 145846766
117 18022845
11 64412648
9 60090035
92 846381
96 2103761
19 35072805
8 130641786
108 14324532
39 80667757
34 4659213
26 7190906
37 84583739
124 83970255
51 7187766
68 60676202
21 9162303
85 84328809
12 25965823
80 27349924
69 7112802
8 148515630
75 87468433
53 44968481
79 30231055
88 892218
101 88091966
126 34750344
14 128053509
19 100776602
23 42037537
32 44970690
118 93816996
68 42110528
82 43207272
103 335200000
17 294949476
71 106750944
62 76781202
8 11973716
110 31692547
12 42147953
64 709017
14 157266750
6 205331912
81 64262465
51 4496039
63 21122878
2 398438929
69 2033643
21 28061798
118 11285560
98 47562338
46 12613300
2 438001517
26 24165475
117 7841093
67 37504480
19 128754110
30 10149542
40 122599763
99 130472266
66 8085276
78 26014741
64 5504502
13 224678092
35 4010294
16 50780120
40 106823356
72 105924554
90 14636710
13 204984561
23 6665235
14 51242978
125 260983973
80 16993387
67 115821288
85 28953354
102 14962156
62 13822095
100 223577009
53 25507428
82 63661461
61 59843136
69 1728662
70 1582378
113 6632639
55 12535734
13 40418049
39 74005600
48 91129269
25 24495689
51 2153646
93 33913760
74 17961550
79 37895269
47 7908702
124 342094786
127 932606225
10 38825282
90 9095239
47 3749229
97 16865694
68 37214940
60 15289469
78 30490569
86 16033015
85 66549110
15 51144197
59 7293539
6 362646647
126 861223427
73 73155584
118 32919005
120 21109772
24 26521902
36 103283715
4 2727452
109 6141723
56 54524833
59 23752557
31 12001720
110 15874004
12 64731424
75 77910551
61 17358012
32 7909922
10 35036666
64 4523271
124 12842923
108 12328793
14 164914268
20 44022134
39 114013473
42 48409239
12 20243512
72 17371464
91 814329
13 17979326
14 210890389
90 39792742
33 68129081
99 123560962
28 8328189
44 3527269
124 74720159
85 49732894
103 258100689
98 34826598
123 16312476
116 21899587
4 167958719
60 16975147
112 8961351
29 20452746
33 16815937
8 8376722
47 8128532
120 13000196
13 162729530
127 142434622
91 874421
81 24372318
3 249417971
69 456944
96 15806115
7 87701970
120 48896937
106 66868428
12 98568566
57 5873855
8 37226016
36 66899450
68 82931219
48 120012961
118 64007652
46 12188198
73 64707248
56 42531485
112 1672139
127 126941790
26 10518459
43 44879142
87 12783565
25 176385530
61 14810077
49 45187566
82 86408883
65 15190047
64 24145187
45 127403267
77 39953149
13 134362288
109 21144983
127 589119480
77 157704260
64 16751305
11 68749394
42 29132936
88 1496284
106 82790690
106 382481378
69 806565
104 6979447
96 39721284
7 118752605
63 27799445
67 252334589
53 28473042
54 3142431
81 36990120
97 44560467
81 54531394
103 198496405
59 18650739
12 33116014
6 434602539
109 13912696
54 38398012
67 49585994
2 435336585
22 448456
96 26635534
3 355883898
15 50871794
63 3204234
61 63849204
38 63989510
46 1513439
23 55598506
42 34793623
70 1988093
30 12777324
89 645473
6 360741404
20 23913643
93 1986366
104 3816069
59 28246384
119 6899434
74 72223368
37 120596551
64 7871005
22 45485388
116 19576812
76 225583791
80 20966680
46 8679028
13 69245620
48 64104639
41 98611234
83 187276
16 55367913
30 13411656
90 4581694
83 18075
72 70291023
