358216369
765714662
720619982
383094630
583222016
403904399
540799071
732725672
529435876
467351271
344056601
570019702
221689159
201296808
982834620
39561719
777523667
846368600
271296
384939959
513016697
736586673
272490880
913146907
78750430
191506974
99535212
616919370
317530836
761192053
650871280
330304415
917323549
557913991
518188110
123707652
567501088
636272149
236059282
963072105
370975296
859748529
166749738
564937401
286368380
355004604
900369532
391806181
593792084
403157896
365244281
638483085
514791673
804746558
846150231
13009696
707560542
278150184
666271172
171310580
957267794
885786474
121211766
650467216
366518919
326573466
16208055
284652183
922350093
213048205
803363369
897668360
207481752
446175270
945031850
828353511
415166699
392736053
371670137
59062756
419457702
109005598
767418562
537265413
411632615
555699724
742098719
560434124
737951218
821954561
754913615
769582004
597001214
825771205
255746019
883854904
890543075
217224101
693525640
622485280
368133672
751652122
492430316
832294246
535949789
275798597
273181385
644935056
330599278
598445433
788608512
195559469
664990974
107327708
301268232
39206661
264620101
17624328
414341856
190650591
204289500
403234941
619634844
504402158
259259742
409989147
761656032
124858059
931094632
49784671
591837236
495064820
136268172
62110928
838770127
755574845
986825894
769963642
936685696
600708432
73255311
793681668
32681145
980811374
185525671
61295834
457426097
872743160
385737554
888725599
264867374
852574284
277566991
185038314
514177374
359509023
759177177
716194882
260352361
87314846
500926916
64701408
178044006
202099991
612389994
169005665
799740318
8528416
928262854
546870745
807054271
253106333
650784156
621842915
664393681
138663705
222716325
186698725
478876924
977538092
737208292
196198968
475308716
199113436
161872165
232304694
341900259
489721335
186596541
965792991
765742534
37049719
819648777
793624038
479631388
365345480
612596727
982283543
29319708
281370346
927029187
482585430
801747928
130517882
462440284
805571814
964654200
119652231
670932067
302629057
16225126
840408867
282309497
826318201
255830474
880264714
122897092
909914199
862470220
644926076
851591507
449271463
786421099
375455813
319710138
99655562
592782281
810008532
111694745
792045849
858718096
816379864
104908564
782043707
802839042
357286557
864292061
862403105
136955983
653212112
75286829
369018618
297101998
391153486
890421977
990160357
539577217
122223294
169292653
667863217
289678848
765702839
327130090
233906859
455322075
257142267
397930986
294211830
439701457
286644725
735665924
57957916
185443860
32684957
385768837
726019372
888457805
322661380
706263801
923451731
109457282
656023374
895505517
419709077
66973818
493425645
328435700
817786840
481938326
320425024
504930847
461364661
691109050
464848137
397641629
567307995
718714207
392093435
534239582
104699070
263033085
763586536
259502725
316459840
654795074
701037065
692751378
690490073
319831562
315863015
748784041
812013637
250417885
262042734
302918671
124478109
297513076
526784581
564123223
672106901
929897673
957286726
228048229
869493925
314191792
889559364
38154317
259624592
83002013
79755896
791716404
962279698
160932203
966615848
896205607
652995694
872017856
879400649
510105321
829747353
497300190
206682960
500098617
689547061
544231412
292245781
296522213
973848876
761505498
784955749
662131431
841830182
175796485
738023680
247556910
928527685
848702949
783099433
926110210
612388856
495434470
277065275
697921881
700615013
627134609
925381645
279074912
795743402
223296217
422181750
71184079
501721034
759432111
970463049
101429528
220379815
789950636
205109291
833293251
776754648
748942836
480114476
808640911
771499817
650973122
29346900
524300804
34434082
825809714
649020587
240715029
206163609
918125106
887220229
689921988
168457781
520367916
21508916
151525746
448554179
384287455
156348002
655655591
295459589
236230929
732474533
940558953
858586422
89948132
561022398
20781129
707625942
994877404
92589301
789523210
678973606
304741591
348129802
764204009
613466271
823706132
717972646
685176065
478121714
381254008
979107377
494177404
68536891
484368837
771125086
215815113
420490970
75888335
752821102
699174915
375076788
982085003
520367511
560488217
928522261
399229250
769008547
898927824
620142029
58582454
351107694
189446101
549994091
676182373
42354302
517528336
895385416
21453252
388556075
641411478
67224682
872381306
60686727
956468415
291263525
861748042
749327493
431032739
828341692
651957801
27989251
821695417
202359650
101328176
328729438
413956454
763609996
609736498
736276092
954477573
633119803
999286003
80346747
696662310
785038404
473870097
461193605
945791670
448169570
131631956
911814856
128915612
309722804
397460277
805522569
989242028
346853961
55406386
316863744
397374812
823271999
8940630
917447270
322265542
921266941
379351347
986539648
678763425
501976204
139577888
802266229
189915691
617579493
907729112
736991906
210672331
967951166
385552661
982983305
742228116
658561124
997297792
460523092
758060205
943381199
557170908
995135690
347916780
987010102
579635034
13690040
302527551
98225518
533676778
207662780
369622567
221975656
222379669
524335079
9620322
984859945
65775934
643716742
48178544
274682296
644595627
842146852
472406114
23658928
937359022
307631264
877650181
363619549
226665359
122451916
136840137
677146186
921061882
717203565
660737418
402492746
529395174
383492517
923606956
893794286
476787933
227135840
989424379
678111604
693333685
995892650
174409004
976087350
715385527
967358612
661780918
549804124
508907278
132997648
316620980
90957111
410357681
580509024
917089956
781373503
914350050
527513086
792822071
867954217
7603456
234170445
356681390
280652001
338998724
665671529
207386361
15097180
656017232
435901309
812565635
832255277
282162829
420850111
767886518
931510383
13345194
393007480
953319173
577616114
497566965
565100823
81815462
846816704
405288063
563359827
487314437
656305846
324853844
357555386
405672194
473504634
275042935
469060392
523186462
880738500
262030632
279031874
841078589
838099547
996786891
734224436
253124148
804449534
209887387
160175080
239830117
55525054
538626210
486326677
992777207
772124957
32135531
432038658
54798194
165895973
572067897
12399621
202552517
55324969
174204444
430872489
936925361
413361730
319163422
59326853
645555580
671321539
503839874
422350413
9097693
503958349
347922216
697456121
220285874
343483558
199191614
707336865
474534443
552140757
672890904
76400977
494260822
424835066
319042440
604782155
902396185
860747068
548032013
2335301
489743234
120263444
313955944
2545725
926776612
290900708
7616370
386671926
342183049
658790301
979721322
103413236
209920
113212116
739184123
199022323
982089291
263069738
592992853
213545424
206775244
526006899
929782124
468351153
394454639
464559364
504330187
914701541
215441221
260363217
976411860
284017414
782231971
950668487
969826687
524238611
106422805
482004526
593895761
499374109
184320304
738141870
771228270
535496077
117955079
217108310
927595337
886659928
82512132
409999224
622203462
970353399
478192758
952407112
475139588
390198028
190186921
295861578
44431355
781880055
979380468
726003471
343359621
41633032
205871170
272631996
398018540
296781557
553525694
99989024
763198755
568160648
791360835
403246927
923621013
553902088
165336996
812449738
664853225
17300207
577096817
978551248
748360180
997730367
613287404
848361444
642173447
744322609
193157753
584302764
741744645
243382239
961877483
464157200
945813680
415170523
409803811
367240294
502524573
379407800
220759870
689733708
25943337
104078631
446315185
931713415
75551193
695422269
886329316
366445840
536946790
562674278
697490231
149821700
791897224
603695974
738773901
908729862
231289727
110073363
172506825
56407511
563002238
844980102
648674270
88592766
635379813
573558084
901902952
969999811
132951601
570717597
18931929
554408136
514774240
531207609
432690677
446652237
507027889
549420382
645115593
705563701
268533548
972676332
165813641
723655612
519056550
698313695
224582396
186387074
49945460
671423613
423953599
593895370
862911135
627942109
848326659
187888265
826436560
757413494
989244205
265576749
708084121
932501792
598922786
30853533
721811026
408788092
584370472
994720373
820932876
956343725
132069715
773352820
255429417
534672009
468729826
742883653
793344888
192747270
847308094
505285984
990554070
983097285
512426296
469885722
281298176
857131957
351848165
1789878
655982483
883104215
916393497
783410865
153712280
776591968
434503672
96517937
885417366
687539965
409614583
514806601
44294288
441142135
248458343
180603967
165482326
121345978
601452564
62603978
865944762
807961621
807918191
936747884
750409100
7677189
2221903
161253909
861301372
155271366
565807671
144165901
155843781
79633835
514550211
600400884
225571229
721609513
879687760
967952577
756806721
548254288
689698659
486167896
964746071
248997107
281439334
672814168
215028721
739978784
141145430
222038789
205344768
523092440
184389175
63616249
176650987
427882227
859398271
914479265
526144734
523811902
49732390
649717001
590591566
939565344
614351020
246905914
631887356
296899464
42011919
982495461
912978694
14060128
699854498
533838863
484800328
445129199
216500081
247778394
883802922
774828957
785928556
797803210
789636862
344148753
920972512
961889422
60097075
58233855
831702461
953778037
191891772
743527213
317987047
852491808
317409950
371229161
80252285
984558583
467998039
857440403
498570549
776886117
613136521
845259366
133569402
835131286
600479009
296639428
210449529
158665364
399286440
880971484
81794181
579904622
601907320
347096570
22579830
88930320
478055951
255765705
797633595
454740597
179729201
568466590
170608772
755833950
59361642
984303000
298462773
56269388
448889958
843532588
447581702
102390228
967835316
382958837
677576750
899018005
210508958
309314166
531989052
509042905
211145088
219591313
