40 9 1000
M 14 4 15
S 2 4 5
S 8 12 13
M 7 5 10
S 3 6 7
S 6 8 9
M 10 9 11
S 1 2 3
M 11 13 14
12 2
12 3
14 21
8 5
13 1
10 18
14 2
6 2
6 6
6 5
4 8
12 1
2 13
12 2
7 7
2 1
11 19
7 2
13 2
6 7
2 15
14 3
9 3
13 2
6 1
10 17
8 1
8 1
8 4
4 6
14 1
2 12
6 8
9 3
12 1
11 20
14 17
4 4
13 1
15 4
14 5
12 1
5 5
7 2
15 27
15 25
5 9
6 9
6 4
8 2
4 1
15 32
11 2
8 2
2 14
7 9
12 3
3 16
3 20
15 19
5 1
7 10
7 8
15 15
10 10
10 14
11 6
14 17
14 4
14 15
14 13
9 1
5 5
4 9
4 10
3 10
2 15
11 17
14 20
15 2
11 15
9 5
9 4
2 19
7 9
7 6
12 1
12 3
3 1
15 28
10 13
11 23
14 9
13 2
6 3
13 1
2 19
6 5
12 3
10 20
11 17
7 3
3 18
13 1
13 2
2 5
10 11
10 1
12 2
3 17
9 5
7 9
6 7
11 6
6 9
15 23
12 1
11 5
4 2
11 5
5 4
4 9
3 10
8 1
13 2
10 8
9 3
5 7
2 13
10 11
8 4
8 4
14 6
8 2
10 7
6 6
6 8
5 2
9 4
9 2
12 2
10 13
11 15
14 5
5 5
9 5
4 9
2 20
7 6
15 14
6 2
6 2
2 11
3 2
3 20
6 1
6 2
5 3
3 4
12 3
12 2
14 6
3 11
10 18
5 8
3 15
15 20
7 5
8 3
2 3
2 11
14 17
11 15
15 29
15 14
7 1
9 4
15 16
15 37
3 18
12 1
3 5
6 1
5 5
5 10
10 5
2 3
14 20
15 10
8 2
14 23
3 10
4 9
9 3
3 13
13 2
5 8
10 5
5 6
15 12
11 5
8 3
4 1
12 2
6 7
5 3
15 28
6 6
7 9
3 1
12 1
14 7
10 12
5 8
6 8
9 4
2 18
8 1
15 22
8 2
10 3
9 2
4 4
14 5
7 10
2 8
4 7
6 1
8 2
7 6
9 3
4 4
10 6
8 5
6 7
6 5
12 1
12 1
13 2
13 2
8 2
4 9
11 23
6 4
15 30
15 4
2 7
2 10
6 8
7 6
15 37
15 16
6 1
8 1
4 5
4 2
12 1
14 12
6 6
11 21
13 1
4 7
9 5
3 15
10 19
11 17
15 15
4 2
8 3
13 2
10 5
11 16
12 3
6 8
10 3
3 2
3 5
12 1
6 3
14 19
3 11
15 6
13 1
14 1
15 32
15 30
10 10
13 1
8 3
10 14
6 3
8 3
14 2
6 9
8 4
6 8
12 3
15 23
3 15
9 4
9 5
9 5
15 16
5 6
5 5
15 18
10 7
7 10
10 4
5 5
13 1
12 2
15 9
5 8
5 2
10 19
2 5
14 12
5 6
13 2
5 6
12 1
4 1
3 18
15 3
7 3
8 4
5 4
12 2
13 1
11 13
8 2
15 10
10 9
4 1
2 1
9 4
7 1
5 8
11 6
4 1
6 2
3 10
2 7
9 3
5 9
14 15
6 8
12 1
5 10
15 14
11 14
13 2
7 8
4 4
2 15
8 2
4 8
15 2
12 2
7 4
7 10
12 2
9 1
14 6
7 4
12 3
5 6
11 24
15 35
10 18
8 5
14 19
13 1
9 2
7 7
6 5
6 7
15 31
13 1
13 2
12 1
14 9
5 10
13 1
4 9
8 5
8 4
3 8
6 10
3 13
8 3
6 5
13 2
5 3
15 3
3 2
4 5
12 1
6 1
14 4
6 10
12 2
5 10
7 4
10 4
4 5
12 3
12 3
14 16
2 6
11 16
6 3
3 12
15 10
15 4
14 2
14 17
9 2
12 2
5 5
12 2
11 17
14 11
3 11
2 15
13 1
7 2
5 2
12 1
7 4
7 4
9 2
8 1
7 5
10 14
12 2
6 8
2 17
14 21
6 8
7 4
4 7
13 2
15 5
5 2
2 5
2 18
15 25
5 7
4 1
3 3
8 3
10 11
13 1
8 1
14 23
15 7
8 5
9 2
4 7
3 20
6 5
6 3
12 1
15 29
11 25
10 1
10 15
4 8
15 37
3 7
14 8
11 24
6 1
14 22
14 15
11 18
4 6
15 8
15 11
14 20
7 4
4 1
15 25
7 7
10 11
3 18
11 5
5 8
6 8
9 5
7 3
2 18
9 1
3 1
12 3
6 5
12 3
4 8
13 2
10 15
12 3
2 1
4 8
8 1
6 1
2 15
13 2
2 7
9 3
13 1
13 1
14 3
11 9
6 9
4 8
4 8
12 1
8 5
6 9
2 19
12 2
10 6
13 2
8 4
4 4
13 2
11 23
15 31
8 4
6 5
5 5
9 5
14 12
13 1
7 2
3 19
8 3
8 5
4 2
5 10
15 34
6 4
4 1
14 14
7 7
10 13
10 9
5 2
3 14
6 4
13 1
13 1
5 3
8 2
15 4
8 3
14 3
13 1
12 3
13 1
5 1
12 2
4 5
6 8
12 3
7 2
2 10
11 11
11 22
2 20
7 1
6 9
6 7
3 19
15 13
9 2
5 3
7 4
8 2
5 3
11 13
6 2
13 1
15 26
7 4
9 4
9 5
11 14
9 5
12 3
8 3
3 5
15 16
15 25
12 3
4 8
15 13
8 1
6 4
10 20
9 4
2 3
2 11
2 12
4 5
9 1
9 3
10 2
14 21
5 1
6 5
8 2
6 3
7 2
15 4
2 16
9 4
15 8
10 13
11 21
11 14
4 3
6 10
9 3
10 10
12 2
9 3
12 2
10 14
12 1
14 15
8 1
4 3
8 4
2 7
3 5
6 8
14 7
2 2
2 8
14 20
11 10
7 1
4 10
3 6
13 2
8 4
12 1
15 8
15 11
6 2
14 13
11 9
11 16
7 3
13 2
10 14
12 3
10 6
13 2
3 12
15 34
4 8
11 1
5 3
10 7
9 5
12 2
9 4
10 19
12 2
10 12
6 3
7 9
10 14
12 1
8 2
10 7
15 26
5 9
10 13
3 5
3 15
4 4
6 2
15 28
13 2
15 33
13 1
2 20
4 7
5 8
2 8
9 2
13 2
15 22
11 11
5 4
11 15
8 3
2 18
10 7
12 3
9 4
8 5
7 7
15 24
5 1
11 15
15 28
6 1
8 1
14 20
7 4
7 9
9 4
15 29
4 7
9 1
3 3
5 4
5 5
13 1
12 3
12 3
8 1
11 5
12 1
14 21
2 18
6 4
6 9
5 3
15 3
6 9
2 4
6 1
3 13
6 6
10 4
12 3
11 8
3 11
15 12
15 34
2 14
10 5
8 3
3 16
9 2
5 2
3 7
15 26
6 5
13 1
11 11
12 2
10 18
5 3
14 5
6 5
11 10
15 24
5 8
4 5
5 1
7 10
10 15
11 10
7 8
3 6
2 1
14 26
15 14
4 1
6 3
9 5
6 4
4 8
5 5
3 16
5 2
5 1
7 7
14 13
2 11
3 3
3 2
7 8
10 20
5 4
3 7
14 10
9 4
15 12
2 4
13 2
10 13
2 13
7 2
9 4
13 2
3 19
7 9
5 1
15 17
11 19
4 1
8 2
15 6
12 3
15 23
10 10
2 6
13 2
12 1
5 5
9 4
5 8
11 6
10 17
11 12
8 4
2 6
12 2
4 6
2 20
7 7
6 1
12 1
4 5
15 1
5 4
6 7
8 4
15 13
12 3
13 2
3 9
15 33
11 24
4 9
7 7
11 4
9 4
13 2
2 5
11 16
2 8
10 10
10 12
12 3
13 2
8 4
12 2
5 7
14 20
11 2
4 8
5 4
6 6
2 10
3 16
14 1
12 2
7 4
10 20
15 8
13 2
3 14
11 22
2 14
12 2
3 7
8 5
8 3
4 2
4 2
8 4
8 3
8 3
13 1
11 23
4 6
15 30
5 5
2 9
11 18
6 9
13 2
9 4
9 3
4 5
5 3
13 1
5 6
5 6
9 1
10 14
7 4
7 10
8 1
15 9
10 3
15 19
10 19
3 8
6 1
8 3
12 3
2 18
15 8
2 14
14 16
2 14
4 4
8 2
9 2
10 18
9 3
2 17
15 22
3 4
4 6
4 5
15 22
14 5
9 4
6 8
5 4
11 11
5 2
14 11
3 1
2 18
2 17
2 12
4 8
7 8
3 15
11 13
9 3
12 3
3 13
2 19
5 1
10 17
5 6
4 3
2 5
6 6
14 16
3 20
5 7
4 4
3 1
9 3
4 10
3 10
3 9
15 10
2 1
5 8
4 2
12 1
5 6
8 3
4 1
12 1
15 16
12 1
2 14
9 3
14 2
15 17
12 2
11 2
13 2
13 2
6 3
8 1
11 17
12 1
4 3
9 4
2 5
2 20
5 1
8 4
15 27
12 2
8 1
5 6
9 2
9 4
15 15
14 6
8 3
