126 3 1000
S 4 5 6
M 3 2 4
S 1 2 3
4 20
2 27
6 30
2 61
6 56
5 9
2 34
2 25
3 4
5 60
2 37
6 50
6 42
6 32
3 14
2 1
5 10
2 16
3 32
6 53
4 126
3 53
3 5
6 39
4 7
3 34
3 12
5 3
2 3
4 55
6 19
3 59
6 63
2 19
3 16
2 49
3 4
3 32
2 29
5 9
5 29
4 80
6 60
4 52
6 6
5 1
4 35
4 71
2 9
5 15
4 28
6 1
6 54
4 11
2 10
5 63
2 48
4 55
5 44
2 25
5 17
6 27
3 52
4 28
2 15
3 3
4 70
2 42
2 4
6 28
4 5
2 24
5 20
6 28
2 47
5 3
2 4
3 63
4 97
4 107
2 15
2 39
3 60
5 44
4 24
4 18
2 6
3 61
6 56
4 74
4 82
5 28
5 17
5 4
6 8
4 38
3 46
4 2
5 41
2 15
4 78
3 8
5 39
5 41
5 48
2 38
3 61
3 43
2 50
3 3
2 60
2 3
4 10
3 25
4 62
4 107
5 18
6 39
6 11
4 34
4 30
5 1
3 38
5 10
6 30
4 13
4 92
5 3
6 55
6 10
2 45
5 23
4 117
2 16
3 5
3 36
6 47
4 17
3 24
5 24
4 20
3 42
3 16
2 18
4 122
6 3
3 39
6 63
3 9
4 91
3 44
5 21
5 2
3 25
5 17
6 22
3 38
6 58
5 41
3 17
6 59
5 41
5 51
2 35
3 55
5 53
2 56
6 15
2 3
2 7
6 1
3 63
3 27
2 4
3 13
3 14
3 18
5 22
5 3
3 43
3 12
3 52
6 27
3 41
3 44
3 4
6 61
4 47
4 38
3 3
2 52
3 45
2 59
4 31
2 9
2 50
3 59
5 30
4 71
3 12
6 44
3 8
4 31
6 43
6 15
2 49
5 13
2 33
2 45
3 21
6 17
3 4
6 40
4 34
2 59
3 17
3 22
6 50
3 18
4 87
4 53
2 41
3 53
4 53
5 29
2 53
6 58
4 27
5 27
2 17
4 59
4 91
6 7
6 21
2 2
3 54
3 52
5 24
6 42
3 7
4 6
5 39
2 29
5 21
2 59
5 8
2 52
5 32
3 57
2 17
6 16
5 50
4 8
5 46
3 31
5 62
3 37
3 20
6 7
3 61
4 64
5 6
3 57
2 4
5 45
3 49
2 61
3 35
4 41
3 20
2 4
6 7
6 12
4 51
6 7
3 29
4 21
6 32
6 34
5 28
6 16
3 48
3 40
3 15
3 9
6 27
6 61
3 30
5 49
4 112
6 15
2 20
2 25
2 63
2 27
4 54
4 67
2 7
2 63
4 119
6 34
6 15
5 5
3 38
6 22
3 41
3 11
2 31
5 16
5 53
3 8
4 108
4 31
4 72
3 14
5 27
3 27
3 30
3 49
6 28
3 6
6 60
5 46
5 36
2 8
6 35
2 35
5 16
5 7
3 57
3 13
3 23
3 27
6 6
3 52
2 26
4 116
6 54
6 42
4 86
6 56
6 58
5 10
5 20
3 16
3 48
2 23
6 6
2 25
6 13
3 18
2 24
5 53
3 61
3 8
6 14
3 37
5 7
5 29
3 56
6 33
3 27
4 54
5 54
2 8
5 4
5 48
4 101
6 59
5 55
6 11
6 20
4 109
5 53
4 12
3 47
5 63
2 12
6 11
2 61
4 102
5 4
2 21
6 57
4 107
2 53
2 7
3 20
5 48
4 67
3 61
3 51
3 28
6 30
4 91
3 42
3 42
4 40
4 28
2 60
2 3
2 32
4 117
3 26
4 99
5 51
5 4
3 28
6 36
4 52
5 6
5 44
2 36
4 55
4 102
2 45
3 53
5 17
4 35
6 4
3 47
3 43
6 38
3 41
5 36
4 79
2 35
4 86
3 59
5 26
2 10
2 55
5 54
4 77
3 62
4 91
6 3
2 10
2 5
3 38
5 59
3 9
6 18
3 20
5 5
5 59
5 53
5 15
3 8
4 41
4 91
3 24
4 54
3 46
6 16
6 21
5 58
6 24
6 29
2 31
5 60
3 20
6 52
2 49
5 59
2 51
2 57
5 49
5 13
3 20
4 83
5 47
5 7
5 57
6 33
5 18
2 47
5 6
4 90
5 11
2 13
2 11
4 109
5 3
6 17
2 16
4 116
2 44
3 54
2 6
2 37
4 96
6 51
3 60
3 52
4 94
4 58
2 61
4 103
3 41
3 3
3 4
3 9
5 46
2 24
5 10
6 61
6 26
4 109
6 25
6 32
4 112
6 28
5 49
6 55
6 6
4 88
2 13
3 42
3 10
2 22
2 2
2 39
3 43
2 62
2 5
3 47
5 17
2 38
2 57
3 36
2 28
5 60
2 36
6 13
5 22
3 5
6 44
4 36
2 14
5 36
2 5
3 21
2 42
3 15
5 9
6 1
5 49
5 32
6 35
4 43
2 53
5 3
4 79
3 12
4 100
5 37
5 52
4 23
2 29
6 20
6 41
2 9
2 4
2 11
5 12
5 13
5 46
3 36
6 50
4 87
3 17
2 27
4 64
6 36
4 3
2 58
4 73
4 28
6 39
3 22
2 27
6 60
2 59
6 56
5 49
4 10
4 43
3 17
2 18
2 19
2 33
4 121
6 20
5 28
6 24
6 18
6 35
4 3
3 33
4 100
3 5
4 33
4 77
6 13
3 1
4 125
2 55
3 8
5 38
3 54
5 10
6 14
4 126
2 17
6 55
4 109
5 22
3 62
5 5
2 28
3 53
2 18
2 17
3 50
5 47
5 46
2 6
2 38
5 5
4 79
5 60
6 44
2 18
6 37
5 13
4 47
4 30
4 83
6 35
4 48
6 46
5 52
2 51
2 61
6 20
4 75
5 51
3 60
3 56
3 56
4 1
5 44
5 28
4 51
6 62
4 105
3 4
4 80
2 26
6 35
2 18
2 45
2 20
4 109
2 6
4 64
4 59
4 13
6 28
3 25
4 6
3 31
3 62
2 28
6 58
6 50
5 9
6 51
2 33
6 46
6 16
6 24
4 114
4 7
2 52
6 62
5 49
4 29
2 57
4 8
4 117
5 25
2 27
2 58
4 85
3 1
4 112
6 21
2 28
4 33
4 36
4 113
6 62
3 52
5 53
5 11
2 61
4 31
3 53
4 92
6 53
6 49
4 47
5 39
6 13
5 29
2 19
3 11
5 40
6 12
6 32
6 17
4 7
5 63
4 38
2 48
2 3
2 46
6 39
6 10
4 101
5 38
2 62
3 12
4 117
6 40
6 6
2 59
2 38
2 59
2 7
4 125
3 11
2 47
3 9
6 5
4 30
6 27
4 51
4 92
2 12
6 48
3 51
3 26
4 125
5 35
3 56
2 57
2 41
6 16
2 25
6 40
6 16
4 57
6 37
5 53
6 49
4 80
6 17
6 27
6 19
6 51
5 29
2 44
3 50
3 38
3 34
5 49
2 23
4 30
3 58
4 36
3 27
4 105
2 32
4 94
6 42
4 13
6 51
2 24
4 49
3 4
6 42
5 58
6 17
2 37
6 53
5 21
2 13
6 5
3 10
6 1
6 18
4 36
4 59
3 1
5 22
5 41
4 106
5 32
6 47
6 16
6 57
5 5
6 18
6 21
6 9
6 51
5 1
2 15
5 19
2 21
5 35
4 36
5 19
3 46
3 26
3 48
3 32
6 2
3 61
3 28
3 5
5 1
2 6
5 40
5 13
4 7
6 26
4 85
6 25
6 11
4 124
3 35
5 48
5 31
3 5
4 74
6 19
6 61
4 54
4 14
5 61
3 10
6 52
6 38
5 2
4 78
5 29
2 60
3 23
6 62
6 12
5 55
6 38
3 20
2 17
2 5
6 6
2 17
3 25
3 55
2 41
5 14
6 21
6 50
6 43
6 50
6 8
2 59
2 9
5 3
6 19
5 3
2 1
6 12
6 39
3 8
2 31
3 36
2 49
5 20
2 28
4 71
6 59
5 57
2 42
5 31
5 40
3 48
6 62
6 42
4 70
3 14
6 38
6 43
3 34
3 63
4 75
6 11
2 62
6 32
6 14
4 98
2 49
4 92
6 31
4 29
4 91
5 19
4 62
3 59
6 52
6 32
4 124
3 25
6 22
5 62
4 81
4 72
2 16
6 1
5 52
2 50
3 21
4 46
5 24
5 39
4 93
5 15
5 34
2 62
2 50
3 57
2 42
3 40
2 20
3 44
6 31
5 55
2 50
2 31
2 5
4 116
3 39
4 124
3 11
6 48
2 11
2 33
2 45
6 53
3 43
6 4
6 9
5 27
5 48
4 17
2 34
6 13
3 44
6 14
6 38
3 6
4 58
3 53
6 1
6 21
2 36
3 29
3 6
6 43
3 19
2 47
5 28
5 62
4 83
3 26
4 61
6 27
5 46
6 33
4 11
4 15
5 6
6 49
3 33
6 20
6 35
