239753794 5185 937
S 3932 5019 5020
M 152 163 179
S 7465 7681 7682
S 5345 6178 6179
S 4715 5563 5564
M 2354 2334 2394
S 506 580 581
S 3477 3547 3548
S 3888 4174 4175
M 1108 1083 1238
S 2322 2755 2756
M 1886 2000 2012
S 4842 5707 5708
S 2602 2731 2732
S 894 901 902
S 566 591 592
M 5734 5785 5997
M 7460 7270 8098
M 3481 3811 3854
M 1742 1969 2063
M 6770 6046 7775
M 2943 3169 3320
M 4338 4722 5246
S 1232 1265 1266
M 4216 5356 5485
S 3949 4102 4103
S 5446 5792 5793
S 854 877 878
M 5625 7413 7593
M 4045 4613 4714
S 5143 7115 7116
M 15 16 24
S 3590 3640 3641
S 1026 1030 1031
M 1256 1050 1325
M 2359 2310 2490
S 3646 4110 4111
S 1728 1786 1787
M 5688 5927 6654
S 2761 3403 3404
M 2674 3356 3597
S 4492 4542 4543
S 830 1138 1139
M 4543 5703 5914
S 291 345 346
M 2418 2160 2492
M 1189 1113 1205
S 2157 2329 2330
M 3439 2648 3611
M 1132 1418 1734
M 4479 4768 4978
M 4070 3346 4306
S 6514 7136 7137
S 3670 3672 3673
S 7501 7542 7543
S 43 55 56
M 2411 2741 2988
S 7878 8199 8200
M 1718 1825 1870
S 7494 7669 7670
M 1295 877 1457
S 6857 7293 7294
S 6993 7830 7831
S 1805 2607 2608
M 3193 3148 3341
M 2844 2903 3023
M 3110 3431 3498
S 544 567 568
S 4404 5125 5126
S 1896 3075 3076
S 4698 5290 5291
M 1571 1238 1579
S 4782 5425 5426
S 6667 6678 6679
S 1060 2207 2208
M 5867 7749 8169
M 202 193 219
M 5695 8075 8293
M 1009 1018 1165
M 4231 3783 5017
S 6075 7400 7401
S 2097 2156 2157
M 7597 6916 7683
S 998 1178 1179
M 5348 5264 6278
M 4926 4965 5048
M 4209 3832 4604
S 5433 6075 6076
M 5540 4977 6008
S 7449 7547 7548
S 1451 1458 1459
S 1897 2153 2154
S 4908 6104 6105
S 1297 1580 1581
S 4893 5119 5120
S 5369 5472 5473
M 2693 2797 3441
S 6927 7028 7029
M 2843 3019 3336
S 6276 6355 6356
S 2395 2435 2436
S 4781 4882 4883
M 6725 6201 7591
S 663 696 697
S 2140 2212 2213
M 3295 2627 4113
S 6846 7320 7321
M 6973 6765 7099
M 5183 6197 6606
M 5515 5580 6068
S 1614 1724 1725
M 5930 3985 6091
S 7614 7722 7723
M 2601 2556 2659
S 2584 2930 2931
M 3598 4262 4349
S 3945 4023 4024
S 2484 3476 3477
S 7217 7406 7407
S 1872 1914 1915
S 6012 6976 6977
S 2975 3382 3383
M 7463 6807 7466
M 1308 1810 2083
S 1051 1059 1060
S 3886 4354 4355
S 5617 5675 5676
M 1621 1663 1702
S 5973 6565 6566
S 2153 2267 2268
M 7817 7545 7947
S 4167 4471 4472
S 2105 2395 2396
S 1880 2269 2270
S 7063 8148 8149
S 6800 6821 6822
S 2948 3221 3222
S 6819 8106 8107
S 5813 5823 5824
M 2868 3618 4044
S 6257 6304 6305
M 5763 6387 6659
S 4163 4605 4606
M 4377 4511 4781
S 2095 2217 2218
M 2727 2784 3014
M 6123 5864 6836
S 6002 6154 6155
S 5602 5773 5774
S 5046 5787 5788
S 4444 4540 4541
S 1976 1998 1999
S 239 260 261
M 490 433 502
S 3910 4848 4849
S 96 123 124
S 1187 1188 1189
M 1706 1801 1839
S 6170 6879 6880
S 6949 7004 7005
M 6522 6552 7991
S 6191 6520 6521
S 3522 5000 5001
S 2777 2896 2897
S 4300 5713 5714
S 2435 3000 3001
M 5156 4639 5503
M 562 384 586
M 4508 4090 5518
S 786 1073 1074
S 3464 3501 3502
S 1694 1823 1824
S 1378 1572 1573
M 3239 2471 3440
S 4027 5218 5219
S 575 772 773
M 305 306 312
M 739 989 990
M 355 484 494
S 6371 6785 6786
S 6366 6427 6428
M 2565 2514 2636
S 2100 2190 2191
M 1901 1985 2057
M 3453 4559 4615
S 2866 3234 3235
S 6138 6773 6774
M 4868 6086 6792
S 5074 5081 5082
S 949 1227 1228
S 4940 5292 5293
S 4564 7578 7579
S 172 177 178
S 426 427 428
M 6347 6020 6559
S 3662 4004 4005
M 4051 3237 4117
S 3145 3516 3517
M 4430 5916 5918
M 3567 4057 5757
S 7227 7303 7304
M 3701 3857 3947
M 2841 2982 3278
S 5634 7177 7178
S 4326 4787 4788
S 4312 4770 4771
S 527 563 564
S 1146 1277 1278
S 3250 6000 6001
S 3566 4846 4847
S 2875 4743 4744
S 1837 1850 1851
S 6750 7009 7010
M 4606 4253 4712
S 6415 7408 7409
M 1351 1141 1665
M 5533 5519 5840
S 5676 5885 5886
S 2370 3085 3086
S 5329 6676 6677
S 874 887 888
M 6070 6313 6350
M 1315 2540 2694
M 4419 5823 5894
S 5603 7645 7646
S 2961 3483 3484
M 4565 4431 4742
S 4195 4826 4827
M 538 399 557
M 250 268 283
M 3612 3553 3790
S 803 1225 1226
S 6783 6938 6939
S 4205 6680 6681
S 731 830 831
S 389 508 509
M 135 138 142
S 6871 7111 7112
S 6577 6848 6849
M 2551 3132 3178
S 5772 6846 6847
M 4749 5088 5597
M 2141 1979 2304
S 3525 4227 4228
S 1438 1454 1455
M 3322 2021 3661
M 2057 2426 2628
M 4894 4343 5256
S 7883 8022 8023
S 3135 4154 4155
M 3040 3881 4198
S 3957 4423 4424
S 5172 5965 5966
S 840 966 967
S 142 148 149
M 7176 6424 7546
M 3128 3052 3168
S 5752 7480 7481
M 2791 2241 2848
M 145 209 228
M 1547 1730 1924
M 738 747 804
S 5041 5588 5589
M 257 265 281
S 1030 1120 1121
S 1493 1546 1547
M 4520 4831 5146
M 7003 6851 8138
M 4676 4814 5262
S 8032 8124 8125
S 683 1654 1655
S 5575 6601 6602
S 8225 8237 8238
S 343 378 379
M 3488 3199 3495
S 8088 8283 8284
M 990 875 1035
S 2173 2215 2216
S 2112 2453 2454
S 7499 7805 7806
M 1844 1601 2058
M 6479 4819 7814
M 4656 4391 4825
S 6048 6443 6444
M 6301 5941 7173
M 6114 3946 6431
M 6638 6548 6984
S 1793 1835 1836
M 3370 4335 4796
S 3072 4453 4454
S 6053 7169 7170
M 3551 3177 3664
M 7230 7372 7397
M 4271 4040 4467
S 4203 5887 5888
S 1474 1766 1767
M 6380 7898 8230
S 7455 7469 7470
M 3387 3328 3929
S 6872 7446 7447
S 5604 5952 5953
S 851 1151 1152
M 3479 2825 3639
S 285 359 360
M 6497 6404 6605
S 6080 6861 6862
S 1779 2026 2027
M 2798 1862 2919
S 720 721 722
M 4379 5259 5361
M 4739 5415 5927
M 5398 4713 6229
M 1681 1743 1807
S 641 694 695
S 1485 1527 1528
S 3657 4719 4720
S 4837 5475 5476
S 3183 3271 3272
M 5848 6692 6793
M 3706 3599 3934
S 3198 3265 3266
S 6263 6291 6292
S 5099 5268 5269
S 5859 6715 6716
S 5160 6016 6017
S 1384 1548 1549
S 1470 1754 1755
M 3882 3140 4353
M 4919 4117 5024
S 1516 1551 1552
M 735 847 926
M 5905 6598 6652
M 726 829 889
S 7745 8082 8083
S 3420 6060 6061
S 7466 7690 7691
S 680 840 841
S 4269 4457 4458
S 5460 5508 5509
M 2147 2312 2381
M 2457 1670 2548
S 5826 5850 5851
S 6747 6968 6969
S 9 10 11
M 3719 1778 4578
S 1362 1376 1377
S 716 924 925
S 3150 3553 3554
M 4451 4616 4668
M 2773 2768 2864
M 669 937 947
M 3066 4628 4753
M 1181 1465 1556
S 3114 3211 3212
S 3391 3759 3760
S 2062 2657 2658
M 602 614 664
S 667 708 709
M 4089 3637 4188
S 3081 3551 3552
S 95 97 98
M 3205 3955 3983
M 596 713 767
S 453 660 661
M 64 50 72
S 6314 6618 6619
M 3902 4302 5103
S 4556 4592 4593
S 3539 5625 5626
M 5486 6258 6284
S 655 687 688
S 7161 7372 7373
S 370 405 406
S 4408 5641 5642
S 4874 5183 5184
S 1677 2319 2320
M 2557 2716 2835
S 293 318 319
M 534 495 543
M 4945 5139 5489
M 1029 1084 1185
M 4799 4672 4836
M 1499 2660 2793
M 1271 1270 1663
M 7516 6477 7731
S 1300 1413 1414
M 7033 6245 7652
M 2808 2776 2900
M 7209 4418 7804
M 1353 1337 1383
M 1995 2060 2409
M 806 797 920
S 3774 4002 4003
M 2537 3597 4076
M 5390 5080 5766
M 4127 4100 4170
M 799 908 1017
S 2663 2675 2676
S 4952 5685 5686
M 8101 6405 8120
S 1574 1598 1599
S 2189 2277 2278
M 1786 1533 2111
M 4973 6458 6739
S 4767 5335 5336
S 1726 2126 2127
M 4487 4513 6217
S 4421 5581 5582
S 4889 4994 4995
M 1322 1556 1674
S 2176 2347 2348
S 5149 6239 6240
S 5169 6776 6777
M 5170 6722 7599
S 3509 4201 4202
M 3242 3126 3329
S 1397 1647 1648
S 4985 5362 5363
M 6292 5711 6517
M 2348 2618 3286
M 2905 2971 3373
M 5039 5471 5872
S 1934 3452 3453
S 3837 4351 4352
M 3442 3175 4628
S 1511 2265 2266
M 3526 4482 4669
S 4458 4959 4960
M 3839 2974 3949
M 2898 2755 2908
M 4963 5402 5879
M 8056 7992 8090
M 837 763 863
M 1529 1343 1607
M 6119 5405 7498
M 4770 6992 7415
S 2941 3344 3345
S 7266 8044 8045
S 3416 3426 3427
S 1683 2504 2505
S 1136 1553 1554
S 5661 6482 6483
M 5372 5117 5932
S 568 602 603
S 88 120 121
M 2916 3026 3028
S 7584 8066 8067
S 1993 2066 2067
S 4292 4656 4657
S 3245 3887 3888
S 6817 6840 6841
S 4286 4930 4931
S 5332 5349 5350
M 902 1059 1131
M 5393 4717 5396
M 6665 6399 6694
M 1521 1464 1686
S 6942 7233 7234
S 2771 2858 2859
S 1326 1904 1905
S 4777 5535 5536
M 5000 4160 5059
S 2748 2824 2825
M 1119 1312 1324
M 7363 7229 7416
M 3685 4873 5111
M 4872 4285 4886
M 1526 1361 1642
S 363 381 382
S 552 553 554
S 2249 2449 2450
S 6095 6838 6839
S 5313 7196 7197
S 4247 5109 5110
S 28 41 42
S 959 1220 1221
S 3012 3821 3822
M 4001 4764 4881
S 2805 3513 3514
S 5790 6148 6149
S 7970 8004 8005
M 2420 1941 2555
S 6217 6726 6727
S 6934 7736 7737
S 7305 7471 7472
M 6518 8020 8108
S 810 996 997
S 2437 2775 2776
S 1298 1703 1704
S 706 903 904
M 1069 1070 1214
M 518 514 597
S 3686 5054 5055
S 6633 6869 6870
S 3233 4872 4873
S 812 1570 1571
S 1910 2389 2390
M 4830 4870 4890
S 6760 6842 6843
M 2552 2902 3055
S 2190 3201 3202
M 2911 2782 2974
S 2605 2687 2688
M 4255 4466 4891
M 3086 2856 3258
M 6511 6610 7124
M 3967 4133 4369
S 313 365 366
M 1122 1247 1424
M 7157 5639 7298
M 6837 5908 6978
M 3041 2987 3084
M 129 128 134
S 4640 4650 4651
S 3124 3750 3751
S 2835 2842 2843
S 3095 3143 3144
M 4927 4360 6651
M 74 110 117
S 4447 5971 5972
S 31 32 33
M 4397 4747 5040
M 3843 3517 3884
M 5312 5741 6666
S 3565 4972 4973
S 2836 3015 3016
M 2979 3048 3377
M 5721 6021 6279
M 71 70 79
M 4828 4448 5074
M 5354 5302 5857
M 5873 6588 6949
S 5467 5539 5540
M 4038 3709 4146
S 715 832 833
S 4560 4588 4589
S 2313 2844 2845
S 1279 1420 1421
M 2169 2412 2654
S 6549 7085 7086
S 3491 3544 3545
M 4550 3979 4815
S 2274 2306 2307
S 3418 3442 3443
S 2650 3824 3825
S 5546 7631 7632
S 2657 2846 2847
M 6963 6398 7119
S 4895 6081 6082
S 3942 4813 4814
M 2666 4354 5574
M 1839 1517 1925
S 6965 7239 7240
S 7263 7499 7500
S 6860 7725 7726
S 6309 7100 7101
S 2931 3179 3180
S 977 1129 1130
S 5568 5745 5746
M 1255 1383 1408
S 4775 6392 6393
M 520 577 630
S 5904 6321 6322
S 1463 1585 1586
S 272 287 288
M 460 583 598
S 1856 2005 2006
S 5268 5387 5388
S 5222 7585 7586
M 1329 2315 2327
S 2440 2938 2939
S 146 164 165
S 2059 2546 2547
S 5286 5337 5338
M 3580 4652 5436
S 3992 6128 6129
S 3067 3213 3214
S 2036 2088 2089
M 7358 7231 7519
M 178 225 305
S 6215 6920 6921
S 3672 3810 3811
M 7247 7565 7861
S 5430 6713 6714
S 2508 2876 2877
S 3568 3602 3603
S 4443 4511 4512
M 1882 1769 1900
M 5664 5849 5853
S 1294 1374 1375
M 1900 2617 2808
M 2443 2369 3128
S 3627 3889 3890
S 6376 7484 7485
S 3206 3246 3247
M 6165 5879 6363
M 5490 5219 5608
S 1123 1521 1522
S 741 879 880
S 1005 1249 1250
S 3283 3635 3636
S 3170 3742 3743
S 1324 1366 1367
S 1659 2431 2432
M 2759 2851 2960
S 7368 7734 7735
S 6631 7495 7496
M 5964 6037 6318
S 4480 4923 4924
M 5052 4879 5151
S 2879 3557 3558
S 2223 2363 2364
S 6480 6885 6886
M 2752 2317 2959
S 689 820 821
M 6618 5349 7522
M 13 5 14
S 6603 6804 6805
M 1794 1448 1804
M 5599 5512 5797
S 2561 5030 5031
M 6947 6599 7095
S 2609 3048 3049
S 4067 4341 4342
S 4370 4934 4935
M 3024 3017 3070
S 3577 3595 3596
S 2117 2148 2149
S 232 250 251
S 7863 8185 8186
S 342 357 358
M 3920 3831 5414
M 2255 1739 2261
M 1457 1291 1493
M 6809 6457 7277
S 766 768 769
S 1660 2521 2522
S 3765 4182 4183
S 3085 3633 3634
M 3298 3238 3308
M 8111 7659 8201
S 4724 5754 5755
S 6001 6992 6993
S 2198 2879 2880
M 368 393 404
M 4455 5024 5027
S 3485 4129 4130
S 1937 1940 1941
S 11 15 16
M 3499 2292 3560
M 1306 1372 1427
M 97 59 104
M 6546 6068 7428
S 5027 6077 6078
S 4073 4083 4084
S 2273 2367 2368
S 5370 5439 5440
S 1841 2060 2061
S 4690 5215 5216
S 182 184 185
M 3269 3190 3437
M 6353 5611 6833
M 1496 1405 1516
S 2399 2820 2821
M 2336 2933 3052
S 5504 5923 5924
S 6918 7187 7188
S 1246 1479 1480
S 4748 6120 6121
M 4310 4651 4807
M 5150 5716 5776
S 398 622 623
M 267 397 452
S 6010 6526 6527
M 3451 3664 3800
S 3465 3779 3780
M 422 452 467
M 507 637 670
M 6223 6547 6828
M 4956 4859 5555
M 150 132 152
S 4962 6203 6204
S 869 871 872
S 1519 2271 2272
S 3001 3371 3372
S 3934 4526 4527
M 744 796 937
M 1548 1510 1569
S 6391 7268 7269
M 1984 2319 2561
M 254 224 278
S 3117 3183 3184
S 2984 4323 4324
M 3510 3125 3583
M 5004 4621 5469
M 2908 2712 2966
M 3228 3667 3689
S 153 155 156
S 5203 5454 5455
S 2174 2984 2985
S 6214 6225 6226
M 4697 5023 5113
S 2379 2383 2384
M 4034 4177 4187
S 5363 5979 5980
S 2625 4775 4776
S 2998 3018 3019
S 358 374 375
M 1480 1171 1728
S 4125 4249 4250
S 4411 4966 4967
M 2774 2714 2958
S 1708 1837 1838
S 6879 8000 8001
S 5287 5821 5822
M 3020 3127 3809
M 7511 7102 7842
S 2534 2822 2823
S 4474 4884 4885
S 1831 2514 2515
S 770 788 789
S 2630 2764 2765
M 438 565 584
S 7391 8187 8188
M 2917 3310 3433
M 7570 6880 7668
M 7183 7475 7665
S 2620 2805 2806
S 939 1002 1003
S 5058 5132 5133
S 6705 6855 6856
S 4046 4133 4134
S 541 544 545
S 2368 2611 2612
S 7073 7573 7574
S 6763 7553 7554
M 4849 3004 4905
S 7452 8204 8205
S 2051 3192 3193
S 6922 7074 7075
M 1148 1159 1224
S 3241 3337 3338
S 2638 2836 2837
M 4525 6450 6994
S 3475 3939 3940
S 1117 1396 1397
S 6525 7475 7476
S 6279 6433 6434
S 3750 3877 3878
M 4509 4729 4752
M 327 323 380
S 5534 5729 5730
M 4351 5928 6876
M 6169 6420 6426
M 4855 5256 5482
M 553 558 634
S 1701 1942 1943
S 4558 6942 6943
S 4493 5175 5176
M 4422 4486 5039
S 2251 2423 2424
S 3645 3652 3653
S 4469 6329 6330
M 1154 1191 1216
S 451 476 477
S 1766 2724 2725
S 4635 5399 5400
M 2718 4084 4607
M 3569 4088 4867
S 2135 2254 2255
S 6454 7565 7566
S 2679 3118 3119
M 3694 3347 3747
M 7864 7680 8109
M 6708 6654 7667
S 2883 3007 3008
S 4584 7022 7023
M 1348 1410 1426
M 5652 4869 6801
M 4456 4107 4614
S 3461 5446 5447
S 3594 3912 3913
S 5431 6247 6248
M 6112 5732 6391
S 4384 5105 5106
M 1783 2296 2977
M 5233 5394 5506
S 7084 7844 7845
S 404 413 414
S 83 92 93
M 5125 5846 6073
S 289 367 368
M 2731 2224 2901
S 4792 4799 4800
M 2108 1887 2118
S 1557 1764 1765
S 4746 5637 5638
M 3515 4668 4942
M 3904 3444 4513
M 1015 872 1027
S 4970 5050 5051
S 7394 7429 7430
S 3248 3374 3375
S 3545 3581 3582
M 2922 3720 3808
S 6287 6718 6719
M 2331 1851 2343
S 2915 3060 3061
M 1396 923 1402
S 1818 2316 2317
M 2050 2182 2209
M 175 234 255
S 66 70 71
S 4136 4386 4387
M 5690 5605 7964
S 4187 6198 6199
S 4807 6871 6872
S 4233 4516 4517
S 1939 2993 2994
M 3380 4009 4419
M 395 446 470
S 5414 6087 6088
S 3365 3499 3500
S 1436 1690 1691
S 4460 4547 4548
M 56 116 122
S 1713 2069 2070
S 7541 7660 7661
S 3632 3920 3921
S 5984 6734 6735
S 838 1494 1495
S 1840 2023 2024
S 7064 7436 7437
M 7107 4266 7992
S 4306 4631 4632
M 6969 6842 7150
S 2711 3566 3567
M 7370 7480 7549
M 2278 2564 2593
S 563 573 574
S 7006 7300 7301
S 6885 7209 7210
S 6811 8088 8089
S 5336 5911 5912
S 6430 6781 6782
M 3149 3188 3485
S 5988 6398 6399
S 255 323 324
S 3587 4138 4139
S 7113 7771 7772
M 3971 6299 7013
M 3247 2928 3269
S 4149 4194 4195
M 6401 6164 7913
M 300 246 341
M 1653 1885 2014
M 6733 7050 8257
S 5456 6912 6913
M 3583 4576 4609
S 436 497 498
M 5469 4854 5481
M 2533 2415 2627
S 4913 5156 5157
S 4388 4407 4408
M 29 12 31
S 3060 3631 3632
M 8091 5958 8211
M 779 889 1202
M 751 769 816
M 7658 7969 8091
M 7679 6858 8194
M 5572 5529 5583
S 3648 4910 4911
S 4050 4396 4397
M 2573 2724 2794
S 1721 2113 2114
M 6606 7030 7286
S 5089 5551 5552
S 1782 2053 2054
M 940 848 963
S 208 276 277
S 1622 1709 1710
S 5362 5575 5576
S 954 976 977
S 3092 3541 3542
S 3200 3768 3769
S 6749 6812 6813
M 3319 3424 3840
S 1414 1645 1646
S 7272 7275 7276
M 1219 1641 1778
S 1200 1236 1237
S 941 964 965
S 4106 6235 6236
S 2675 3082 3083
M 5343 5335 5789
M 5118 4649 5406
M 5201 5087 5231
S 3951 4325 4326
S 1514 1525 1526
S 6241 6364 6365
M 4568 4773 5114
M 6315 4918 6893
S 3760 3963 3964
M 1675 1538 1996
M 1748 1771 1860
S 7409 7673 7674
S 375 444 445
S 2704 4070 4071
S 186 229 230
S 4346 5671 5672
S 1751 1951 1952
S 6345 6475 6476
M 3297 3197 3305
M 261 304 369
S 3705 3986 3987
M 4148 4279 4336
M 6784 7369 7575
S 787 795 796
S 7601 7984 7985
S 5886 5907 5908
S 6656 6770 6771
M 7213 6249 7582
S 2371 2433 2434
S 2261 2294 2295
S 5381 6899 6900
M 7594 7897 8223
M 4396 4582 4601
S 4476 6373 6374
M 4143 3537 5100
S 5835 6192 6193
S 3225 3786 3787
M 1380 1235 1425
S 1022 1320 1321
S 4538 4625 4626
S 3071 3655 3656
S 765 797 798
M 6542 6839 6875
S 442 551 552
M 4537 3231 5322
S 610 763 764
S 6190 7065 7066
M 6685 6339 8078
M 409 439 512
M 3586 4677 5457
M 6321 6154 6465
S 6874 7091 7092
M 415 421 422
S 4735 5248 5249
S 2722 3522 3523
M 2999 2756 3177
M 5521 5524 6189
S 2897 4049 4050
M 1507 1668 1721
S 160 170 171
S 485 517 518
M 5307 5245 5866
S 5111 5981 5982
M 5914 7682 7865
M 2621 2467 2653
S 7337 7398 7399
M 561 1260 1275
M 819 685 825
M 536 530 571
M 98 81 101
S 3908 4804 4805
S 4696 7326 7327
S 5824 6536 6537
S 1439 1756 1757
S 1928 2372 2373
M 5566 5841 5920
M 5637 5798 6042
S 7245 7600 7601
S 592 595 596
S 5035 5237 5238
S 4173 4802 4803
M 3087 2806 3191
M 2578 3803 4078
S 4759 5718 5719
S 5563 6345 6346
S 6560 8167 8168
M 6097 6659 7198
S 6891 7374 7375
M 3300 4174 4806
S 4467 4658 4659
S 5744 6066 6067
M 141 221 222
S 264 268 269
S 1893 2034 2035
M 2143 1964 2158
S 3954 4503 4504
S 616 778 779
S 6987 7134 7135
M 4951 4774 5060
S 454 490 491
S 6254 6831 6832
M 2230 2445 2594
S 5735 6211 6212
M 3710 3734 3797
S 4679 5280 5281
S 2705 3356 3357
S 5140 5442 5443
S 3279 3916 3917
M 2113 2006 2289
M 3207 3593 3665
M 5338 4245 5520
M 1830 1638 1873
S 2918 3181 3182
S 6350 6824 6825
S 1685 1805 1806
S 2474 2480 2481
S 1850 2581 2582
S 508 612 613
S 5248 5430 5431
M 3797 3620 4022
M 30 35 36
S 6948 8145 8146
M 2587 2532 2622
M 4684 4238 4817
M 4154 3925 4211
S 3084 4549 4550
S 1541 1926 1927
S 3077 3079 3080
M 2543 2184 2758
M 698 1033 1079
M 2799 3055 4242
S 4318 4514 4515
S 3448 3707 3708
M 5330 5198 5493
S 795 808 809
S 2815 3159 3160
S 5593 6255 6256
S 235 240 241
M 7857 7709 7999
S 7448 8173 8174
M 2746 1691 2753
S 6930 7387 7388
S 918 1107 1108
M 1196 1364 1395
S 3404 3669 3670
S 47 53 54
S 2025 2869 2870
M 2404 2515 2730
M 364 362 400
S 814 895 896
S 660 784 785
S 3704 4007 4008
S 2676 3046 3047
M 2132 2451 2621
S 1049 1069 1070
S 5290 5465 5466
M 139 114 151
S 1532 1666 1667
M 4481 4727 4961
S 5830 5841 5842
M 759 644 838
M 571 580 585
S 2421 3324 3325
S 1469 2115 2116
M 4164 4682 6288
S 6451 6453 6454
M 861 867 1229
S 2661 2865 2866
S 3585 4079 4080
S 84 90 91
S 6110 6382 6383
S 2842 3279 3280
M 515 489 523
S 1527 1563 1564
S 809 1511 1512
S 617 746 747
M 2642 2013 2701
S 4528 6647 6648
S 5454 5942 5943
M 2433 2078 2543
S 6192 6207 6208
M 4327 4075 4684
S 5569 6492 6493
S 2794 3354 3355
M 6111 7158 8207
M 5193 6532 7653
S 2247 2840 2841
S 5234 5421 5422
M 598 849 935
S 4103 5437 5438
S 4135 4975 4976
S 277 285 286
S 662 729 730
M 5176 4218 5217
S 5985 6164 6165
S 4390 5504 5505
S 3296 3347 3348
S 2910 3154 3155
M 7276 7795 8096
S 2398 2403 2404
M 5227 4571 5930
S 24 37 38
S 3492 4040 4041
S 2070 2246 2247
S 5630 5737 5738
S 4234 4794 4795
M 857 929 989
M 3611 3875 3943
M 1594 2130 2202
M 4276 5026 5049
S 1921 2195 2196
M 6571 6017 6691
M 5667 4691 5837
M 4979 7126 7620
S 3846 3981 3982
S 4885 4897 4898
S 4122 4444 4445
S 1021 1043 1044
S 3221 3263 3264
M 237 229 239
S 5623 5921 5922
S 1502 1746 1747
M 53 38 59
M 4080 4504 5236
M 6329 6072 6402
S 334 347 348
S 7101 7305 7306
S 772 1332 1333
M 2026 2046 2393
M 1307 1963 2059
M 344 376 420
S 4619 5121 5122
S 3993 4834 4835
S 1636 2184 2185
M 6753 5776 8157
M 3113 3050 3287
S 7823 7876 7877
S 4665 5643 5644
S 298 387 388
M 2589 3320 3376
S 5938 7422 7423
M 1274 1231 1310
M 1697 1695 1740
S 6718 6740 6741
S 859 1200 1201
S 6604 6657 6658
M 4061 4018 4474
S 502 618 619
M 3142 2757 3257
S 1406 1471 1472
M 3773 3751 3778
S 5689 5895 5896
M 2096 2817 2861
S 222 244 245
M 6793 6136 7096
M 1120 1102 1160
S 3755 3937 3938
S 2857 2978 2979
S 2408 2664 2665
S 6135 6263 6264
S 6147 6223 6224
S 4093 4854 4855
M 5350 5081 5410
S 3243 3914 3915
M 6124 5977 6555
S 3203 3398 3399
S 2217 2370 2371
S 1966 1967 1968
S 1166 1354 1355
S 1640 1976 1977
M 6856 6316 7044
M 4299 4709 4786
S 4939 5579 5580
S 5315 6814 6815
S 1000 1011 1012
S 5002 5319 5320
S 1048 1077 1078
S 1244 1330 1331
M 4888 6684 6721
S 1185 1234 1235
S 7 12 13
M 6122 6118 6614
S 5031 6400 6401
S 2068 2074 2075
M 6990 7220 7604
M 1940 1913 1945
M 2986 2871 3402
S 3748 4179 4180
S 4068 4388 4389
S 1391 1879 1880
M 1954 1977 2173
M 3634 3405 4265
M 1028 1386 1403
S 3543 3882 3883
S 5289 5618 5619
M 337 324 373
M 5808 3917 5838
S 7397 7649 7650
S 3691 3757 3758
M 2084 2199 2241
M 1217 1227 1440
M 3189 4168 4254
S 5442 6438 6439
M 6951 7406 7817
S 1647 1842 1843
S 4132 4779 4780
S 5962 7270 7271
S 1275 1592 1593
S 1072 1305 1306
S 318 438 439
S 3821 4243 4244
S 2970 3844 3845
S 5357 5553 5554
S 4192 5496 5497
M 5535 6426 6934
M 1462 2439 2440
S 2681 3489 3490
S 87 99 100
S 1724 1798 1799
M 1207 1160 1313
M 3536 2707 3648
S 3083 3132 3133
S 5809 6972 6973
S 590 826 827
M 5691 6962 7640
S 6208 7980 7981
S 7606 8099 8100
S 906 952 953
M 6605 7359 7907
M 2151 2685 2779
S 335 338 339
M 2475 2142 2545
S 6323 7718 7719
S 109 111 112
S 4081 4451 4452
M 5991 4488 6037
S 4687 5149 5150
S 6425 7314 7315
S 7181 7324 7325
S 883 1020 1021
S 703 961 962
S 2034 3064 3065
S 832 983 984
S 7429 7763 7764
S 2582 2851 2852
S 7781 8294 8295
S 570 823 824
S 5543 5650 5651
S 4680 6552 6553
M 173 185 212
S 3211 5568 5569
S 2753 3294 3295
S 3733 4381 4382
M 4632 5204 5226
S 4383 4576 4577
S 4423 4554 4555
S 3697 3932 3933
M 1877 2242 2425
M 1010 1035 1215
M 3330 3111 3644
S 973 1039 1040
S 2480 2484 2485
M 7000 7454 7487
M 811 1394 1411
S 1047 1261 1262
M 4349 3826 5154
S 5166 5462 5463
S 7089 7120 7121
S 7639 7971 7972
S 1512 1638 1639
S 4809 4894 4895
M 1197 1061 1820
M 4109 3379 4118
M 523 479 542
M 3215 3068 3482
S 3390 7457 7458
S 403 457 458
S 2846 2936 2937
S 511 528 529
S 5378 5572 5573
S 2580 3205 3206
S 3434 3864 3865
S 2268 2471 2472
S 604 1013 1014
S 1817 2038 2039
S 5965 6488 6489
M 1579 732 1652
S 4369 4538 4539
S 472 478 479
M 3700 3263 3761
M 4618 3138 4797
S 5762 5806 5807
M 2071 2024 2137
M 567 822 864
S 6386 6905 6906
M 4673 4925 5078
M 1875 2116 2117
M 757 800 817
M 6755 7055 7070
S 7110 7629 7630
M 5981 6273 6589
M 6045 6055 6668
M 1892 1916 1939
S 6693 7360 7361
M 2795 3023 3124
M 3503 3738 3859
S 7195 7266 7267
M 6281 6533 6935
S 1058 1125 1126
M 3122 2914 3604
S 5998 6864 6865
S 710 774 775
M 7965 7264 8248
S 4996 5177 5178
M 6482 5795 6889
S 303 325 326
S 4176 6783 6784
M 6558 7592 8032
S 5135 7199 7200
S 8054 8068 8069
S 5796 6799 6800
M 587 642 673
S 2781 3454 3455
M 3938 3036 4026
S 2511 3390 3391
M 5726 5774 5775
M 4566 4627 4701
S 1634 2138 2139
S 634 691 692
S 5462 5880 5881
M 5861 4905 5956
S 5853 5883 5884
M 546 935 978
M 4077 5243 5814
S 1494 2523 2524
S 7707 7709 7710
S 1389 1518 1519
M 3550 3212 3770
S 5686 5687 5688
M 3964 3016 4439
S 4124 4477 4478
M 482 535 538
S 5480 6250 6251
S 3070 3831 3832
M 3696 3867 3924
S 4954 5490 5491
M 4139 4033 4196
S 1259 1318 1319
M 3532 2789 3975
M 2428 3063 3129
S 597 628 629
M 6587 7784 7850
S 4517 5383 5384
M 2988 2874 3190
S 5624 6269 6270
M 7098 7489 7535
S 7934 8153 8154
M 6933 7187 7724
S 5311 6819 6820
S 5069 5096 5097
M 3411 3274 3491
S 3056 3520 3521
S 49 77 78
S 4258 6706 6707
S 5098 6528 6529
S 3358 3380 3381
M 922 1234 1368
M 8093 7687 8244
S 7912 8134 8135
S 7020 8246 8247
M 4622 4811 4909
S 6541 7433 7434
M 4671 4845 4880
S 2067 2526 2527
S 3695 3727 3728
S 7697 7792 7793
S 6474 6711 6712
M 5614 5086 5839
S 4042 4055 4056
S 802 881 882
S 3676 3956 3957
S 632 704 705
S 4987 5067 5068
S 2405 2743 2744
M 5164 5649 5711
S 3371 3719 3720
M 1450 1459 1555
M 4588 5130 5385
S 2450 2699 2700
M 4995 4110 5013
S 1891 2205 2206
S 3848 5798 5799
M 2061 1455 2366
M 2870 3417 3492
M 5520 5327 6007
S 3937 4634 4635
S 5444 5549 5550
S 4470 4531 4532
S 7400 7440 7441
M 6289 7814 8249
M 3419 3348 3488
S 4371 4680 4681
M 743 745 958
S 893 981 982
M 982 821 1164
S 4654 4956 4957
S 488 626 627
S 5489 7040 7041
S 3401 3571 3572
M 3894 3854 4792
S 2005 2128 2129
S 3958 4184 4185
S 260 266 267
S 1441 1501 1502
M 195 269 284
S 5494 5735 5736
S 5038 5275 5276
S 7014 7282 7283
M 3257 4096 4214
M 4291 4102 4489
M 5793 4933 6184
S 6063 7570 7571
S 1972 2284 2285
S 6792 7702 7703
S 1787 2106 2107
M 483 556 652
M 5677 5261 5756
S 4658 4954 4955
M 4036 3321 4064
S 4424 4446 4447
M 3860 3891 4500
S 6200 6462 6463
M 4407 4585 4816
S 6650 7897 7898
S 2016 2498 2499
S 4776 4947 4948
S 2503 2740 2741
S 2790 2887 2888
S 4930 5232 5233
M 4016 3673 4186
M 6519 7070 8222
S 681 1356 1357
S 2128 3009 3010
M 3423 3421 3618
S 7282 8092 8093
M 4491 4330 4830
S 3980 4636 4637
S 6791 7181 7182
S 3489 4612 4613
S 624 753 754
M 1375 1477 1484
M 3915 3919 4108
M 4309 4953 5993
M 2539 2213 2782
S 5126 5733 5734
S 4836 5639 5640
S 5071 6477 6478
S 5258 6979 6980
S 3877 4762 4763
M 924 818 1438
M 724 1041 1096
M 7274 4719 8195
S 6471 7641 7642
S 1046 1174 1175
S 3220 3292 3293
M 4043 4336 4925
M 7382 8066 8131
M 6899 7469 7970
S 3034 3496 3497
M 2689 2569 3176
S 5216 6045 6046
M 1645 1931 1973
M 3025 2913 3563
S 3653 4135 4136
M 6218 6272 7417
M 7431 7365 7745
S 220 270 271
M 3521 2739 3807
S 5606 5827 5828
M 3414 3402 3418
M 7720 7701 8191
S 6092 7068 7069
M 5921 6211 6379
S 7137 8058 8059
S 4415 4602 4603
M 1673 1654 1779
S 2201 2385 2386
S 2345 2486 2487
M 5635 3099 6221
S 3866 4469 4470
S 1419 1874 1875
M 350 333 370
M 1374 919 1633
M 4413 3799 4591
M 6304 5888 7008
M 4779 6152 6512
M 2713 2159 2807
S 5829 6021 6022
S 896 1428 1429
S 4909 6032 6033
S 5145 5450 5451
S 136 194 195
M 5102 5825 6098
M 774 853 866
S 2563 2916 2917
S 3249 3302 3303
M 3139 3640 3686
M 4347 4580 4789
S 784 922 923
M 5986 5175 6549
M 5365 6140 6423
S 2413 3838 3839
S 5815 6636 6637
S 3065 3106 3107
M 2129 1962 2140
S 4215 5696 5697
M 504 494 537
S 1478 1815 1816
S 4957 5516 5517
S 1927 1969 1970
S 3338 3950 3951
S 1213 1404 1405
S 6989 7227 7228
S 3641 3880 3881
M 1812 4002 4137
S 3230 3248 3249
S 3528 3740 3741
S 1292 2634 2635
S 5124 5147 5148
S 5642 6323 6324
S 2654 5731 5732
M 6661 6054 6720
M 7841 7791 7945
M 2387 3194 3254
S 3038 3363 3364
S 701 818 819
M 2069 2338 2344
S 1313 1447 1448
S 5293 5373 5374
M 5053 4593 5296
M 1198 1214 1217
M 2960 3990 3992
S 1287 1322 1323
M 3394 3054 3422
M 2892 2461 3165
S 7599 7761 7762
M 6843 5461 6853
M 5159 4981 5541
S 2462 2583 2584
S 4172 4943 4944
M 7313 7840 8014
M 7588 7557 8065
M 4156 5742 6202
M 3965 4085 5961
M 827 899 1041
S 4653 5897 5898
S 5993 6610 6611
M 3570 4314 4808
S 1643 3092 3093
S 2636 2926 2927
M 1447 1201 1664
M 8069 7862 8121
S 6494 7014 7015
M 8072 6100 8097
S 7260 7383 7384
M 3873 4498 4922
M 6902 6337 7454
S 7848 8291 8292
S 6677 6936 6937
S 6178 6245 6246
M 3163 3605 3997
M 2193 2029 2199
M 5269 5476 5815
S 5499 7507 7508
M 5246 4572 5273
M 2695 3299 3316
S 3364 3463 3464
S 3164 3461 3462
S 3833 3960 3961
S 4510 4529 4530
M 3874 5295 5411
M 4761 7045 7211
S 4013 4215 4216
S 4829 7448 7449
S 3923 4985 4986
S 3655 3725 3726
M 2594 2785 3002
M 2778 2854 3100
S 1150 1297 1298
S 2758 3561 3562
S 5775 6447 6448
M 7246 7041 7410
S 1676 1891 1892
S 1922 2102 2103
S 2807 2972 2973
M 3192 3174 3229
S 1057 1362 1363
M 6814 5502 7073
S 650 739 740
S 3659 4559 4560
S 3544 4147 4148
S 383 503 504
M 1221 1223 1373
M 45 58 60
S 4214 4234 4235
S 7389 7848 7849
S 6611 7244 7245
M 3498 3546 3891
S 687 800 801
M 5513 5754 5926
S 3847 4027 4028
M 8045 8116 8126
M 976 584 1117
S 4516 4584 4585
S 4851 4936 4937
S 3131 3450 3451
S 3575 4491 4492
S 6734 7247 7248
S 5036 7079 7080
M 1428 1334 1434
S 5277 5609 5610
S 756 875 876
M 7522 6013 7680
S 2487 2783 2784
M 3818 3739 3925
S 4545 5004 5005
S 4714 6380 6381
S 5503 5654 5655
S 6274 6311 6312
S 3693 4777 4778
S 623 893 894
M 3357 4157 5272
S 2876 3862 3863
S 4631 5061 5062
S 3610 3713 3714
M 6523 6678 7246
M 34 108 119
S 2309 2940 2941
M 673 657 718
M 2216 2482 2511
M 6284 7535 7624
M 4840 4189 4902
M 3743 4523 4693
S 5837 5860 5861
S 4259 4309 4310
M 3936 3495 4089
M 6498 6540 6961
M 5770 5380 5917
S 4409 5345 5346
S 1303 1912 1913
M 1319 1796 1916
M 2402 2603 2892
M 1740 2023 2108
M 4268 4290 4406
S 6264 6826 6827
S 6103 6663 6664
M 5255 5983 6347
S 944 959 960
M 674 788 806
M 5450 5254 5624
S 2102 2660 2661
S 4600 5270 5271
S 3635 4106 4107
S 6768 7759 7760
M 6520 5782 6558
M 3076 3105 3175
S 154 162 163
S 5306 5499 5500
M 6193 5670 6287
S 3344 4131 4132
M 1558 1758 1812
S 85 88 89
S 402 415 416
M 550 554 558
S 4771 5284 5285
S 7755 8250 8251
S 2019 2397 2398
S 6319 7515 7516
S 6938 7616 7617
M 5374 4728 5456
M 6040 4412 6577
S 1652 1752 1753
S 2265 2512 2513
S 7877 8061 8062
M 1488 1500 1523
S 2220 2286 2287
S 711 791 792
S 5253 6237 6238
S 2678 2964 2965
M 2593 2560 2617
M 4140 4121 4292
S 2745 4586 4587
S 6028 6732 6733
M 4094 4243 4643
S 7125 7221 7222
S 3721 5254 5255
S 5871 6970 6971
S 1981 1987 1988
S 4524 4574 4575
S 2885 3386 3387
S 373 417 418
S 6435 6768 6769
S 7057 7747 7748
S 1859 1871 1872
M 1017 912 1032
S 2896 3511 3512
S 1534 2051 2052
S 7200 7911 7912
M 7783 8200 8266
S 3032 3145 3146
S 3438 5397 5398
S 4275 4823 4824
S 1559 1795 1796
S 6529 7892 7893
S 3540 4677 4678
M 880 1038 1113
M 4644 4257 4648
S 3409 3431 3432
M 2272 2282 2457
S 578 587 588
M 1788 1381 1917
S 5582 7016 7017
S 627 1083 1084
M 1342 1158 1347
S 5712 6543 6544
M 5279 4567 6009
S 2383 2799 2800
S 2968 3194 3195
S 2214 2556 2557
M 190 151 215
S 6105 6130 6131
M 348 366 401
M 4375 4425 4666
M 2502 2349 2860
S 4461 6795 6796
S 1767 2252 2253
S 910 1052 1053
S 176 186 187
S 5684 5800 5801
S 474 561 562
S 5163 7284 7285
M 5740 5282 6216
M 5037 5054 5083
M 749 804 807
S 2859 2943 2944
M 2416 2562 2857
M 5671 4518 5717
S 4131 4315 4316
S 3716 5831 5832
M 7179 6512 7330
S 3547 3965 3966
M 1304 2045 2141
M 670 532 680
M 2297 2542 2597
S 5767 5845 5846
S 4295 4475 4476
M 5120 4393 5722
S 2764 3186 3187
S 589 685 686
S 5766 6765 6766
M 2079 2090 2444
M 823 1037 1106
S 635 644 645
S 7082 7157 7158
M 6251 6298 6422
S 1819 2771 2772
S 5847 7153 7154
S 3011 3252 3253
M 61 63 73
S 622 631 632
M 2098 2072 2123
M 7913 6356 7973
S 6849 6950 6951
M 1946 1950 1980
S 1703 1856 1857
S 1360 1700 1701
M 3443 3006 3473
M 6253 5822 7550
M 2125 2011 2150
S 2822 3423 3424
M 2232 2228 2321
M 5672 6524 6729
M 873 1080 1088
M 7520 6657 8015
S 4794 5741 5742
S 6732 6887 6888
M 7710 7813 7860
S 4098 4149 4150
S 1889 1937 1938
S 1205 1311 1312
S 2127 2279 2280
M 1173 1176 1195
S 5544 6213 6214
S 1103 1350 1351
M 2165 1944 2222
S 6569 6695 6696
M 5920 5445 6772
S 6584 6790 6791
S 118 192 193
M 4583 4688 4704
S 7556 8111 8112
M 6712 6099 7356
M 942 691 946
S 4744 6460 6461
S 4263 4362 4363
M 2581 3157 3163
M 5901 5013 6230
S 4229 4688 4689
S 3780 5577 5578
S 1800 2093 2094
S 4884 5070 5071
S 157 166 167
S 595 649 650
S 3508 3569 3570
M 6265 5410 6787
M 2286 2357 2378
S 4366 4568 4569
S 921 1050 1051
S 3828 4375 4376
S 2423 2838 2839
S 4857 5954 5955
M 3928 4530 5308
S 719 899 900
S 6288 6627 6628
S 3184 3474 3475
M 2544 2076 2754
S 2699 2718 2719
S 3966 4330 4331
M 2248 1822 2904
S 4521 5107 5108
S 1956 2488 2489
M 2701 1999 2796
M 2770 3334 3369
S 7729 8012 8013
M 6308 6709 7592
M 7779 7046 7967
M 3781 4313 4597
S 6354 7024 7025
S 4028 4051 4052
M 6407 7238 7241
S 1990 2785 2786
S 2528 2986 2987
M 413 574 575
M 5067 4019 5596
M 6554 7678 7894
S 4428 7520 7521
M 1425 1357 1517
M 6073 4967 6419
S 6172 6620 6621
M 677 951 1190
S 1797 1813 1814
M 3003 3307 3524
S 1734 1742 1743
M 6870 6082 7006
S 4992 5015 5016
S 881 885 886
S 5953 6927 6928
M 5468 5786 6139
S 407 532 533
M 3859 4917 5131
S 7487 8163 8164
S 7284 7544 7545
S 6495 7059 7060
S 2680 2691 2692
M 1399 1417 1456
S 839 1963 1964
S 2926 3044 3045
M 4602 6773 6896
M 73 42 85
S 7468 7695 7696
S 778 845 846
S 926 979 980
S 651 814 815
S 7921 7956 7957
S 6953 8127 8128
S 2459 2853 2854
S 560 700 701
M 3718 4410 4945
M 2839 3061 3241
S 7198 7799 7800
M 3505 3097 3826
M 6669 6543 6987
S 1834 2048 2049
S 3318 3941 3942
S 3389 5093 5094
M 6277 4998 6638
M 3386 3280 3671
S 5717 6004 6005
M 2118 2015 2468
M 6472 5731 6919
S 2977 4442 4443
S 1951 2790 2791
M 183 161 190
S 533 555 556
S 997 1006 1007
S 1738 1959 1960
S 4041 4281 4282
M 2208 2275 2768
S 3222 4072 4073
S 6246 6449 6450
M 2318 2747 2750
S 3960 7190 7191
S 528 578 579
S 2703 2707 2708
S 559 576 577
S 2126 2192 2193
S 6210 8219 8220
S 307 331 332
S 1352 1389 1390
S 3889 4013 4014
S 7534 8024 8025
M 1039 658 1042
S 7435 8165 8166
M 3841 3870 4092
M 7097 7853 8147
S 1180 1206 1207
M 6260 6675 7920
M 5705 6970 7477
S 2894 2949 2950
S 4592 5408 5409
M 32 21 35
S 280 303 304
M 2476 2717 3068
S 4071 4992 4993
S 477 549 550
S 4841 5747 5748
S 6854 7752 7753
S 1723 1876 1877
S 7418 8189 8190
M 2332 2485 2491
M 4052 4123 4398
S 1625 1848 1849
S 3159 3322 3323
S 3271 3857 3858
S 5152 6010 6011
S 1341 2310 2311
S 4993 5138 5139
S 2350 2379 2380
M 6234 4630 6303
S 5263 5412 5413
S 5804 7402 7403
M 1486 1895 1974
M 5982 5956 7509
S 3454 3855 3856
S 104 109 110
M 4726 3482 5018
S 7486 7529 7530
M 3047 2989 3137
M 4208 4591 4764
M 411 377 419
S 4740 6112 6113
M 1347 1354 1416
S 4971 7249 7250
M 5929 5880 5976
M 2361 2283 2587
M 6194 5441 6442
M 3397 3572 3876
M 4452 4594 5681
M 945 1479 1515
S 858 861 862
M 5199 4282 5393
M 6789 6956 7049
M 5781 4617 6053
S 3956 4524 4525
M 1961 2018 2097
M 6895 6104 7338
M 5495 5321 6006
S 5314 7362 7363
M 4264 4353 4409
S 3049 3237 3238
S 2367 2411 2412
S 2956 3458 3459
S 1293 1398 1399
S 5439 5949 5950
M 2464 2391 2483
S 5949 7346 7347
M 3007 2828 3074
M 2028 2163 2305
S 6780 7224 7225
S 2683 2855 2856
S 6820 7873 7874
M 100 119 128
S 4607 4754 4755
M 5267 5294 5351
M 5739 7216 7796
S 1489 1504 1505
M 4101 3813 4327
S 2477 2619 2620
S 6137 6368 6369
S 6688 7940 7941
M 290 273 306
S 5863 6532 6533
M 1710 984 1719
S 2218 2417 2418
S 1152 1758 1759
M 4982 3790 5112
S 3272 4156 4157
M 3796 3943 4229
M 3447 3768 4017
S 3665 4207 4208
S 5989 6877 6878
S 813 1409 1410
M 2382 2478 2560
S 5389 7138 7139
M 5640 5122 6508
S 2204 2237 2238
S 5105 5371 5372
S 5055 6327 6328
S 7656 8102 8103
S 3146 3147 3148
S 3608 4485 4486
S 3763 5779 5780
S 5807 6692 6693
S 130 159 160
S 353 396 397
M 1043 1133 1256
S 197 204 205
M 2122 2742 2745
S 2687 2862 2863
S 6859 7563 7564
S 5100 6802 6803
S 1542 1574 1575
S 4429 4686 4687
S 6565 6702 6703
S 5308 6172 6173
M 6133 6666 6752
S 3014 3860 3861
S 4087 4370 4371
M 1412 1610 1627
M 5700 7283 8039
M 6469 6278 6901
M 5771 6348 6408
M 1109 946 1255
M 6085 7538 7951
S 5285 5309 5310
S 2900 3736 3737
S 6156 6834 6835
S 1142 1269 1270
S 2252 2537 2538
M 7303 6644 7875
M 4006 3422 4308
S 2965 3003 3004
S 5241 5301 5302
M 6332 6813 6916
S 1442 1861 1862
M 6743 6798 7242
M 211 214 233
M 5409 5936 6302
M 6594 7419 7486
S 4972 5239 5240
S 762 786 787
S 5638 5720 5721
S 5957 6243 6244
M 971 1332 1344
S 5978 7215 7216
S 7537 8151 8152
S 606 608 609
M 4237 5323 5893
M 6626 7960 8017
S 5022 6282 6283
M 2308 2323 2871
S 4502 4654 4655
S 461 614 615
S 4126 4304 4305
S 39 57 58
S 3717 4320 4321
S 5484 6817 6818
M 892 1696 1761
S 7040 7109 7110
S 2238 2475 2476
S 3244 3528 3529
S 4858 5045 5046
M 3929 3171 4082
M 5899 5613 6728
M 4464 4938 4996
S 1097 1258 1259
S 6674 6929 6930
M 4086 4064 4261
M 5685 5351 6158
M 6195 5278 6275
S 3518 4086 4087
S 320 334 335
S 6640 6724 6725
S 3412 4638 4639
M 1753 1948 2204
M 7985 7572 8137
S 1179 1378 1379
M 5443 7491 7598
M 2658 1735 2774
S 3573 3616 3617
S 6728 7663 7664
S 4934 5889 5890
S 4935 5142 5143
S 1515 1561 1562
M 2481 2607 2668
S 1994 2077 2078
S 5059 5909 5910
M 1228 1284 1301
S 4817 5234 5235
M 6802 7519 7626
S 131 210 211
M 3935 5324 5511
S 4256 4461 4462
S 6850 7404 7405
S 6869 7018 7019
S 4856 5041 5042
S 5194 5689 5690
S 2669 2760 2761
M 2743 3308 3549
S 1241 1247 1248
M 4281 5083 5370
S 6157 6387 6388
M 5250 5451 5486
S 4435 5211 5212
M 4920 3524 5124
S 6484 6645 6646
S 2536 2600 2601
M 1044 746 1153
S 4666 7307 7308
S 6236 7350 7351
M 7136 4860 7534
S 1546 1680 1681
S 19 20 21
M 7225 7141 7295
M 3784 2653 3851
S 1239 1243 1244
M 2363 2287 2376
M 5715 5877 6062
S 7129 7364 7365
M 7065 7307 7497
S 6699 6873 6874
S 4144 4839 4840
M 7162 6505 7256
S 1311 1358 1359
S 207 236 237
M 2295 2166 2360
S 7256 7513 7514
M 391 330 408
S 5007 7828 7829
S 1437 2722 2723
M 4659 3801 5243
M 199 191 200
M 5791 7393 7739
S 1879 1933 1934
S 359 383 384
M 86 127 137
S 7523 7675 7676
S 6974 7561 7562
S 2830 3525 3526
S 7822 8104 8105
S 7189 8287 8288
S 7967 8196 8197
M 5061 5191 5507
S 3045 3573 3574
S 4193 4302 4303
S 6555 6762 6763
M 3362 3304 3481
M 4754 4737 4892
S 7375 7527 7528
S 659 883 884
S 885 1048 1049
M 2767 2546 3069
S 1583 1866 1867
M 1761 1780 1783
S 798 1135 1136
M 5094 4171 5558
M 2145 2086 2155
S 5073 5401 5402
S 2343 2670 2671
S 3574 3717 3718
S 5032 6468 6469
S 5576 7042 7043
S 7262 8226 8227
M 6680 6702 7647
S 5482 5790 5791
S 721 748 749
M 1690 1461 1777
S 4440 4979 4980
M 1617 2740 3120
S 1733 1748 1749
S 7193 7194 7195
S 3270 3406 3407
M 75 140 143
S 1936 1965 1966
S 1755 2017 2018
S 4333 5899 5900
S 1593 1789 1790
M 4821 7602 7738
S 6071 6440 6441
S 1637 1711 1712
M 321 493 499
S 5090 5423 5424
S 781 1018 1019
S 7798 7976 7977
S 1702 3219 3220
M 7345 7364 7453
S 1016 1232 1233
S 5730 5937 5938
S 2545 2716 2717
M 4899 6324 7143
S 8120 8270 8271
S 5827 7381 7382
S 7279 7794 7795
M 7316 7698 7832
S 7780 8084 8085
S 4810 5693 5694
M 2924 2649 3752
M 1564 1746 1801
S 4557 4790 4791
S 7775 7834 7835
M 4574 4395 4690
M 5252 3692 5313
S 379 446 447
M 7851 7237 7953
M 2907 2936 2997
M 312 338 352
M 1252 1592 1906
S 4547 4820 4821
S 3123 3530 3531
S 2820 2872 2873
S 5167 5191 5192
M 1432 1572 1584
S 5085 5768 5769
S 2384 2685 2686
S 4099 4782 4783
M 3028 3258 3366
M 5292 4389 5376
M 2017 2207 2477
S 5448 7921 7922
M 4614 4539 4858
S 4932 4938 4939
S 5750 5761 5762
S 3688 3729 3730
M 5645 5042 5816
S 3373 3394 3395
M 3807 3098 3911
M 6081 7327 7385
S 3820 4190 4191
M 3885 4012 4015
M 1333 1101 1419
M 4450 4660 5023
M 5755 5650 6171
S 7612 7890 7891
S 4230 4459 4460
M 3527 3403 3989
S 1144 1170 1171
S 7215 7905 7906
M 5158 4483 5445
S 4700 4702 4703
S 5200 5299 5300
M 4365 4155 4455
S 7131 7420 7421
M 5854 5890 6290
S 6064 7148 7149
S 341 355 356
M 6608 8123 8225
M 5116 5656 5796
S 6291 6366 6367
S 4778 8278 8279
S 2912 3239 3240
S 6564 6585 6586
S 3715 4000 4001
S 1338 1417 1418
M 1082 1129 1184
S 6189 6582 6583
S 3564 4766 4767
M 456 429 471
M 279 271 299
S 2832 3203 3204
S 5249 5994 5995
S 3213 3697 3698
M 1358 1426 2090
M 7896 7025 8094
M 2119 1678 2194
M 4044 4535 4553
S 2254 3098 3099
M 4552 6344 6511
S 4278 4581 4582
M 1321 1773 1845
S 2030 2119 2120
M 1603 1544 1650
S 6027 7801 7802
M 282 295 298
S 5082 5389 5390
M 3329 3178 3353
S 5773 5977 5978
S 5424 5544 5545
S 8005 8235 8236
S 1195 1222 1223
M 1023 864 1024
S 1135 1218 1219
S 6290 6343 6344
M 283 251 311
S 2728 3149 3150
S 6275 7823 7824
S 987 1100 1101
S 6116 6209 6210
M 5970 4596 6375
M 2453 2442 2616
M 5095 5030 5115
S 5288 5316 5317
M 7485 7506 8181
S 6726 7511 7512
M 5655 5178 5749
S 1025 1449 1450
M 6580 5842 6590
M 613 664 865
S 3753 4862 4863
M 3933 3952 4166
M 1630 1591 1735
S 3557 3748 3749
M 3441 2966 3677
S 4800 4926 4927
M 1106 909 1183
M 1986 1905 2182
S 4141 4691 4692
M 7019 7171 7232
S 5297 5525 5526
S 1467 1991 1992
M 2592 2553 2656
S 6326 7316 7317
M 5413 5192 5862
M 717 652 799
M 4097 4091 4212
M 6828 6671 7744
S 2765 2811 2812
M 5612 5453 6717
S 7054 8212 8213
S 2568 4220 4221
M 7949 7980 8021
M 5132 4655 5325
S 3201 3642 3643
M 1565 1575 1788
S 2175 2314 2315
M 2466 2456 2613
M 5147 5076 5161
S 1737 2445 2446
M 4329 3815 4685
S 4272 4723 4724
S 1127 1588 1589
M 360 371 372
M 27 25 28
S 3871 4725 4726
M 2167 1790 2183
M 82 107 118
S 932 1066 1067
S 1031 1400 1401
S 5084 6297 6298
M 1688 1587 1689
S 3736 3958 3959
M 4756 4331 4889
S 4906 4962 4963
S 6590 6747 6748
S 2597 2704 2705
S 4454 4616 4617
S 5020 6026 6027
M 4862 4669 5356
S 1561 1770 1771
S 4554 6047 6048
S 1280 1337 1338
S 4198 4675 4676
S 611 780 781
M 1034 888 1063
S 3093 3842 3843
S 2889 3198 3199
M 278 356 364
M 3944 3266 4061
M 4731 5212 5247
M 1162 948 1199
S 444 486 487
M 2899 2788 3151
S 3082 3798 3799
S 6758 7895 7896
S 834 1289 1290
S 1402 1506 1507
S 1006 1037 1038
M 91 94 95
S 808 812 813
M 6088 5522 6127
S 5507 5701 5702
S 6177 7057 7058
S 1068 1497 1498
M 3152 3984 4035
S 48 49 50
M 7281 6057 7603
M 3253 2862 3546
M 6506 7608 7623
S 4261 4989 4990
M 2995 3100 3121
M 6358 3901 6446
M 2518 2355 2554
M 4183 5280 5298
M 5360 3994 5532
M 7059 7301 7648
M 6676 5171 6940
M 8059 3853 8070
S 467 488 489
S 4667 5340 5341
M 3121 2962 3647
M 3284 3406 4006
S 3181 3848 3849
S 2136 2797 2798
M 7644 7010 8221
M 5651 6206 6560
M 4924 5951 6180
S 3744 4440 4441
M 2339 2700 3156
M 8107 7770 8150
M 6202 6864 7127
S 6862 7974 7975
M 2492 1915 2604
S 6059 6341 6342
S 5015 5664 5665
S 449 453 454
S 8047 8056 8057
S 4961 5940 5941
S 509 510 511
M 3312 3331 3412
M 5174 7206 7988
S 4573 4697 4698
S 3433 3993 3994
M 2388 2377 2590
M 5838 5429 6025
S 4462 5127 5128
S 3288 3339 3340
M 2953 2800 3127
M 1186 1161 1208
S 3542 3684 3685
M 4534 3561 4670
M 6986 7953 8020
M 2385 3559 3612
S 4321 4907 4908
M 2221 1626 2757
M 6975 5749 7046
M 2269 2510 2831
M 3947 4241 4510
S 7228 7767 7768
M 3661 3216 3796
S 4380 4757 4758
S 1629 2132 2133
S 2629 2970 2971
M 2260 1707 2283
M 4689 4555 5034
M 4645 4822 4878
S 6903 6910 6911
S 3983 4417 4418
S 2677 2956 2957
M 5594 5342 7776
S 934 1291 1292
M 4847 5142 5645
M 7657 7833 7983
S 3265 3311 3312
S 2869 2991 2992
S 1540 2361 2362
S 238 242 243
S 7723 7986 7987
M 3643 3735 5193
S 3119 3444 3445
S 4185 4968 4969
M 5745 6595 6632
S 1288 1631 1632
M 455 475 516
S 3689 3731 3732
S 3120 3721 3722
M 601 675 693
M 3529 3255 3543
M 5903 5960 6159
S 2472 2614 2615
M 7170 6043 7220
M 6357 6573 6807
S 67 75 76
S 5840 6753 6754
S 4114 4566 4567
S 2091 2568 2569
S 992 1025 1026
M 2766 2583 2889
M 1416 1128 1453
S 2749 2995 2996
S 3729 3922 3923
S 1543 1605 1606
M 967 1118 1430
S 1589 1594 1595
M 645 817 860
S 2548 3313 3314
M 473 441 481
S 722 741 742
S 4806 4837 4838
S 6078 6160 6161
M 1408 1531 1568
S 5407 5656 5657
S 6395 7340 7341
S 5738 6040 6041
S 2838 3042 3043
M 2264 2491 2565
S 6545 8281 8282
S 2052 2262 2263
M 7686 7047 7887
S 4206 7358 7359
M 5238 3855 5484
S 2811 3157 3158
S 573 620 621
M 6861 6363 7274
M 476 537 546
S 5477 5808 5809
M 4287 4501 4620
S 2463 3392 3393
S 950 1326 1327
S 4880 5529 5530
S 3782 6844 6845
S 4129 4673 4674
M 4210 4681 5724
S 432 535 536
S 702 757 758
M 3232 3502 3532
M 4864 4832 5014
M 1616 1693 1782
S 4795 5063 5064
M 3381 3172 3709
S 6517 6649 6650
S 5737 8239 8240
M 4586 4548 5492
S 3538 4437 4438
S 2497 2639 2640
M 4212 4603 4899
S 2192 2220 2221
M 4232 4344 4833
S 1075 1698 1699
S 6310 7756 7757
S 6877 7261 7262
M 1861 1174 1863
S 1658 1989 1990
S 4755 6745 6746
M 465 524 526
S 4760 5328 5329
S 3714 3973 3974
S 5404 5947 5948
M 5272 5707 6020
S 6370 6580 6581
S 760 848 849
S 6126 6295 6296
M 2430 2950 3071
S 4741 7081 7082
M 1912 1820 2013
M 979 974 1080
S 7091 7551 7552
M 905 925 993
S 2506 2535 2536
S 1506 1775 1776
M 6636 6866 7872
M 4762 4911 5075
S 4876 5477 5478
M 1855 2519 2721
M 782 609 847
M 930 643 1008
M 3591 4204 4536
S 2530 3224 3225
S 1140 1239 1240
S 418 482 483
S 5802 6141 6142
M 3468 3396 3754
M 5653 4816 5764
M 4191 4151 4558
S 6808 7259 7260
M 3978 5713 7711
S 6710 7732 7733
M 4808 4546 4879
S 1781 2015 2016
M 1736 2244 2248
S 1803 2151 2152
S 1370 1467 1468
M 4562 4929 5155
S 1466 2200 2201
M 3869 3758 4217
S 5940 6932 6933
S 1876 2296 2297
M 5364 5247 5510
M 5137 4923 5224
S 2829 2975 2976
M 3501 3285 3586
S 4095 4337 4338
S 626 702 703
M 740 1014 1091
S 4301 5611 5612
S 1868 2032 2033
M 5591 5681 6863
S 6721 7684 7685
S 4823 5229 5230
M 6845 6892 6963
S 5096 5196 5197
M 2407 1453 2410
M 6887 5892 7113
S 2048 2595 2596
S 3862 4171 4172
S 7843 8272 8273
S 4446 4887 4888
S 4820 5905 5906
S 3363 4167 4168
S 4960 5006 5007
M 2301 2333 2405
S 1988 2814 2815
S 3772 4036 4037
M 3455 3393 3690
S 1184 1203 1204
S 5814 5959 5960
S 539 938 939
M 5091 4890 5116
M 4694 4624 4731
S 4999 5514 5515
S 4221 4737 4738
S 4417 5427 5428
S 7235 7742 7743
S 3825 5377 5378
M 4813 4745 4845
S 1809 2162 2163
S 4134 4345 4346
S 1250 1334 1335
M 6333 5417 6941
S 3478 3817 3818
S 1747 2867 2868
S 1299 1314 1315
M 2063 1750 2076
M 1698 1091 1932
M 3345 3108 3413
S 2686 3109 3110
S 5961 6597 6598
M 6751 7596 8241
M 6199 5619 6778
M 7240 6106 7425
M 6378 6538 6669
S 754 761 762
S 3793 3829 3830
S 3155 4203 4204
M 1539 891 1600
S 4355 4629 4630
M 5945 5948 6829
S 2763 3259 3260
S 365 376 377
S 7232 7328 7329
S 3829 4483 4484
S 4014 4247 4248
S 4786 5203 5204
S 440 468 469
S 7127 7812 7813
S 5474 5512 5513
S 3229 3771 3772
S 332 429 430
S 5558 5586 5587
M 3062 3400 3421
S 4 6 7
S 629 668 669
S 2187 2735 2736
S 1991 2496 2497
S 1989 2010 2011
M 1968 1955 2084
S 4011 4426 4427
S 4915 7000 7001
M 5366 5305 5444
S 2877 3518 3519
S 1335 1445 1446
S 1911 1935 1936
S 3636 4029 4030
S 3953 3967 3968
S 2376 3226 3227
M 5564 4882 6317
M 2840 2969 3057
S 2205 2558 2559
S 3740 4481 4482
S 866 1147 1148
S 1237 1565 1566
S 1890 3467 3468
S 2427 2632 2633
M 2152 2818 3285
M 5586 5251 7007
S 5583 5673 5674
M 7735 6932 7862
M 4280 3804 4583
M 7037 7297 7349
M 5463 7169 7465
M 6158 5553 6958
S 1833 2021 2022
S 6764 6881 6882
S 3262 4430 4431
M 2796 2555 2804
S 6307 6857 6858
S 6690 6698 6699
M 2708 2824 2951
S 3 4 5
S 17 29 30
M 5428 5539 5695
S 7159 7366 7367
M 7504 8000 8048
S 2973 3020 3021
M 1024 1011 1068
S 5029 5542 5543
S 2992 5366 5367
S 4950 5167 5168
S 3939 5086 5087
M 6501 6255 6667
M 1642 1002 1662
M 6024 6703 6816
M 274 287 327
S 6444 7263 7264
S 5240 6187 6188
M 2240 2298 2377
S 3506 3535 3536
S 2044 2169 2170
S 4328 4533 4534
M 1843 1741 1878
S 4904 5715 5716
M 1612 1631 1731
S 3535 4122 4123
S 3887 3977 3978
S 4587 5025 5026
M 5377 8064 8258
M 1317 1182 1336
S 8157 8228 8229
S 3355 3846 3847
M 2270 2351 2406
M 4432 3909 4465
S 7032 8040 8041
S 6369 6607 6608
S 2878 3332 3333
M 5437 4465 5617
S 2110 2637 2638
S 1888 2224 2225
S 1420 1928 1929
S 4686 4950 4951
S 424 425 426
M 180 228 232
S 4053 4225 4226
S 856 931 932
S 5044 6530 6531
S 1552 1596 1597
S 5555 7036 7037
S 897 985 986
S 6417 6424 6425
S 5532 6325 6326
M 5458 5218 6944
S 2783 3209 3210
M 7208 6393 7299
S 7060 7686 7687
S 6815 7322 7323
S 682 765 766
M 2358 2043 2528
S 7333 7863 7864
M 5874 5969 6183
S 3480 3895 3896
S 40 45 46
S 6788 7621 7622
M 3996 4147 4507
S 2058 2623 2624
S 1283 2602 2603
S 5517 7034 7035
S 1789 2442 2443
S 1073 1186 1187
M 2202 2845 2885
S 501 610 611
M 408 458 472
S 2944 3103 3104
S 349 423 424
S 996 1009 1010
M 1225 1562 1611
S 1764 2019 2020
S 2200 2429 2430
M 4944 4994 5012
S 7564 7930 7931
S 5966 7083 7084
M 5757 5581 6554
S 3905 5171 5172
S 236 246 247
M 3115 2374 3460
M 3589 3090 3621
S 2726 2932 2933
S 1230 1287 1288
S 5935 6515 6516
M 2410 2576 2585
S 2022 2696 2697
M 5675 5422 5753
S 4196 6436 6437
M 5359 5392 5636
M 6683 5937 7161
S 2921 3555 3556
S 189 223 224
S 6731 7235 7236
M 5400 4903 5614
S 2610 2651 2652
S 1827 2095 2096
M 5368 4683 6540
M 3732 3895 3928
M 2954 3301 3589
M 1613 1285 1614
S 936 1033 1034
S 4633 5967 5968
S 3615 3674 3675
S 3677 5628 5629
M 2074 1835 2085
S 5792 5875 5876
M 210 204 231
S 7373 7473 7474
M 6120 7302 8049
M 5801 5367 5919
M 5627 4718 5670
S 519 530 531
M 6431 7757 7882
S 5565 6233 6234
S 1366 1582 1583
M 3619 3647 3733
S 3918 3998 3999
M 1667 1367 1668
M 2792 3210 3425
M 6466 5972 6837
S 2146 2500 2501
M 1149 1224 1307
S 1209 1640 1641
S 3435 4152 4153
S 1210 1241 1242
S 7133 7159 7160
M 5887 6014 6036
M 457 428 462
S 1404 1657 1658
S 2577 2727 2728
S 102 107 108
S 4827 4876 4877
S 3022 3230 3231
M 2178 2590 2592
S 4223 4544 4545
S 2111 2164 2165
M 1982 1497 2399
M 6441 8204 8252
S 5950 8274 8275
M 3884 3823 4213
S 6023 6196 6197
S 6143 7146 7147
M 223 266 407
M 8128 7482 8170
S 4283 4874 4875
M 3787 2644 4307
S 4532 4564 4565
M 2864 3002 3164
M 4240 4130 4312
M 6634 6336 6866
S 4758 5594 5595
S 7005 7462 7463
S 5271 5391 5392
M 3360 3762 4395
M 6455 6628 6809
S 4838 6185 6186
M 3351 3749 3930
S 6204 6351 6352
M 960 981 998
S 7296 7777 7778
S 1320 1773 1774
M 4789 5680 7255
M 1339 1318 1431
S 5426 7053 7054
M 3037 2558 3108
M 582 1053 1161
M 7319 7147 7919
M 2571 3073 3087
S 2927 3012 3013
S 4398 5252 5253
M 7507 7366 7567
S 5221 6384 6385
M 5114 7190 7302
S 3872 6641 6642
S 347 392 393
M 7432 7445 7704
S 6591 7376 7377
M 2195 2158 2333
S 3681 4161 4162
S 1183 1531 1532
S 3792 4045 4046
S 7427 8182 8183
S 188 226 227
M 1340 1344 1352
M 3868 3533 3871
M 2438 2664 2712
M 975 1012 1159
M 1714 1449 1772
M 3816 3375 4109
M 2812 2694 2915
S 7087 7309 7310
M 5358 5595 5852
M 7713 5706 7765
M 6898 7477 7807
S 6981 7614 7615
S 4207 4255 4256
M 5891 5917 6218
M 1151 1215 1317
S 551 565 566
M 2803 3103 3170
S 4886 5666 5667
S 3378 4018 4019
S 824 873 874
S 2867 2906 2907
S 1620 1802 1803
S 5693 6867 6868
S 6637 7749 7750
S 4791 4918 4919
S 5777 6956 6957
M 2073 1866 2168
S 5328 5448 5449
S 865 891 892
S 4608 5008 5009
M 463 522 534
S 33 51 52
M 1036 988 1137
S 4531 5162 5163
S 4111 4618 4619
S 3167 3766 3767
M 4875 4986 6262
M 177 174 191
M 5011 5436 5700
S 7374 7594 7595
M 7521 7379 7701
S 4118 6982 6983
M 5384 3581 5434
S 6592 7395 7396
S 4159 4399 4400
M 2469 2250 2669
M 6109 4863 6166
S 6782 7030 7031
M 499 468 599
S 7142 8118 8119
S 5060 5983 5984
S 5391 5863 5864
M 1772 1763 1797
M 1222 1498 1576
S 5270 7883 7884
S 2033 2121 2122
S 2831 3005 3006
S 6183 6486 6487
S 3982 4047 4048
M 6061 6229 7105
S 4723 5028 5029
S 588 606 607
S 3563 5698 5699
S 5206 5547 5548
M 2738 2634 2770
M 5578 4785 6249
S 448 465 466
M 3483 2949 3592
M 5068 5459 5663
M 6563 6341 6806
M 374 400 456
S 2980 3072 3073
M 2976 2890 3615
S 3824 4367 4368
M 1483 1330 1538
S 292 411 412
M 6999 5897 7424
M 3143 3209 3267
S 6867 7852 7853
S 4812 6002 6003
S 5862 6219 6220
M 4074 3107 4596
S 904 1046 1047
M 4826 6881 7740
S 4833 5169 5170
S 6226 7117 7118
S 5538 6420 6421
S 1917 2124 2125
S 1289 1971 1972
M 2821 1960 2832
S 3427 4903 4904
S 105 115 116
M 6184 6461 6471
S 4579 4610 4611
S 958 1176 1177
S 957 1111 1112
S 1484 1636 1637
S 3074 3773 3774
M 3129 2809 3228
S 7112 8035 8036
S 143 196 197
M 7011 7236 7602
M 783 771 913
S 708 714 715
M 5229 7086 7265
S 1704 1833 1834
S 1429 2455 2456
M 3988 3838 4594
M 3731 2400 4119
S 7015 7257 7258
S 5692 6306 6307
M 1996 2042 2073
S 4589 5818 5819
S 339 353 354
S 4022 4120 4121
S 5478 5877 5878
S 694 719 720
M 7027 6400 7758
S 8043 8285 8286
S 3959 5633 5634
S 196 202 203
S 2696 3038 3039
M 4169 4063 4173
S 7261 7936 7937
S 6499 7050 7051
M 2337 2684 2759
S 4936 5056 5057
M 2635 3289 3326
M 1216 1164 1481
S 5184 5323 5324
M 4165 3991 4169
S 4037 6415 6416
S 7156 7605 7606
M 1883 1585 2050
S 5196 6891 6892
S 5257 6057 6058
S 3459 3764 3765
S 7398 8171 8172
M 4769 4975 4991
M 3302 4032 4311
S 619 770 771
S 5487 5989 5990
M 412 386 480
M 2932 3558 3605
S 3771 4497 4498
S 3219 3414 3415
S 2305 2407 2408
M 156 149 157
S 5588 6014 6015
M 1093 1356 1503
M 134 148 161
M 2101 1705 2553
S 6740 7128 7129
M 2645 2468 2698
M 3968 2698 4528
M 3325 2671 3676
S 3584 4240 4241
S 1387 1682 1683
S 5523 6639 6640
M 367 314 371
S 4766 6313 6314
S 3809 4520 4521
S 639 802 803
S 843 1102 1103
S 5799 6194 6195
S 6155 6276 6277
M 3154 2909 3185
M 76 93 96
S 2516 3334 3335
S 5946 7151 7152
M 2114 2014 2460
S 144 146 147
S 5516 5869 5870
M 3182 2521 3223
S 5907 6089 6090
M 729 1286 1437
S 2362 2737 2738
M 3555 3602 3678
M 1193 1134 1439
S 4902 5159 5160
S 6083 6122 6123
S 4348 7888 7889
M 2882 2619 2942
S 4427 4623 4624
S 3173 3619 3620
M 7991 7528 8184
S 2417 3244 3245
S 3267 3971 3972
S 2164 2176 2177
S 4363 4818 4819
S 5778 5833 5834
S 4805 5630 5631
S 6834 7557 7558
M 7329 4710 7352
S 5631 6293 6294
S 820 828 829
S 6352 6700 6701
S 5025 5537 5538
S 4848 4970 4971
S 390 441 442
M 7754 4867 8280
M 6381 6295 6481
M 3883 3922 4253
S 868 974 975
S 5665 5810 5811
M 6619 5644 7523
M 1434 1578 1694
S 1776 1827 1828
S 3864 4263 4264
S 543 723 724
S 5596 6253 6254
S 7122 7155 7156
S 1537 1612 1613
M 6300 6704 8079
S 4623 6810 6811
M 5419 4604 5566
S 4527 5368 5369
S 1371 1529 1530
S 2386 2469 2470
S 2599 2982 2983
S 6235 6394 6395
M 7437 7250 8046
S 1188 1380 1381
S 5918 6348 6349
S 3333 3486 3487
S 5110 5189 5190
S 2604 2714 2715
S 5412 5606 5607
M 1627 1731 1832
S 171 208 209
M 187 158 201
M 7586 7188 7854
M 447 469 473
M 5228 5954 7098
M 2212 2381 2441
M 5955 5493 6370
S 1524 2351 2352
S 2667 2766 2767
S 159 172 173
S 1836 2186 2187
M 6470 6397 6890
S 4983 7714 7715
M 20 23 25
M 928 1064 1254
M 6421 7233 7625
S 5851 6107 6108
S 2210 2259 2260
S 231 252 253
M 2263 3708 3909
S 5488 5556 5557
S 3562 3625 3626
S 2772 3367 3368
S 2736 3122 3123
S 5574 6466 6467
M 4790 5057 6280
M 4835 5679 5904
S 6432 6494 6495
S 1240 1461 1462
S 633 776 777
M 2344 2769 2773
M 3711 3323 3931
S 6141 6335 6336
S 3629 4598 4599
S 5479 6760 6761
M 4031 3236 4094
S 3009 3701 3702
M 170 164 180
S 618 1092 1093
M 3293 4436 4640
M 5008 4526 5429
S 5309 6285 6286
M 5884 5616 6261
S 4570 4729 4730
S 2527 3416 3417
S 6360 7885 7886
M 1077 1269 1343
M 7080 6467 7679
M 6293 6266 6472
M 1846 1749 1997
S 6516 7489 7490
S 6534 6595 6596
S 7336 8142 8143
M 2393 3437 3480
M 3759 4468 4756
S 5352 5458 5459
S 5850 6018 6019
S 1926 2230 2231
M 6931 7434 7459
S 615 1140 1141
M 1359 1536 1656
M 7587 5600 8073
S 7493 7790 7791
S 2123 2341 2342
S 3530 4074 4075
M 6463 6487 6496
M 5894 6682 7510
S 1369 1609 1610
M 692 700 1015
M 4356 4311 4414
M 5168 4145 5386
S 2993 3396 3397
M 6912 6250 7219
S 4414 4421 4422
M 3226 3042 3365
M 7074 6641 7164
S 7022 8116 8117
S 253 262 263
S 6723 7773 7774
M 4406 4692 4953
M 4646 4636 4747
S 3844 4276 4277
S 1757 2647 2648
S 621 698 699
M 3027 1967 3218
M 5107 5579 6579
M 1226 1156 1304
M 1400 1403 1492
M 4721 5723 6119
S 7143 7866 7867
S 2239 2466 2467
M 496 510 519
S 3186 3715 3716
S 78 80 81
S 3948 7443 7444
M 1424 1314 1441
S 4912 6071 6072
S 6338 6947 6948
S 7023 7179 7180
S 6408 7378 7379
S 5498 5725 5726
M 7320 7650 7712
S 4599 4859 4860
M 2750 2643 2886
S 2611 2787 2788
S 3130 4343 4344
S 3208 3288 3289
S 7547 7607 7608
M 5514 5265 5760
S 7820 8037 8038
M 4931 3856 5158
M 3675 3742 3970
S 4478 4732 4733
M 3814 3683 4112
S 2985 3024 3025
S 329 336 337
M 5485 5220 5565
S 3352 3533 3534
S 4437 7627 7628
S 1599 3196 3197
S 3654 4114 4115
S 4843 4914 4915
S 2906 3575 3576
S 2939 2980 2981
S 3903 4127 4128
S 1443 1489 1490
S 2719 3953 3954
S 5387 6055 6056
S 5420 5777 5778
S 7124 7965 7966
S 3961 4057 4058
M 1491 1871 1898
M 2957 2934 3346
M 994 878 1016
S 5325 7532 7533
S 5768 6569 6570
S 7090 7636 7637
S 5944 6167 6168
S 162 216 217
S 6752 7130 7131
M 2465 2211 2510
S 491 725 726
S 6535 7729 7730
S 4675 5379 5380
S 1476 1829 1830
S 7273 7825 7826
S 1281 1387 1388
M 2942 3286 3342
S 903 987 988
S 842 1348 1349
S 6889 7251 7252
M 2104 2780 3134
S 6944 7336 7337
S 5704 6200 6201
S 8206 8255 8256
S 5226 6337 6338
S 3195 3419 3420
S 5710 6749 6750
M 6060 2655 6902
S 2884 3135 3136
S 3642 3695 3696
S 252 272 273
S 3044 3662 3663
S 1795 2275 2276
M 3625 2449 3660
M 5065 5231 6109
S 7539 8028 8029
M 2923 2964 3153
S 863 950 951
S 5050 5647 5648
M 7888 5926 8139
S 5401 6176 6177
M 2080 2401 2544
S 2470 2762 2763
M 1310 1074 1316
S 6945 7903 7904
M 4738 5028 5546
S 1987 2605 2606
M 3096 3745 3753
M 5112 5709 5931
S 4069 4313 4314
S 5922 7093 7094
S 5239 5354 5355
M 1212 1376 1382
S 920 1028 1029
S 5959 6150 6151
M 516 480 524
M 5012 4401 5519
M 3450 4092 4097
M 5115 4076 5498
S 6928 7333 7334
S 500 589 590
S 3260 4238 4239
M 1609 1518 1653
S 4512 7589 7590
S 4405 6331 6332
M 256 270 302
S 5597 5620 5621
S 5662 7038 7039
M 1094 1530 1541
M 3786 3764 3835
M 841 755 948
S 4297 4843 4844
S 242 294 295
S 2575 2641 2642
M 3180 4228 4283
S 5179 5891 5892
S 1063 1081 1082
M 5974 6372 6497
S 529 600 601
S 2299 2913 2914
S 7942 8063 8064
S 294 316 317
S 248 256 257
M 3607 3458 3630
M 4137 6015 6522
S 1717 2256 2257
M 5438 5427 5483
S 7488 7580 7581
S 3305 3791 3792
M 4072 4400 4667
S 4361 4682 4683
M 3430 3410 3894
S 5092 5250 5251
S 6966 7559 7560
S 6167 6409 6410
M 7660 7849 7878
S 7946 8209 8210
M 2709 2267 2969
S 1828 1983 1984
S 5244 6894 6895
S 4610 6897 6898
M 4119 3941 4289
S 1027 1193 1194
S 7430 7677 7678
S 1816 2002 2003
M 5714 3963 5763
S 3840 4142 4143
M 653 712 752
S 1054 1056 1057
S 3976 7278 7279
M 7309 7138 7464
S 7920 8030 8031
S 6489 6612 6613
S 4048 4493 4494
S 695 743 744
S 1824 1907 1908
M 5865 6936 6996
M 4581 4948 5069
S 1460 1744 1745
S 914 1118 1119
S 7115 7438 7439
S 2626 2829 2830
S 5552 7204 7205
M 2526 2804 3169
S 6478 7061 7062
S 737 759 760
S 1672 1715 1716
S 2615 2733 2734
S 4197 4865 4866
S 2691 4300 4301
S 2652 3410 3411
S 5373 5661 5662
M 2631 2622 2693
M 794 734 822
S 790 907 908
M 1131 1258 1276
S 4716 6403 6404
S 1398 1954 1955
M 4611 4609 5104
S 2541 2673 2674
M 1600 1754 1831
M 4844 5592 5865
M 6175 6181 6445
S 2245 2292 2293
S 3385 3508 3509
S 2075 2290 2291
S 2801 2998 2999
S 884 1064 1065
S 7632 8268 8269
S 3779 6925 6926
S 6166 6339 6340
M 3377 2392 3885
S 6025 6162 6163
M 2994 3368 3515
S 1604 1617 1618
S 1121 1345 1346
S 6910 7962 7963
M 4473 4357 4798
M 2099 2978 3117
M 5326 5040 5856
S 6269 6952 6953
M 4220 2512 4765
S 3350 3587 3588
M 6673 7012 7078
M 5549 5747 6274
S 4743 4745 4746
S 1204 1473 1474
M 3500 4161 4181
S 1513 1559 1560
S 2053 2780 2781
S 5010 5198 5199
S 6544 6779 6780
M 7312 7875 8016
M 5728 5587 6101
S 5148 5333 5334
M 7828 7902 7958
M 3916 3104 4077
M 2281 2380 2419
S 1657 2086 2087
S 7378 8253 8254
S 5828 7162 7163
S 525 635 636
S 890 911 912
S 6925 7192 7193
S 6629 7175 7176
M 1421 4394 4734
S 5975 6043 6044
S 41 47 48
S 5783 6099 6100
S 4304 4850 4851
S 4896 5213 5214
S 4765 5222 5223
M 5048 5554 5817
M 1775 1290 1800
S 1615 1669 1670
S 4910 5902 5903
S 2596 3050 3051
M 3703 3457 3814
S 1720 1909 1910
S 4946 5460 5461
S 6961 7312 7313
M 1430 1588 1661
S 6796 7658 7659
S 5151 5263 5264
S 6238 7899 7900
M 1785 1759 2146
S 1671 1707 1708
S 6282 7207 7208
M 5182 5064 5318
S 2064 2178 2179
S 3191 3276 3277
M 4021 4274 5185
M 3429 3668 4197
S 443 582 583
M 1655 1390 1673
S 5075 5343 5344
S 2093 2098 2099
S 1560 1750 1751
S 4949 5076 5077
S 1350 1369 1370
S 5618 5683 5684
S 1814 1858 1859
S 3997 4852 4853
S 6259 7654 7655
M 1894 2035 2112
S 6958 7720 7721
S 6662 8231 8232
S 462 463 464
M 5021 4472 6059
S 226 292 293
M 4083 3819 4299
S 2419 2502 2503
S 2346 2353 2354
S 672 681 682
S 1570 1643 1644
M 6394 6503 6931
M 1628 1909 1975
S 4345 5311 5312
S 4783 5136 5137
S 3196 3469 3470
M 7242 6536 7526
M 4670 6340 7076
M 1253 1245 1267
M 179 181 183
S 4551 4920 4921
S 7403 8264 8265
M 117 121 133
S 3252 3699 3700
S 5803 6541 6542
S 3603 3705 3706
M 5274 4942 5307
S 855 1000 1001
S 1863 1885 1886
S 2106 2109 2110
S 4553 4964 4965
S 3064 3703 3704
M 4601 5230 6118
S 3927 4505 4506
S 6935 8289 8290
M 5108 5291 5627
M 1973 2525 2591
S 5341 5417 5418
S 4958 5935 5936
S 1456 2391 2392
S 6346 7769 7770
S 6367 6670 6671
S 5347 5854 5855
S 1042 1109 1110
S 2454 2881 2882
S 8009 8129 8130
M 3341 3094 3608
S 1085 1114 1115
S 6754 7122 7123
M 4733 4742 5521
S 5915 6143 6144
M 1716 2294 2551
M 7540 6882 8060
M 5570 5812 5925
S 2614 2989 2990
S 6022 6538 6539
S 966 968 969
S 4505 4662 4663
M 2027 1777 2062
S 7338 7618 7619
S 2802 3113 3114
S 167 168 169
S 4199 5205 5206
M 1444 1415 1510
M 5816 5820 6097
M 4316 4289 4383
S 3144 5771 5772
M 576 620 625
S 2424 2473 2474
S 6240 6500 6501
S 1806 2134 2135
S 1580 2042 2043
S 3306 3351 3352
M 6727 7243 7355
S 3754 4222 4223
M 1774 1853 2264
S 678 933 934
M 6094 7095 7238
S 4563 5152 5153
S 4368 4518 4519
M 4693 3730 4761
S 5017 5091 5092
M 4445 4170 4466
M 3912 4367 4473
M 2001 2810 3315
S 5615 6616 6617
M 6115 5911 6767
S 4079 4164 4165
S 5388 5470 5471
S 5601 7924 7925
M 6978 6720 7052
S 7326 8010 8011
M 5883 5622 5973
S 5310 7482 7483
M 3987 5530 5646
S 6270 6545 6546
S 4115 4377 4378
S 340 342 343
S 2505 2890 2891
M 3596 2826 3948
S 7292 8161 8162
S 3802 4009 4010
M 3893 3446 3919
S 2414 2451 2452
S 3723 5957 5958
M 4420 5205 6063
S 6883 7612 7613
M 2535 2168 2875
S 3972 4065 4066
M 1744 1682 1760
M 4804 4337 4861
M 6979 6647 6981
M 6066 6144 6808
S 2872 2898 2899
M 1482 1045 1491
S 2647 2924 2925
S 668 793 794
S 4839 5561 5562
M 5545 4626 6429
S 5361 7693 7694
M 2040 1509 2229
S 1206 1360 1361
M 2632 2816 2874
M 3493 3202 3666
S 1768 2301 2302
S 4752 5164 5165
S 7416 7868 7869
S 5034 5604 5605
M 212 259 282
M 775 728 842
S 7029 7032 7033
S 4065 6587 6588
S 6437 6689 6690
M 4186 4605 4893
S 194 198 199
S 5237 6455 6456
S 6187 6625 6626
S 1608 1692 1693
M 6058 5885 6289
M 736 777 790
S 5223 5286 5287
S 378 394 395
M 3682 2547 3910
M 5128 5659 5975
M 1163 1019 1353
M 417 517 522
M 3384 3770 3870
M 7224 7617 7935
S 311 314 315
M 4674 3977 4958
S 3075 3606 3607
M 6180 6227 6507
S 2983 4870 4871
M 1938 2341 2695
S 1147 1155 1156
S 7792 8242 8243
S 2850 3033 3034
S 3726 3805 3806
S 4386 6125 6126
M 2920 4381 5274
M 3926 4049 4160
S 6805 8262 8263
M 2225 2277 2369
S 430 436 437
M 4322 3467 4328
S 599 1629 1630
S 4352 4428 4429
M 1062 1099 1182
S 7254 8114 8115
S 2710 2954 2955
S 3218 3349 3350
M 5136 4362 5765
M 871 1157 1300
S 999 1285 1286
M 3712 3794 4468
S 1664 1846 1847
M 7483 7685 8198
M 7417 7456 8136
S 3514 4236 4237
S 6041 6643 6644
S 6162 7185 7186
S 6069 6985 6986
M 5923 5339 6378
S 3000 3400 3401
M 1992 2107 2461
S 352 389 390
M 5511 6320 6568
S 2779 3115 3116
S 4678 5010 5011
S 5608 5873 5874
M 3851 3911 4069
S 345 362 363
S 4818 5677 5678
S 3343 3897 3898
M 4685 4254 4694
M 1385 1349 1533
M 4657 4887 5058
S 6568 6722 6723
M 1282 1745 1961
S 5496 6102 6103
S 372 398 399
S 5382 5559 5560
S 2288 2541 2542
S 1309 1634 1635
M 5952 5300 6115
S 2529 3537 3538
M 6585 6771 6775
M 5860 5784 6054
S 4937 5825 5826
S 5214 6634 6635
S 835 927 928
S 5607 5804 5805
M 1236 1268 1283
M 1490 1635 1944
S 1 2 3
M 492 425 527
S 3810 4784 4785
S 1930 1993 1994
S 727 737 738
S 5682 6484 6485
M 4273 4015 4372
M 6824 6739 7089
S 3970 4928 4929
M 2012 2893 2963
M 5698 5333 6407
M 3261 2586 3370
S 5375 6550 6551
M 6985 5878 8027
S 2566 3296 3297
M 2406 4146 4288
M 1242 1192 1299
M 7771 6130 7827
S 557 733 734
M 1975 1263 1995
S 3930 4059 4060
S 5207 5928 5929
M 7069 4959 7174
M 7212 6801 8113
S 322 539 540
M 3845 3606 4272
M 4265 4561 4590
M 2853 3604 3785
M 5818 4024 5820
M 5153 7093 7662
M 3531 2873 3590
S 7590 7810 7811
S 2848 4479 4480
S 3101 3125 3126
S 3767 4266 4267
S 6804 6850 6851
S 6160 7949 7950
M 6312 5760 7531
S 5719 6518 6519
S 5103 5282 5283
S 3361 3691 3692
S 7718 8050 8051
M 7837 7164 7948
S 1854 4339 4340
M 6440 6988 7348
S 2737 3088 3089
M 2640 2901 3037
S 2206 2849 2850
S 6011 8018 8019
S 1535 1705 1706
S 603 647 648
S 3246 3429 3430
M 1648 1666 1897
S 2326 2531 2532
S 2623 2643 2644
S 6434 7201 7202
S 572 639 640
S 6847 7368 7369
S 2887 3171 3172
S 1925 4293 4294
M 2513 2608 2739
S 2444 2683 2684
M 1727 1815 1852
M 6039 5224 6136
S 4341 6571 6572
M 4340 4921 4940
M 4549 5260 5962
S 1471 1671 1672
S 5805 6137 6138
S 6438 7583 7584
S 5694 5987 5988
S 200 206 207
S 3008 3318 3319
M 3999 4385 4425
M 4907 6030 6432
M 913 901 936
M 7958 6613 8144
S 879 929 930
S 6 8 9
M 1067 1208 1246
S 1115 1168 1169
S 1881 3053 3054
S 5217 6758 6759
S 3560 4100 4101
S 953 1465 1466
M 2732 2489 3081
S 963 1022 1023
M 962 1137 1181
S 7177 7451 7452
S 1914 1978 1979
S 381 474 475
S 1328 1451 1452
M 4260 5821 6435
S 4577 4841 4842
S 3342 3478 3479
S 1278 1293 1294
S 2103 2478 2479
S 3791 3833 3834
S 3214 3827 3828
M 649 684 716
S 5746 6023 6024
S 3900 4809 4810
S 184 188 189
M 2919 2131 3011
M 3367 3601 4163
S 846 916 917
M 6019 6790 7104
S 3033 3628 3629
S 2049 2802 2803
S 7314 7840 7841
M 3727 4763 5166
S 3989 4144 4145
M 5852 6384 8267
M 3051 3151 3200
S 133 140 141
M 5657 6735 6751
S 4342 4360 4361
M 6832 7325 7671
S 2554 3035 3036
M 1662 1392 1903
S 2366 3995 3996
S 3651 3788 3789
M 3622 3395 3654
M 2517 2390 2525
S 5933 6315 6316
S 5016 5277 5278
M 4062 4202 4974
M 1586 1567 1587
M 5355 6643 6830
M 6672 5794 7942
S 7910 8192 8193
S 6148 6923 6924
S 1884 1981 1982
S 2963 3173 3174
M 3777 3613 4085
S 1650 1780 1781
S 1413 1487 1488
M 5868 4980 5996
M 1446 1563 1621
S 319 328 329
M 2179 1807 2258
S 5895 6359 6360
M 218 249 254
M 1983 3185 3284
S 1427 1432 1433
S 6984 7638 7639
S 4082 6050 6051
M 2353 2065 2420
M 6306 6597 7103
S 1423 1477 1478
S 5449 6095 6096
S 2646 2928 2929
M 414 423 455
S 3039 3456 3457
M 709 593 745
M 513 470 515
S 6679 6883 6884
S 6779 8002 8003
S 1760 1881 1882
M 6954 6089 7934
S 7714 7779 7780
M 445 419 448
S 4662 5479 5480
M 5131 4374 5635
S 2787 3026 3027
M 1590 1661 1697
S 2227 2649 2650
M 927 844 944
S 6736 6907 6908
S 5146 5201 5202
S 5839 6146 6147
M 6038 6034 6430
S 3053 3207 3208
M 1919 2285 2303
M 2504 2507 2572
M 4757 4881 4949
S 1870 2809 2810
M 315 336 340
M 5425 5765 6281
S 3466 3667 3668
M 4522 3756 4595
S 2054 2777 2778
M 5186 5180 5200
S 549 604 605
S 7350 8158 8159
M 55 57 61
S 215 248 249
S 1377 1422 1423
S 4000 4710 4711
M 2055 2881 3268
S 4615 5227 5228
S 7433 7656 7657
S 6691 7125 7126
S 6390 6788 6789
S 6539 7643 7644
S 661 710 711
S 497 559 560
S 7691 8178 8179
S 5758 6603 6604
S 387 449 450
M 5987 7104 7114
S 3445 3836 3837
S 1107 1391 1392
S 3600 3852 3853
S 2598 2679 2680
M 1055 1100 1122
M 3576 3426 3610
S 916 1729 1730
M 3106 3324 3591
S 2364 2506 2507
S 4711 4717 4718
M 4597 4664 5141
M 3374 4270 4319
S 18 26 27
S 2121 2539 2540
S 666 689 690
M 240 230 344
M 581 564 667
M 309 503 505
S 3057 3255 3256
S 6056 7107 7108
S 4066 4750 4751
S 5669 6556 6557
S 1454 2144 2145
S 6171 6265 6266
S 7265 7455 7456
S 1172 1339 1340
M 1301 1155 1442
M 6528 6570 6854
S 2793 2945 2946
S 1254 1508 1509
S 5687 5743 5744
S 1177 1230 1231
M 5296 5276 5531
M 5396 5141 5407
S 2952 3984 3985
M 969 1003 1058
S 6396 6629 6630
S 6436 6655 6656
M 5610 5452 6145
S 5127 5347 5348
M 5123 5189 5682
M 6681 6855 6966
S 6248 6361 6362
S 3698 4251 4252
S 7414 7538 7539
M 1924 1918 2007
S 1379 1901 1902
S 1105 1762 1763
M 4319 5557 5660
S 2656 3058 3059
S 112 113 114
S 2723 3600 3601
S 3595 3901 3902
S 1525 1738 1739
S 262 300 301
S 3251 5727 5728
S 2702 4205 4206
S 2837 3327 3328
S 4850 4912 4913
S 1078 1271 1272
M 7278 7422 8034
S 5337 6411 6412
M 2585 2612 2706
S 7331 7797 7798
S 1124 1133 1134
S 1086 1883 1884
S 4536 5259 5260
S 4029 4900 4901
S 464 484 485
M 4803 4514 4896
S 2150 2358 2359
S 65 68 69
S 5001 5758 5759
S 3757 4290 4291
M 6044 5541 6049
S 4376 4621 4622
S 4702 4735 4736
S 2327 2575 2576
S 7577 7856 7857
S 4434 5194 5195
S 3187 3290 3291
S 1095 1123 1124
S 723 731 732
S 4104 4572 4573
S 6715 8076 8077
S 3865 5998 5999
S 3058 3306 3307
S 2996 3090 3091
M 4699 6698 7281
S 4834 5144 5145
S 2324 2920 2921
M 4997 3156 5441
M 2729 2448 2895
S 3907 4449 4450
M 4217 4947 5279
M 450 431 459
S 6228 6389 6390
S 4978 6134 6135
S 5764 7087 7088
S 7860 7932 7933
S 1582 1726 1727
M 2172 2863 2905
S 385 593 594
M 6627 7118 7944
M 5870 5997 6755
S 3158 3388 3389
S 5157 5179 5180
M 2538 2891 2918
S 2574 2579 2580
S 6113 6169 6170
S 3699 3783 3784
S 2138 2235 2236
M 3876 3913 4335
S 3134 3775 3776
S 2490 2645 2646
S 3626 3903 3904
S 2628 2681 2682
S 4181 4332 4333
S 4638 5452 5453
S 1549 2909 2910
S 3354 4811 4812
S 99 102 103
M 4471 3674 5088
M 7049 7078 7651
S 630 994 995
M 3332 3617 3649
S 2945 2961 2962
M 3998 4113 4822
M 3046 3340 3627
S 540 662 663
S 6205 7020 7021
S 120 130 131
S 4772 6413 6414
S 5346 7536 7537
S 1090 1166 1167
M 1639 1606 1894
M 1712 2422 2482
M 1864 1867 2068
M 1087 1249 1253
S 3030 4562 4563
M 5470 6526 7442
S 7120 7995 7996
M 1573 1545 1628
S 6042 7917 7918
S 1700 1713 1714
M 1528 2271 2298
S 6593 6990 6991
S 4138 4579 4580
S 6920 7296 7297
S 1568 1922 1923
S 5806 6085 6086
M 961 773 1054
S 4750 6736 6737
S 2929 3593 3594
S 4020 4042 4043
S 1709 1732 1733
M 1001 1411 1496
S 2659 2827 2828
M 5585 5525 5882
S 2849 3095 3096
M 1997 2088 2147
M 6799 5919 7237
S 4485 5523 5524
M 1440 1345 1460
S 4634 5527 5528
S 103 105 106
M 4211 4252 4329
S 3969 4230 4231
S 5548 6505 6506
S 1906 2308 2309
S 547 658 659
S 6351 7587 7588
S 2549 3435 3436
S 6483 6575 6576
S 7004 8054 8055
M 4242 4153 4394
M 6823 7763 8033
S 3656 3710 3711
S 3861 4020 4021
S 1791 4125 4126
M 4323 4194 4350
M 2181 2360 2365
S 4058 4773 4774
S 2039 2160 2161
S 6297 6534 6535
M 3534 3523 3969
M 8049 6553 8081
S 1407 1482 1483
M 310 326 330
S 2226 2299 2300
M 1265 1644 1741
S 7196 7289 7290
M 90 79 94
S 4507 5533 5534
M 1970 2347 2439
M 993 1199 1211
S 628 637 638
M 995 956 1154
S 6127 6376 6377
S 1798 2028 2029
M 4008 5418 5464
M 2692 2186 2720
M 5411 6991 7226
M 6907 7440 7572
M 6745 6775 8177
S 5800 6259 6260
S 1762 2331 2332
S 5780 5781 5782
M 579 591 624
M 3552 3460 3867
M 4227 4078 4280
S 1784 1949 1950
S 5789 6132 6133
S 3652 3794 3795
S 2455 3358 3359
S 6488 7699 7700
S 6914 7540 7541
M 4707 5834 6252
M 3513 3679 3681
S 2613 3250 3251
M 6443 7383 7672
M 4969 3309 5225
S 793 1678 1679
M 1475 1401 1550
S 4116 4158 4159
S 2458 2911 2912
S 5590 5848 5849
M 6510 6132 7140
S 6179 7505 7506
M 4108 3834 4176
M 7096 7346 7450
M 6959 6919 7280
S 2215 2462 2463
M 3822 3940 4224
M 317 325 333
M 647 1522 1524
S 852 1061 1062
S 243 434 435
M 126 125 132
S 5632 5691 5692
M 6906 6453 7339
S 2431 2533 2534
M 1832 1808 1958
S 3849 3990 3991
S 7152 7230 7231
M 7543 7079 7954
S 6176 6674 6675
S 288 402 403
S 4796 5288 5289
S 471 495 496
S 7649 7705 7706
M 2425 2378 2586
S 1719 1985 1986
M 4897 5066 5415
M 6262 7165 7214
M 7007 7611 7803
S 654 683 684
S 3162 3598 3599
S 3281 4495 4496
S 3277 3745 3746
S 6700 6945 6946
S 521 641 642
M 2094 1829 2136
M 2706 2725 2789
S 6757 7055 7056
M 4248 4236 4322
S 7782 8276 8277
S 714 854 855
M 5797 6035 6074
M 2697 2447 2816
M 955 718 999
S 2222 2281 2282
M 676 636 717
S 7103 8202 8203
M 51 46 66
M 3235 2786 3434
M 2641 2624 3094
S 2008 2249 2250
S 3317 3578 3579
S 845 858 859
M 3428 3079 3609
S 4296 4739 4740
S 6373 6396 6397
S 4922 5303 5304
M 8207 7348 8218
M 1233 964 1273
S 6005 8140 8141
S 825 972 973
M 1220 1167 1675
S 1852 2040 2041
S 6285 6959 6960
M 101 123 127
S 3678 5467 5468
S 1373 1435 1436
S 1368 2044 2045
S 3484 3682 3683
M 6322 6582 6823
S 696 1104 1105
S 7148 8214 8215
M 2137 2253 2357
M 3986 4490 4801
M 5319 5857 7097
S 5500 6272 6273
S 2733 3448 3449
M 7042 7467 7502
M 3005 3316 3622
M 6052 7711 7843
M 3800 3769 4081
S 2375 2421 2422
M 607 631 646
M 4637 5121 5123
S 7151 7786 7787
S 5697 6353 6354
S 5967 6069 6070
S 3795 4415 4416
M 5628 7505 7943
S 2340 3801 3802
S 3614 3935 3936
S 4736 6116 6117
S 3554 3868 3869
M 2047 1842 2382
S 4403 5679 5680
M 2616 2083 2813
M 4293 5018 5140
S 3666 3905 3906
S 5699 6205 6206
M 2342 2940 3030
S 7036 7596 7597
M 7051 7825 7946
M 6943 5472 6995
S 3089 3613 3614
M 4540 3259 4546
M 6976 5379 7223
M 3204 3102 3300
M 203 227 238
S 4892 5703 5704
M 7510 5889 7766
M 3892 3684 4088
S 915 1615 1616
S 1569 1791 1792
S 7626 8052 8053
M 5621 5633 5712
M 351 437 440
S 2880 3679 3680
S 4201 4232 4233
M 5104 5720 6052
S 7241 7342 7343
S 1813 1868 1869
M 5371 5195 5613
M 6108 7182 7746
S 60 62 63
S 7191 7418 7419
M 697 690 755
S 1336 1544 1545
S 6033 6988 6989
M 3702 4188 4189
S 36 43 44
M 5701 5980 6222
S 2031 2242 2243
S 5298 5314 5315
S 7039 7819 7820
M 4007 4399 4488
M 6464 6334 7067
M 1218 1040 1260
S 382 409 410
S 4332 4463 4464
S 4503 4641 4642
M 401 406 421
M 4442 4787 4793
S 7294 8175 8176
M 6129 7582 8086
S 297 307 308
S 3906 4551 4552
M 2496 2171 3236
M 328 302 349
S 5033 6257 6258
M 3010 2981 3142
S 2203 2374 2375
S 6841 7144 7145
S 5464 5751 5752
M 5215 5235 5416
S 3337 3438 3439
S 6216 7808 7809
M 3366 3292 3428
M 5537 5376 5622
S 3474 4644 4645
M 4358 3398 4401
S 3707 4748 4749
S 1066 1197 1198
S 1952 2180 2181
S 3616 4192 4193
M 1363 833 1443
S 3737 5432 5433
M 5331 6476 7203
M 7293 8002 8080
M 3628 3808 3955
S 5281 6038 6039
S 2041 2046 2047
S 3830 4284 4285
M 4441 4320 4456
M 2231 2567 2672
S 3015 3188 3189
M 2010 2038 2223
S 3013 3330 3331
M 2180 2637 2801
S 2522 4095 4096
M 2258 2284 2313
M 5236 6559 6738
M 5301 5049 6124
M 836 785 839
S 7180 7183 7184
S 1296 1485 1486
S 7332 7858 7859
M 5748 5811 6567
S 1202 1385 1386
S 947 1071 1072
S 5421 6181 6182
S 1472 1557 1558
M 6886 6893 7106
M 1431 1845 1853
S 6623 7344 7345
S 3571 5326 5327
M 7323 7457 7910
M 2500 2316 2678
M 1692 1848 1893
M 6818 6967 7435
S 3850 4868 4869
M 5518 4784 6622
S 3449 4090 4091
S 2144 2427 2428
S 1203 1263 1264
M 5668 5708 5974
M 1865 1898 1899
S 4815 6152 6153
S 4030 4104 4105
M 3638 2951 3659
M 2409 2162 2618
S 1566 1722 1723
S 3291 4286 4287
M 1076 986 1097
S 5225 5668 5669
S 7673 7784 7785
S 6462 6593 6594
S 6777 7870 7871
S 165 175 176
S 5134 6405 6406
S 1838 1864 1865
M 665 972 1005
S 6101 7524 7525
S 3624 3738 3739
M 2007 1598 2414
M 4533 5161 5321
S 2588 2702 2703
M 3897 3507 3988
M 4825 4175 5939
M 1382 1323 1577
S 688 712 713
S 3630 4038 4039
M 5399 6198 6852
S 6468 6997 6998
M 4010 4542 4633
S 4026 5570 5571
M 6009 5872 6140
S 5753 6417 6418
S 4499 5186 5187
S 2303 2339 2340
S 5138 5404 5405
S 968 970 971
S 2479 2573 2574
M 7342 8098 8155
S 4350 6267 6268
M 2550 3069 3215
M 122 111 129
M 2860 4989 5375
M 3785 3018 4016
M 5858 6213 6459
S 1125 1191 1192
S 10 22 23
M 5898 6294 6615
S 7354 8071 8072
M 4047 3921 4946
S 3788 4031 4032
S 6642 7431 7432
M 5560 6375 6525
S 6686 7727 7728
S 1674 1687 1688
M 7140 6411 7218
S 4222 4410 4411
S 6689 7165 7166
S 7741 7879 7880
M 1980 2509 2631
M 1114 750 1252
M 6029 6261 6764
S 1346 3031 3032
S 1393 1695 1696
S 5674 5835 5836
M 1495 1487 1717
S 898 1089 1090
M 4928 3747 5330
M 4439 5047 5065
M 14 2 17
S 2633 2662 2663
M 2188 2209 2552
S 5968 6028 6029
M 789 780 1004
M 4055 3805 4151
S 3035 3261 3262
S 1821 1889 1890
M 3326 3660 4600
S 5475 6513 6514
M 1920 2262 2338
S 3728 3872 3873
S 2276 2334 2335
M 2665 2235 2817
S 3137 4390 4391
S 555 653 654
S 6062 7959 7960
S 938 1157 1158
M 6622 5403 6909
S 3631 3781 3782
S 6982 7491 7492
M 907 931 949
S 1331 1625 1626
M 7222 6950 7881
S 545 671 672
M 1143 1273 1284
S 5947 6954 6955
M 4054 3724 4262
M 5406 5185 5901
S 1169 1281 1282
M 3078 2115 3471
S 4308 4715 4716
M 1126 1248 1384
M 1633 1597 1651
S 1959 2055 2056
M 54 68 74
S 466 513 514
M 3511 3741 3841
S 3311 3755 3756
M 4751 4695 4760
M 2690 4642 4952
S 4017 4379 4380
M 3761 3835 3952
M 2365 2559 2564
M 2834 3080 3301
S 4128 5134 5135
M 4705 3496 5066
S 2946 4140 4141
S 1316 1371 1372
M 2760 2947 3029
M 2814 6530 7488
M 5666 5397 6114
S 5009 5098 5099
M 2775 3264 3823
M 3556 1175 4124
S 2959 3723 3724
S 828 843 844
S 6719 6964 6965
S 2531 2751 2752
M 4463 4489 4499
M 4661 4402 4857
M 5542 6268 7916
S 1752 2008 2009
S 286 547 548
S 1110 1308 1309
S 8 18 19
S 2325 2458 2459
S 4364 4392 4393
S 5344 5785 5786
M 5702 5845 5847
M 2888 2446 3141
S 4004 4652 4653
M 7952 6067 8087
S 1595 1603 1604
M 4317 4059 4649
S 5455 6479 6480
S 3812 5052 5053
S 7388 7908 7909
M 3623 4941 5095
M 2925 1908 3017
S 6117 7460 7461
S 6449 7555 7556
S 6762 7754 7755
S 5571 7171 7172
S 4595 5257 5258
M 2813 3031 3105
M 1229 985 1274
S 748 856 857
S 815 1393 1394
S 4166 4705 4706
M 1553 1978 2214
S 693 1539 1540
S 1953 2666 2667
M 2886 3043 3712
S 89 135 136
S 4883 4981 4982
S 3914 4358 4359
M 5144 5531 5767
S 4190 4268 4269
S 4277 4501 4502
S 679 1149 1150
S 4788 6509 6510
M 3896 4373 4772
S 1550 1623 1624
M 7357 7396 7633
M 5079 6617 7501
S 2056 2171 2172
M 5457 5769 5770
M 3166 2194 3343
M 1130 1004 1268
S 5014 5079 5080
S 5501 5584 5585
M 7575 7724 7833
S 4575 5394 5395
S 263 264 265
S 3359 4053 4054
S 705 956 957
S 1445 1601 1602
M 2486 1826 2571
S 4180 5600 5601
S 6833 7026 7027
S 6475 6914 6915
S 1056 1143 1144
S 860 1542 1543
S 6084 7011 7012
M 1395 1276 1444
S 5070 5220 5221
S 1194 1590 1591
S 2032 2091 2092
S 4060 4365 4366
M 1505 1096 2211
S 3858 4435 4436
S 2246 2493 2494
M 2004 2751 2795
S 3899 4259 4260
S 7085 7503 7504
S 486 836 837
S 548 569 570
S 2827 2952 2953
M 2335 2639 2826
M 3376 3275 3507
S 1646 1736 1737
S 3336 4432 4433
M 3827 3254 3962
S 2302 2336 2337
M 113 124 150
S 6714 7287 7288
M 2397 2077 2517
S 1729 2625 2626
S 4224 5265 5266
M 3776 3541 3793
M 1902 2403 2520
M 487 505 572
M 4846 4647 5659
M 4497 4294 5267
M 2721 3512 4068
S 6567 6708 6709
S 3392 3812 3813
S 764 850 851
M 4988 3722 5047
S 80 82 83
M 3091 2520 3900
M 4250 4853 4856
M 6460 4974 6631
S 1305 1536 1537
M 900 1168 1196
S 2938 3166 3167
S 3282 3465 3466
M 3383 3118 3472
M 3408 3663 3866
M 3217 3287 3321
M 299 308 310
S 730 834 835
S 3029 4062 4063
M 5242 4158 5342
M 6561 7132 8156
M 2754 2847 3362
S 2967 3066 3067
M 1945 1302 1953
S 887 1127 1128
S 4120 4177 4178
S 388 616 617
S 1665 1684 1685
S 4641 5352 5353
S 2460 2518 2519
S 4612 5173 5174
S 4878 5035 5036
M 2085 2134 2210
M 5316 5284 7189
S 3415 4721 4722
M 3314 3276 3317
S 7529 7997 7998
M 3109 3223 3405
M 3658 3473 4199
S 6328 8074 8075
S 5609 5991 5992
S 1958 2197 2198
S 3671 4033 4034
S 6050 6319 6320
S 5561 5783 5784
M 2595 2488 2677
M 6550 7439 8224
M 6896 6971 7818
S 4984 6034 6035
M 3817 4753 4864
S 233 234 235
S 6032 6333 6334
M 1081 752 1085
M 3471 2289 3506
S 6917 7517 7518
S 6018 6030 6031
M 3470 3516 4535
M 1903 1947 2064
M 5062 4916 7045
S 3240 3384 3385
M 5077 4387 6524
S 6016 6174 6175
S 4003 4273 4274
M 7642 7624 7952
S 886 897 898
M 2109 2493 3022
M 1607 1857 1911
M 3592 6006 6308
M 416 405 443
S 5910 6562 6563
M 4712 4325 4759
S 4541 4727 4728
S 5447 5652 5653
M 6163 6423 6609
S 5882 6797 6798
S 3227 3564 3565
M 3890 3436 3899
S 569 674 675
S 5299 5494 5495
M 3725 3680 4275
M 6429 6447 6464
S 3273 3892 3893
S 1611 1676 1677
M 4578 2279 4997
S 1211 1364 1365
M 7561 7905 8160
S 3778 5101 5102
S 5466 5802 5803
M 5722 6446 6633
M 7353 7804 7961
M 6452 6508 6967
M 6065 5097 6794
M 1098 991 1520
S 2373 2689 2690
M 5626 6219 6584
S 3775 3926 3927
M 4900 4943 5297
M 3462 2523 3550
S 3578 3623 3624
S 4225 4257 4258
S 7753 7836 7837
S 5045 6083 6084
S 6583 7688 7689
S 2498 2588 2589
S 7869 7989 7990
S 5155 5829 5830
S 3519 3584 3585
S 1770 1918 1919
S 6865 7141 7142
S 656 750 751
M 983 980 1045
M 4877 4494 5567
S 7929 7978 7979
S 1266 1328 1329
S 4990 5072 5073
M 3315 3339 3539
M 1711 2734 2878
S 3842 5969 5970
M 281 276 291
M 6049 5386 6271
S 5072 5294 5295
M 6836 7017 7206
M 7257 5190 7751
M 4797 4861 4941
M 4866 5177 5188
M 3650 3440 4116
M 22 26 34
M 3582 4303 4741
M 7267 5660 7357
M 3161 3472 3744
M 4802 5101 5474
S 4484 6503 6504
S 2861 2947 2948
S 1618 1808 1809
M 646 640 651
M 3116 3224 3270
M 791 707 921
M 1878 1847 2324
S 37 39 40
M 217 219 225
M 62 52 67
S 4650 5209 5210
M 4152 4288 4434
S 5550 6309 6310
S 6008 7838 7839
S 3639 3650 3651
S 5003 6490 6491
S 2196 2387 2388
M 5165 5556 7467
M 3463 3806 3879
M 6000 5683 6662
M 3399 3520 3580
M 5440 6359 6653
S 5971 7389 7390
S 1765 1821 1822
M 2452 1581 2549
S 7100 7393 7394
S 6904 7901 7902
S 4457 5002 5003
S 3752 5381 5382
S 2483 2508 2509
M 2394 2256 2570
M 2037 2003 2175
S 6271 6451 6452
S 1079 1463 1464
S 4378 4570 4571
S 2668 2746 2747
S 2682 2710 2711
S 3649 4356 4357
M 6625 6941 7855
S 3160 3687 3688
M 106 155 158
S 5113 5129 5130
M 2858 3852 4420
S 7604 7707 7708
S 699 852 853
S 4720 4983 4984
S 7390 7413 7414
S 2991 6859 6860
M 4477 4142 4713
S 3153 3446 3447
M 5273 6649 6975
M 1138 1756 1844
S 6244 6742 6743
S 5810 5963 5964
M 3713 3879 4067
S 284 320 321
M 2495 2524 2729
M 6556 4701 7077
M 6161 6652 7445
S 2670 3062 3063
M 5724 5876 6215
S 2855 3216 3217
M 3268 3256 3283
S 2895 2934 2935
S 6706 7071 7072
S 3995 4245 4246
M 6527 5779 6999
M 1651 1823 1854
S 1435 1534 1535
S 807 867 868
S 5843 5944 5945
M 5129 5208 5871
M 4725 5154 5261
M 2307 1923 2328
S 1689 1784 1785
S 2291 2883 2884
S 2672 2818 2819
S 2197 2349 2350
S 5787 6672 6673
M 6997 7223 7335
M 3168 4039 4200
S 5209 6473 6474
S 1858 1895 1896
S 115 138 139
S 1554 1619 1620
S 1576 2529 2530
M 7498 8037 8180
S 6047 7568 7569
S 7116 7788 7789
S 1327 1406 1407
S 6786 8260 8261
S 7509 8132 8133
S 768 940 941
S 5931 6300 6301
S 6252 6457 6458
S 6615 7411 7412
M 6729 7034 7311
S 427 431 432
M 2243 2819 3056
M 4438 4506 4537
S 2304 2400 2401
M 7838 7321 7982
S 6663 7063 7064
S 4235 4317 4318
S 1555 1659 1660
M 3372 3548 3946
S 7772 8008 8009
S 952 954 955
S 4334 5359 5360
S 3294 3762 3763
M 2852 2937 3540
S 2570 3077 3078
M 4219 4339 4707
M 2139 870 2159
M 531 512 541
S 6445 7353 7354
S 44 64 65
S 1942 2030 2031
S 801 1212 1213
S 2155 3111 3112
S 7721 8006 8007
M 2762 1971 2792
S 1965 3493 3494
S 3863 4998 4999
M 7255 8167 8206
S 2572 2629 2630
S 4382 4412 4413
S 2990 3040 3041
M 3609 4035 4608
S 72 86 87
M 7083 6051 7229
S 3353 3408 3409
S 7352 7370 7371
S 5173 5709 5710
M 6003 6502 6561
M 6221 7410 8095
S 5202 7968 7969
M 5509 5881 6564
M 2300 2321 2709
S 2133 2188 2189
S 978 1098 1099
S 5536 5843 5844
M 4706 4732 4831
M 6621 6232 6744
S 2735 2833 2834
M 1504 1849 1855
S 4629 4768 4769
S 2473 2562 2563
S 1492 1513 1514
M 1007 1190 1279
S 6515 7716 7717
M 4703 5043 5649
M 6335 5162 6578
M 1932 2156 2516
M 2020 2170 2203
S 7690 8042 8043
S 648 918 919
S 753 810 811
S 3021 4508 4509
M 6797 7530 8110
S 2744 3309 3310
M 6884 7174 7468
S 4244 4987 4988
S 1551 1887 1888
S 5819 5858 5859
S 4449 4695 4696
M 1649 1605 1718
S 6456 7391 7392
S 2009 2166 2167
S 6419 6498 6499
S 7768 7914 7915
M 2352 2730 2769
S 2328 2415 2416
S 4901 5181 5182
S 2229 2239 2240
S 686 909 910
S 3469 4098 4099
M 198 275 313
M 2191 2290 2312
M 5589 5340 5623
S 6795 7212 7213
M 7470 7109 7713
S 3798 3907 3908
M 4453 4416 4490
S 805 1145 1146
S 4056 5501 5502
S 594 665 666
S 2082 2104 2105
S 7024 7610 7611
M 3388 3476 3527
S 1943 2325 2326
M 2066 3490 3568
M 6305 5855 6502
S 5912 6227 6228
S 6442 6684 6685
M 2833 2591 3152
S 410 460 461
S 205 350 351
M 2148 2161 2228
S 3382 4347 4348
S 5906 5915 5916
S 2606 3360 3361
S 206 213 214
S 3504 3657 3658
S 5383 5705 5706
S 1020 1209 1210
S 2311 3637 3638
M 4495 4475 5723
S 4898 5867 5868
S 5893 7167 7168
S 1957 2244 2245
M 2124 2149 2174
S 3313 3378 3379
S 585 678 679
S 1262 1295 1296
M 792 1325 1412
M 1264 1008 1280
S 3931 4373 4374
S 1686 2130 2131
S 600 735 736
M 7163 7289 8208
S 5283 7928 7929
M 168 166 174
S 1860 2081 2082
M 2234 2651 2726
S 1974 2079 2080
S 5562 6371 6372
S 245 289 290
S 4976 6241 6242
S 5646 5985 5986
S 5408 7821 7822
M 478 625 657
S 1802 2577 2578
S 2177 2322 2323
S 586 727 728
S 1065 1162 1163
S 3413 4270 4271
S 1178 2036 2037
M 1111 1071 1142
M 7071 7472 7609
M 2183 2089 2219
S 5197 5812 5813
S 6537 6599 6600
S 420 520 521
S 1577 1818 1819
S 4433 5089 5090
M 4023 3975 4093
S 4891 7291 7292
M 3644 3349 3777
S 4569 5602 5603
S 1904 1947 1948
S 361 385 386
M 7361 7591 8245
S 369 500 501
S 6658 7002 7003
M 5577 6225 6470
M 2662 2673 2713
S 3141 3242 3243
M 7441 6664 7851
M 4966 5353 5522
S 3898 5043 5044
M 1596 1669 1720
M 6509 5866 6962
M 1722 2154 2251
S 7088 7846 7847
S 1899 2100 2101
M 7322 7546 7955
S 169 181 182
S 3950 3979 3980
M 3878 3494 4977
M 4267 3880 4487
M 498 394 525
M 2081 3766 4679
M 3924 5567 5946
S 1680 2233 2234
M 354 357 391
M 2715 2434 3140
M 1520 1804 2004
S 2233 3101 3102
M 1523 1365 2495
S 5210 5305 5306
M 2257 2600 2655
S 6331 7697 7698
S 6303 7318 7319
M 3327 3487 3559
M 3549 2579 4448
S 92 125 126
M 1261 1251 1415
S 7248 7815 7816
M 5551 4730 5632
M 6806 6209 7386
M 5817 6601 7243
M 3973 4239 4832
M 1170 1623 1768
S 733 782 783
M 4620 6746 6903
S 2293 5021 5022
S 3456 3944 3945
S 3059 3130 3131
S 1116 1341 1342
S 3335 4218 4219
S 4459 4664 4665
S 2823 3161 3162
S 4213 5739 5740
M 4991 6186 6299
S 2330 2437 2438
S 1656 2464 2465
S 216 258 259
M 2219 1409 2402
S 2185 2902 2903
S 6168 7047 7048
M 7876 7906 8101
S 3278 3693 3694
M 6742 6616 6904
S 192 220 221
S 7411 7493 7494
S 2329 2447 2448
M 1422 1452 1475
S 2314 2345 2346
S 4500 4699 4700
M 911 895 1180
S 4182 4522 4523
M 6149 7436 7741
M 2237 2236 2426
M 1032 1104 1116
M 2972 3303 3577
S 6296 6591 6592
S 5584 6110 6111
S 3579 4708 4709
M 5106 5213 5951
S 6635 7132 7133
M 6318 6897 7102
M 5266 5303 5403
M 213 201 218
M 2320 2494 2550
M 605 671 756
S 137 144 145
S 742 942 943
M 3621 2958 3918
S 4801 6064 6065
S 2389 2967 2968
M 5718 5636 6386
S 7890 7926 7927
S 6660 6682 6683
S 4544 5487 5488
M 296 258 309
S 1935 1956 1957
S 2372 2748 2749
M 1092 1139 1245
M 6848 6909 7217
S 831 914 915
S 704 706 707
S 241 274 275
S 3588 3815 3816
S 1699 1825 1826
M 4914 4964 5913
M 876 761 945
M 7119 6923 7634
S 6036 6079 6080
M 6364 7583 7666
S 4734 5592 5593
M 2266 1874 2288
S 1257 1302 1303
M 1508 1503 1622
S 5481 5794 5795
S 4246 5364 5365
M 7443 6242 8026
S 5727 6156 6157
S 4359 5117 5118
S 3432 4297 4298
S 1929 2142 2143
S 4780 6190 6191
S 3425 3874 3875
S 2720 2893 2894
S 5497 5615 5616
M 2002 1684 2065
S 4298 4384 4385
M 1873 1869 2025
M 5093 5395 5435
M 7756 4496 7923
S 3687 3803 3804
M 4426 4178 4627
S 2501 3281 3282
S 4519 4932 4933
M 3690 3789 3850
S 2092 2226 2227
S 5527 7478 7479
M 917 933 1055
S 1473 1810 1811
M 3962 4005 4025
M 4305 4249 4561
M 1112 970 1132
M 7044 7155 7692
S 6207 6660 6661
S 1243 1469 1470
M 6696 4625 6922
S 3974 4278 4279
S 7759 8233 8234
M 316 301 322
S 4865 5590 5591
S 4852 5032 5033
S 6822 7782 7783
S 1355 1499 1500
S 4372 4404 4405
M 7123 5528 7380
S 4307 4671 4672
M 4648 4590 4828
S 2280 3274 3275
S 3136 3298 3299
S 4515 4646 4647
M 5856 8211 8259
M 5733 6385 6523
M 5432 5211 5658
S 776 905 906
M 5119 6653 6686
M 1949 1687 1962
S 3234 3819 3820
M 816 850 890
S 7703 7993 7994
S 1998 2273 2274
S 3746 4295 4296
S 5996 6012 6013
S 608 676 677
S 1792 1930 1931
M 4226 3981 4829
S 5992 7253 7254
M 1145 1715 1817
S 1584 1920 1921
S 2930 3734 3735
S 5995 6092 6093
S 3176 3232 3233
S 4708 5331 5332
M 5658 5932 7635
S 2306 2355 2356
S 6090 6756 6757
S 4663 4916 4917
S 5473 5598 5599
S 3112 4209 4210
M 4251 4179 4334
S 1679 1793 1794
M 331 346 361
M 392 380 433
M 3290 2865 3510
S 247 279 280
M 3669 3836 3976
S 2997 4402 4403
S 2356 2609 2610
S 2499 2922 2923
M 1458 1267 1567
S 6825 8122 8123
M 6007 6079 6106
M 5924 6485 6665
S 5275 5419 5420
M 1388 1811 1946
M 69 77 84
S 1165 1172 1173
S 5836 6730 6731
S 3486 3504 3505
S 5483 6687 6688
M 3147 3133 3273
S 862 1094 1095
M 4871 5434 5750
M 1153 1088 1257
S 2441 2598 2599
M 7706 7739 7781
S 244 296 297
S 4392 5207 5208
S 4955 7576 7577
S 6646 6917 6918
S 965 991 992
M 6330 5647 7090
M 3369 3179 3503
S 638 655 656
S 3407 3645 3646
S 481 506 507
M 1501 1624 1649
M 2436 2432 2742
S 1632 2071 2072
S 6486 6704 6705
S 4105 4556 4557
S 1933 2000 2001
M 435 434 451
S 1013 1086 1087
M 2955 3497 3886
S 6134 7426 7427
S 826 1075 1076
M 1725 1619 1769
S 4315 5241 5242
M 2396 1907 2413
M 4184 4025 4364
M 882 943 1036
S 7094 7272 7273
S 725 869 870
S 2429 2566 2567
M 5896 6481 6710
S 4643 5037 5038
S 5317 6623 6624
S 7518 8216 8217
M 1089 1052 1251
M 5133 4112 5339
M 2688 3088 3097
M 6741 6816 8047
M 3452 4824 4906
S 4162 5244 5245
M 1602 1481 1608
M 1433 1468 1578
S 7818 7938 7939
M 3165 2935 3304
S 1799 1840 1841
S 4324 5084 5085
S 3633 4011 4012
S 6448 6547 6548
S 5844 6357 6358
S 2904 3138 3139
M 612 396 643
S 5641 6231 6232
M 1277 1272 1476
M 2087 2259 2318
S 147 153 154
S 4150 4660 4661
M 6827 5832 6974
M 1732 2120 2232
M 4704 6325 6697
S 6414 6573 6574
S 459 492 493
S 5304 5357 5358
S 6150 7331 7332
M 767 758 805
M 526 542 633
S 5492 5933 5934
M 5109 5573 6094
532 232093512
3746 183423561
1164 176707202
65 75837142
2551 128486020
2286 209406450
3610 238079116
3443 29232451
550 40678849
1764 170930362
4034 54816587
1619 152667759
106 151520127
4585 160984177
2100 236938669
1647 146284545
1901 28017381
3334 68209390
2541 207168166
1237 234679615
4447 11098657
4406 50951684
2910 194482439
832 237169259
1783 58550388
670 106012604
1388 153260208
4885 210840477
3785 216782046
3660 150578714
4613 41486684
4631 156261039
4777 233384358
4938 97329462
1584 150274300
414 117659748
720 110518820
4394 191297926
464 37297293
1920 36976342
4573 97858518
4760 134534830
585 57501916
577 161673103
2980 204359336
4708 160956570
317 76437267
2147 122498008
3984 53363131
76 140203629
4187 10244125
2648 230407233
3108 62891494
2709 221796380
356 117889516
330 225975001
1375 90891899
1437 84173801
1607 22215500
4156 137188949
433 138795395
153 149021111
1285 139258052
916 19713397
2367 226064043
1337 221681841
975 59312581
2632 86754997
1853 70419785
4566 25859315
4195 41398323
2335 171514081
1360 11769193
2825 116639918
4012 45035278
2136 144249359
4665 225899712
2749 85127758
5026 206911587
3838 153754876
3099 2869997
4073 194085302
1334 168322465
2159 96944972
2238 94162584
717 23944493
3606 10742565
2278 48384593
4177 105653464
276 231878270
5126 203052380
842 47072238
2512 94398879
3914 43081850
1112 174067409
2113 80233046
1091 190487212
4132 7314438
1228 58337910
2545 221932293
3695 45509640
1845 220332333
4897 163154037
2541 24718541
4014 66934258
3911 25118373
979 49705787
3864 172879794
415 10330759
2545 47161437
2666 170719086
1789 160173673
1782 136441961
2748 230642998
2912 76883120
4168 136171474
973 124311653
731 74371953
762 96388821
1142 176355739
4585 188028042
544 25799526
1442 190508511
4969 15995494
170 174900182
762 166518683
4399 18229662
4390 197113204
4306 73579258
2020 142783599
3786 166537803
5044 81800677
2962 35501743
1500 80626997
2907 66073056
4593 165695525
2271 182495195
2559 129895042
2668 203756615
4590 164738447
1214 29203027
422 26053478
482 106782846
4167 195030049
10 173401930
950 110441620
2304 148479275
4983 193511356
3253 135753360
2645 18782772
4501 50860040
4737 74589721
1020 62724980
1660 203588495
4853 214441246
4440 175670243
1717 90380640
2109 30111129
1344 131822180
1545 46762009
3758 224052180
631 101193094
2566 143204834
1822 38514422
103 61662275
3563 93180310
537 217335691
4996 58981065
196 2822469
4136 172008801
3836 128016374
860 74657739
3708 211443482
2744 226195891
2252 181949152
4434 227374747
4739 238044708
3418 80241982
1498 10687792
3491 6072210
5181 8091503
1871 95295177
4727 177732917
2144 221700834
505 217351368
217 22150868
3422 15901712
1513 143450301
2919 227941853
596 2053210
3604 172349512
2755 25071792
1907 142411649
4280 231617953
1309 4904839
1789 117587664
2820 210929478
3677 26760766
2008 193869912
430 6654849
3665 209859439
2819 144627443
4231 66861210
4746 188394444
3209 64241147
4643 227838711
2590 234693364
2934 15993248
3182 198526916
3136 1200093
1584 104732530
3684 66270028
3179 10290361
4174 191086579
4751 135596916
2520 183597121
998 105512941
2443 28664300
1244 60522660
4770 214132679
333 140208078
554 191274378
3515 56098712
3766 91114132
4379 124636603
2670 54387766
91 178391166
4627 189680856
1040 122274477
4016 232081964
1208 6301020
1767 206956737
2509 52369101
232 61961969
40 173025683
3890 348092
566 102421603
945 5283895
2413 180713078
1108 139901724
4186 152603749
4268 82393758
3582 227186
106 200709620
2115 159714878
3879 127432433
4806 172553694
3751 33609552
4633 61732194
1091 180098242
3370 202991461
931 160380235
4249 14741395
640 131682786
4976 218780655
3110 143027345
4792 125684298
3920 211812831
3820 99860653
923 229996677
1755 14177139
3126 121258909
88 114049182
2666 142113290
1270 186167344
4878 103460610
5042 143256541
1051 235158089
1670 83018855
3569 109050160
3621 122089766
1771 145319697
1347 100464258
1505 109117955
883 44674946
4180 170875688
3471 137601901
4222 194876595
4744 51108929
1525 154671633
1135 66534673
3552 64595455
2822 230166204
4937 70524032
251 2048804
4773 223320386
4625 80454175
2633 60835626
405 9198497
2504 44172646
2933 187952284
1797 50210661
4161 121316978
489 197937574
300 182536302
3195 46303910
4324 224871383
5090 81328430
3734 75791749
1851 117470721
1188 135205808
1807 188653706
1111 58173554
4539 79733450
2350 8319138
829 36861718
3998 98288363
3471 101212037
3628 68425603
4100 17429244
4957 161283094
5179 221499086
3978 123527888
4691 180893702
3587 161500234
3207 174250427
3032 34175694
5031 208120769
3598 148295165
2115 182221328
2224 206295551
4762 107802129
4625 181695718
2778 169471847
3321 97617539
3804 172830497
1950 59098449
1484 190771352
1873 117240895
3075 53127860
4703 8903281
196 80394762
1482 102732150
2994 158595617
3131 195744977
2355 24291364
2361 193720738
54 197524462
1774 40154323
3716 88385812
4979 29251101
4323 52385831
2334 177754255
433 230303746
703 73670884
2148 87185256
3171 6368266
3980 223555935
559 88962468
2706 63813923
4013 133026952
2593 148015692
3234 140423210
2355 372936
4216 155355314
2241 96278549
1817 80002029
1016 34996037
3589 238857873
1887 88215484
4355 37316845
2159 228743402
4498 114932343
3920 221851391
4748 202342824
1634 162009977
4052 220611190
1318 25816335
3969 43260292
860 140085402
1346 27933544
3383 40005791
1316 170162414
1698 8613058
4049 14689926
2845 168842096
3019 47331581
4838 65995205
2245 149618345
3976 114155094
4667 56936182
4782 29968010
2285 189542794
744 146260312
262 226195180
4876 221844540
3823 15537638
2560 169852584
3335 83930837
2470 4707314
3640 24694984
3485 92837666
3009 42091773
3810 138241362
1235 131605123
1761 14764762
5161 103170174
4566 42882967
3598 202332193
1807 34538112
1529 152949669
2542 27275651
1880 121893966
1501 184408154
3590 36237588
1369 112068369
1816 80137142
1825 167756310
3250 143115371
4840 119201533
3759 18241031
2736 160869174
2576 124125515
3790 121159080
2213 203395083
2446 101070094
3753 78838802
3726 9267459
3883 197594820
2539 116360112
1120 26806675
1785 225370215
2182 4751592
3430 97573638
1932 164003582
4858 108397618
2848 49289794
364 42312671
2369 59410589
764 113738611
2017 135233276
3984 83406656
3512 201554799
2303 79133033
3112 119303471
3974 105896056
3434 33169189
3640 62964607
1263 42493177
4087 120219373
61 185462807
1829 66609566
2990 216245766
3580 123225630
1951 129401329
3960 14152214
1649 141286331
1081 377656
2365 170615938
4346 62416877
4720 128836223
2816 71934224
915 220373657
3992 146896220
2721 211222227
178 29407747
21 155526828
3020 96769417
4096 172499089
1515 3996093
4568 167262580
4711 147883653
2309 69098569
4733 104723246
3674 218075341
926 219476656
3290 120023016
123 11214184
2103 28814051
2972 128621431
2815 44270610
3722 65653896
3149 120418941
1121 23934701
5119 210101990
4211 135298121
816 149722404
4469 45120814
2226 74861127
63 148375482
1392 218346106
4036 41114501
900 12223943
4498 86092487
3867 126700916
4730 230947595
3363 141247688
4663 152377218
4345 213979652
2712 220860203
670 19856005
3909 67379022
3631 94306000
1646 16125903
4067 154174628
689 88832357
1821 143693495
5150 84832187
52 216993739
1631 164319573
3193 135659473
2235 99313290
2041 66045197
2657 21353690
1633 121883381
1108 234573234
68 194076275
577 100076942
2902 183063591
4573 96988977
244 2079082
1604 31301228
3849 54629122
3394 136744342
549 167678609
942 79695475
1848 132552926
3816 151541747
4064 100714378
4383 114038747
1846 207116665
4753 63574767
2251 193876634
2369 208435385
380 153140313
699 146225600
4974 111675389
1995 25201133
5055 124349792
3810 84516597
2670 158081310
4179 181661139
867 163306931
2998 105310003
3921 128855870
1052 169965908
1091 162749384
4894 193346933
236 48120753
1699 36649871
1709 190627478
4821 63688708
1594 228739039
2161 216763420
3231 94923571
3451 15694928
2786 173922372
3729 5995472
572 206975650
1410 212844531
2252 40773848
1300 43691103
4220 159552865
2696 176726365
4671 236198362
4968 33159318
1811 170607277
2024 111414373
3338 11813426
1833 184995019
4034 14349586
4150 104213431
801 155084819
435 31817742
4166 192425651
175 31175939
2100 186310756
1677 122218680
1067 43228331
3200 154775474
4347 46462281
1649 101179855
1021 153435715
1958 54093639
1521 212711027
1095 208012371
1608 76504310
3289 80204089
3239 208885056
4008 118523853
4893 230106707
1210 160048159
436 74718124
3722 216564563
4567 189772730
4705 203423871
2892 219811981
1246 82952616
1948 157631237
3998 41406096
1572 112554707
4240 200457428
3906 12530343
4686 165872368
1391 7580529
1097 215999793
4207 148664418
1231 210280388
81 226165026
3244 193727891
1140 139029099
2719 62966463
2954 36100281
1746 191202682
2865 54466301
1849 142528184
1277 200414502
905 41389255
4614 44918952
1831 190695686
2618 6530735
5033 21463113
2107 90509707
1803 155557994
4248 87046765
1113 212415641
3458 61414506
1009 213976849
242 51045946
1960 107853893
1749 184977581
447 7313497
1394 92340920
2519 140337604
4709 233479211
1816 122637977
4264 129185983
1039 115495718
2238 181734228
4552 28415642
3726 234894053
79 215385011
1160 81491441
77 160156647
471 117044804
2690 49021331
3208 222126436
527 215532921
416 116674818
2865 36898549
4957 202846061
2311 3317067
958 13470390
1764 151519752
4240 189979678
441 43209687
2184 113369499
2774 46117188
4971 106015111
4089 49049128
1059 181160334
4026 32667876
1131 99796761
4242 150806580
853 203146221
1200 20806088
4153 106340176
2430 169888916
2370 156122892
144 211573189
2351 166546291
475 81106832
942 174750951
527 159853628
4665 64143510
4575 39718437
3391 166284602
1791 76526195
323 1726704
45 167305727
4426 215714276
45 18932424
2693 52502174
1144 173443737
1584 110885189
4947 226433070
1504 39332301
3239 30079068
2782 55348852
600 214595661
3569 155021036
1054 9142676
1229 8867318
2946 63012439
3026 181685606
3919 194515843
368 33421561
2270 42266241
2825 156139960
5012 15126810
2637 213325185
3929 72246137
1828 90203190
3982 74980703
1755 194996606
2186 85236016
4262 36271030
624 209292632
4824 55967456
2603 141753274
707 104058989
4938 188487153
2633 198739040
1405 162573620
3702 213926587
2062 207734130
469 87466696
897 83969948
1707 231172114
2425 200102907
3390 13188117
3485 160507577
2268 153715887
1960 112960600
4066 154328076
4891 75853037
2959 35041419
4390 54641260
747 28529720
2893 122377149
4644 134981643
3304 71345232
376 95959157
320 23466650
5060 57745606
4897 56709677
1444 67993609
4431 131936132
2311 159041384
1833 46647824
1228 112392936
778 56674656
4564 73019842
810 113248711
3157 122613382
1848 111367998
751 128285745
4158 133987654
5093 135107225
1136 112951442
1578 89245474
1946 151228433
2313 143534467
4025 202251538
5001 182248463
1557 1669902
4772 194861050
5082 44221341
4857 134618725
3572 60806725
5153 176637830
7 66998056
2676 43324590
4301 103188590
593 137179989
1109 79927344
4260 72847452
1928 197454213
722 125924969
208 39066998
2203 41659288
3370 231561938
25 14226153
1055 109923805
2671 141856102
4032 100628122
4491 65156981
734 62927973
2878 47827582
4822 40628136
1168 16510331
1225 174004404
3168 200366948
2304 78910190
4899 125216207
3834 155378485
3157 127340273
1798 83544908
3331 64755822
3229 38700954
726 199259638
5149 121336471
2358 19624798
4044 23292569
4929 117354389
1396 14871362
3916 196658386
2990 191006031
4503 162377640
2825 176725809
1192 41526249
2548 10848441
1355 76064159
825 147205606
3028 109680519
1320 228083399
734 208444295
259 133747936
433 41576264
3441 173105110
1062 136232878
808 223740245
1316 9085490
3098 7898846
2606 14078797
1319 7819962
2232 60578784
3146 130667596
147 133317836
1650 157867527
2114 82254087
3396 161039194
2988 42396379
3927 120106103
2577 62101361
4609 160191691
1464 19255995
778 185366189
1524 39819059
3005 107861186
1550 35825025
2236 132857138
1498 45723041
696 166052893
183 238899700
3484 54870606
4231 107042534
4298 151907069
5100 167462675
715 85659798
2590 34026307
686 6064013
2075 201921464
3438 127956409
4722 46524031
1153 221615065
1429 1527164
1084 118424255
710 200465309
2351 102878821
1523 106163492
1450 2311253
4048 42513583
2106 130100044
2152 85513060
3737 25557948
895 76009144
666 12319181
2990 188050320
1899 17778475
2929 62765771
4663 34775845
5082 233845629
1492 31984914
3387 6191159
3038 150966903
4384 212353995
3819 23706086
2427 162298392
2646 13840063
206 84400840
1238 10971982
259 29739453
213 184186967
4047 234265611
665 114594861
649 235981450
2893 203522266
5015 84578061
916 38020550
4650 4562541
3967 13127195
102 211381444
5164 116590896
922 196033104
1790 102439608
2565 160868318
3001 4710763
3245 157491968
4123 192954492
2674 50387980
3471 156795358
3463 98106800
4385 215979526
4044 106987340
49 69423556
3661 95721072
3072 163303793
3187 185132168
1394 100288432
3157 42517764
4346 53763207
736 131253497
2014 180227609
2158 136588998
1090 68384807
561 57509505
4384 206043973
3385 192948317
759 15176367
2081 115917469
642 181968678
1199 51482035
3534 2910383
2122 53194594
4699 32670190
5149 144110530
4401 65691702
1612 42334085
1535 58807834
2992 58745183
874 125900172
3053 101974661
1516 4796726
3193 26201173
341 66077342
4766 119296618
2383 229738164
1149 14412233
3534 196311989
3557 114055029
3137 227976398
3261 157826731
4886 150100857
3847 216249687
399 122506385
5084 205387108
1795 178316452
4703 217441910
1160 177773589
1307 225534464
1731 212910416
289 9991948
877 68385808
2282 65782441
3525 83768102
4345 208916113
