490516041
276198308
260178073
164424472
225172489
230558037
263862494
181393514
378418700
411889473
465552649
547691491
444655513
241325582
153163097
541171254
325216335
207379744
183329830
223634697
558433800
288402680
551468779
92649852
314556049
348241381
332854236
454428873
55707918
431001288
206416030
206803796
230733880
172315534
509114649
156856306
60949344
459128089
366213064
253440977
107014064
128845041
299602073
30393712
390157529
463745631
248095972
64257805
100409352
321975513
459341745
246398424
72161522
294604931
96753800
579429301
173230440
422363834
453472073
525692847
262540473
165964624
298895542
96333393
359433832
167322393
165865705
417715276
195228326
172739925
402060406
359601689
556757845
215733158
281520488
243396541
397042436
93424600
196825651
287196041
29765296
454950697
257481627
216152592
281091632
569698078
457085645
266661212
228204862
19806588
314634772
39310894
448859972
262137904
306623574
575986297
248627869
176038937
517552341
6273496
404361801
51201332
41731481
519767809
383878804
210637462
527889223
514636282
277906338
257649572
253754329
172200969
117578405
55004567
34750238
313676825
376102041
48812013
109959641
197036356
430631412
315893032
344864954
364963453
211345574
355661736
284642208
468593923
407605984
447345451
159059496
442232242
255773016
314764249
292279107
273819648
391199905
546755033
262512877
101455584
501238089
159546856
358954092
252602508
436574696
174858410
356108353
480228092
67583553
192798033
457048130
27280729
296965843
256926977
266132233
379882443
389844665
313353659
234591185
340394765
3032444
134267780
237059935
39940909
466251449
520064833
505238300
152471229
300699099
73771613
325755944
230397388
557911825
377485644
552291184
357687663
451904566
33252161
169014697
257621456
238348697
515960231
31993420
201928081
270156020
65743708
215483440
243464463
429523233
308394896
407408137
156340124
82442047
278538560
317597272
339745616
274024464
468847552
569226825
478663406
116029022
91801114
177463120
471221864
197284193
571402596
505674618
498140694
373972588
170026967
575830736
22435756
35010433
198524726
560676331
227094884
515056853
493198240
254449497
281065433
95573461
357025338
19109216
112912796
522020853
34994824
284869797
19552336
567548525
364064684
185799787
196561305
172023814
495109566
516225561
94913021
530116245
105785934
157972697
35564656
565884071
1384989
137747866
528424993
301964256
1018645
67823916
333484201
373210382
230237172
28019998
214050674
353592137
141629624
542824931
267681179
550235664
225445869
228504993
534202017
121973494
480323493
283077145
158726142
198290941
472657132
493784763
157925692
52339401
140395161
55691129
17320457
36018272
524021222
149437273
386782969
385469385
449981250
257161033
301315964
184671356
167147565
283879593
422230920
364963804
378689857
493284325
164663601
529126740
328809689
10007262
462054683
218726884
389602425
314573133
378968625
328052110
66557940
480677168
343932534
389211945
403379369
113229176
246444955
543301232
302705761
526433748
77196503
207820208
191337118
168158485
286598998
263797785
396753545
27666832
433851783
378084482
486945216
309453018
418436628
540090233
383200328
236830523
410196764
115070358
373507225
150444481
4860769
426035729
491926676
438863662
306883485
57211245
509081376
388038387
74796272
519697810
96867385
573637396
517353301
226651415
29853337
23026881
257379960
390319700
414122825
322375753
295064614
89921721
89911404
503023769
99803608
275189313
335384212
363887425
224659127
317378845
395977400
117195448
75229138
117534108
48990105
146045980
61774993
260202746
9631081
361568580
348951988
439815720
458874542
278665222
279770132
389229886
529223233
485311670
263245729
219433556
474518739
431956033
351040688
174679516
30120405
215612592
333781380
558366281
267363262
40774489
369930217
234750431
431096729
491570815
288362462
435137202
569226563
225270617
325590493
555526332
529864277
551845641
125354889
56750697
472548361
189557073
80661928
462894726
297149462
199288028
450342566
67977204
339695905
389373600
316337271
448611748
279718417
325410677
420056810
239095330
573815585
212313001
333639187
516414777
497822041
437846670
180676456
420026969
363934990
144750649
125313474
579594380
277633886
360079300
315398543
231781110
354737612
462774420
132977737
258546590
203478445
337586910
123298804
32262960
310762889
238894281
490348857
270638761
386424652
224677268
153072649
75040260
217701228
557513601
248464980
553350175
24407805
511903466
380176409
578213409
248167568
377419481
364642572
222463261
147183442
445717184
422515929
448271057
322653834
566086302
169878526
458212534
425524046
270499761
168963588
501708425
50324093
443304404
252873497
294307888
201086896
60313609
400422007
63975028
349369213
304787360
447625061
313697244
294100581
29208761
395818333
549249801
201821161
575708600
578349342
313786938
411439200
21443380
311358089
47323604
555295060
193856750
124273621
459348825
68680665
159648833
154138282
405236534
558611020
395467469
99209133
451937218
252309425
270334024
141034930
66133193
561717627
406466969
338615145
27399502
275991162
170825240
306891434
379170515
369618988
114518505
357109452
307852366
494778610
47972124
130646857
573121192
483771977
73799920
125463824
41929115
43996437
341826633
385759285
30450317
562421430
276687888
258650564
283997504
329566806
374573825
55371289
260900166
300441481
139072017
55728421
477245596
463021160
222154696
493980056
461122431
130394351
15836361
207063985
300916084
232709673
40357145
521674110
475420341
294822567
97853868
286243316
399463746
64322380
270324496
522218657
511426676
210583436
63729200
241497811
327964380
543683926
316541398
154471046
170981384
496115609
340262768
349550537
519674347
75448777
309273436
194505228
133606518
54243622
241189092
324278590
236853329
13538647
311801732
52271610
405776324
520809310
220442948
468987545
224572328
421661561
486658761
53208011
369811734
67605736
8139742
170639664
269222924
221469762
445398717
170580553
52581321
356586244
536323096
472877001
481600454
533685513
98956642
552130899
205782601
194548137
152992001
416327805
45161252
416412000
177903113
17132899
313393865
16682057
199625324
204532062
209399425
599099
261934994
220008960
452649632
233096564
336620777
321691916
209982333
484578827
531501233
443541950
397563305
523270935
480866734
72818300
394830200
370747768
506148832
251882818
319238937
88224921
510580287
222811022
163547958
74239449
45290009
229319337
451810868
565415107
87263916
567730489
140065593
18120049
173387960
332059703
90768146
235982845
477774368
524821785
227486425
94416956
114926008
562389550
212006584
215980020
187746516
245396217
176847492
378599113
186232426
569497129
475625397
432263933
196935142
336402265
543432729
459437108
133495377
258766014
211403901
416871350
24733224
424449640
222874289
380970953
315090273
288954457
1618722
133150969
180522060
76713873
337232068
249879753
9154390
19877550
188227393
500901913
558771031
35798617
325941043
531004016
132706829
91500241
129638590
171400985
112855454
487252201
230626265
319664373
317280060
567960779
164084777
458553868
250159980
312395668
185125405
525373656
284966374
12650329
319865585
308074302
7406817
462866036
150998335
80198567
84704512
106766941
540702644
92001420
58001830
578367766
300301648
421210424
169253913
334586973
431725777
439768904
34590960
427493442
426469334
228597913
34754848
93174049
752542
430688904
365837300
419383264
450074119
361610481
492776392
321873248
160649282
33446209
40083097
61988403
356562184
310506073
505758592
576805721
305907772
398065941
482343790
342460649
78840038
187988569
458258697
545006990
166750460
464634054
279967557
239181358
205296438
310625833
198445160
350300470
442894821
48403317
33585561
561067049
467162313
119542621
359516042
46354520
379535620
514211584
211431977
487574553
80301996
39911296
52388902
275678190
579670499
117235483
77441688
105318621
273043453
156668302
77637129
547352144
564565974
441280153
241865177
406598105
446398377
200975110
169568028
33974985
309314429
477231382
94841588
502606889
567108249
394595849
252635508
67625271
314865267
389203081
197534615
175296844
500569977
292114088
389197158
371827968
149035353
453377494
96930525
413885934
353792089
470169011
223040726
296641433
186070925
156232176
187975401
463527672
338729971
495934580
565359138
577460297
22012220
89779832
435728329
125326105
260402329
125467172
4552509
354164512
97759418
112044118
282942352
387381240
142756381
93121881
328921862
385897333
489716232
97755420
48984201
50340484
268185129
385304409
209466654
343235145
207406668
509517692
477152792
565959953
192593261
71870915
555270750
28246780
137961510
335412537
473857162
215734937
49517204
72951785
135429588
418393033
523878137
63850269
194363573
241477598
129783792
576040504
147840021
307240649
108763651
465806848
314760310
460849417
274325065
476876592
205347428
419229972
173081589
524706825
473822148
544102441
416439669
389650530
10475121
532955874
204133933
187313690
75822419
197357559
169393737
386125898
42600661
462982188
510651445
431307088
358666528
164337092
45189913
243617576
305099713
575768193
37883689
236371428
2963713
549307801
231208169
541820926
242643729
417366964
283587930
89
193322582
371224436
162850327
403572937
410142780
361816199
136799702
465000192
378837207
265529670
441486233
409173848
475896232
508699517
529984532
203668200
532114242
191692022
306916900
261570057
276818505
518289401
389298848
376468920
11446856
474194520
383570957
209770067
292402246
439767609
36419198
405324122
509926152
515605588
546671164
451216948
109182610
103422588
314901747
513267588
466582388
397459167
448125168
228916094
294475337
100419588
83790985
245642921
447924911
13779017
540156774
249448421
442067657
233657739
538839989
8446561
5917628
287143965
296169678
23277577
104852460
384174126
