36861506
75598374
215920001
53814626
258605628
72821323
37772269
138976772
155740957
81455781
170915901
52850210
14970296
237155533
239370764
258833640
81669416
32064004
113415265
68710893
157459250
92388045
124640990
165418481
134768645
153664267
65355009
3017357
201885550
92923048
186128815
57344696
250203532
63838202
140816634
216728121
51687366
64424336
176364349
207719956
20645146
257157722
137400888
186752133
985950
65201738
188545811
200488345
43396079
203012977
93639932
195217066
46842695
200308253
121918223
65867215
198304835
70861055
115011593
107511359
217207553
106148765
54862409
231687931
74280635
68372388
217568001
100462500
155172009
260223878
70001078
60349376
65805721
224103689
178325114
86081276
58907744
20561248
26294838
78398727
221858270
26645282
111181076
96736522
236149254
81056698
206454947
109190427
230755106
88511267
220993964
159009990
49576192
256157416
120515751
123009610
175665617
14484272
150525190
31715821
162528618
125654689
1551238
187060737
183657744
197099659
29107713
53748852
47729230
239704713
91338203
107187062
111648272
109188119
40256521
118861541
141241207
37328387
27173159
146524972
187369476
189782347
219370020
144157364
187691960
110535883
201931799
69157130
104199119
100960252
255094320
54131018
172810786
243931735
6379385
12533310
4512623
1701791
146964403
76420973
219986446
227644589
34772956
49807168
103869476
71105550
16413248
87692545
196983103
257895851
47505144
177601678
68065657
96525972
43672697
229711105
99263054
97254533
111305972
120299680
12435549
84166065
196969213
169928430
242725438
183909016
1850192
4447856
188993152
70485431
27676268
190344873
123914988
197231075
201460013
88858577
153111377
164301576
82272203
199045655
247735643
35756829
12799840
115299983
188627787
223306533
20710249
69032396
91362918
253941889
136503754
176716221
111422923
172431981
178452421
155660943
187524978
230506368
172341412
135029255
236498154
241758250
258967656
129096232
259061161
128241316
228267773
24096804
222375074
183422757
40252344
127021370
13240216
79579400
104537706
204015676
40504766
246869844
185033633
34195143
163544926
70436908
48596749
19310062
139005291
50169330
152274224
181903188
206895626
104429512
86450489
38529946
7353137
57235731
65170092
171505532
47804450
93864138
198046456
118241802
98640641
153650644
129736752
203400221
134738954
143660098
48438155
69210517
215763940
38001777
206214190
209365704
233284563
189819433
119407435
126939770
108149373
215765330
46129698
106941541
114812828
63051997
107305418
83182940
36549291
204806729
25198683
218194634
86323480
192092625
103250785
67066113
40874281
104388641
220390873
52445628
82648453
255781423
57321464
131382384
208450065
135753534
18568305
186254337
5168533
180498143
251942207
217075952
2364810
18532852
82856956
117400078
18949692
195250329
2076257
66966606
109065068
54959330
98816420
56738089
253998932
108308963
188332131
109228246
94907323
237359873
157057291
238435610
230243152
13784049
27593262
36305935
73433960
149152435
208153706
149731425
223971902
100919667
171412414
255032339
164518647
193235437
151057027
109467007
209508302
30977449
241028785
245962950
257823813
205583542
72184508
178758789
167978354
107399438
181921117
152851113
36491874
133620804
212908994
180856022
247796806
238661216
6454737
36028714
257322929
99882760
83532392
219045445
222918008
119862544
185746293
224880900
46897854
70871589
7650347
252935033
131594523
125847304
49293152
215104885
24473690
255525255
2398061
189066988
215605590
156431459
256398446
212434074
131108815
84504292
96460934
73606673
23298906
206230832
142539360
197981498
80974628
195068907
226276232
106415315
256502959
171994721
175777662
97130326
243739138
84974248
178708367
8055724
88016419
4827500
127378597
231180810
29158128
41755901
177098602
194566526
226772053
171309381
191821033
36091281
251995860
124682423
18458738
18400291
214251741
35331195
126944917
79652646
129084943
167843160
14595615
112789814
17449060
81958492
228794614
219412138
171980508
50012931
258871816
53368360
96290540
93969396
106899774
224767664
174949861
206680148
36770695
146563891
253692852
54592913
133020699
151870977
72398847
20872093
185757736
155630320
18416731
28166241
179650101
154153210
209668741
145985065
136661993
139793214
6358651
132370925
65982926
241873974
173897572
129153567
125694340
63362839
62249634
125434617
207473776
201640182
58227904
76434862
199570576
243166443
168853364
151518242
226747630
58980449
158314516
17425273
188512418
55313275
245823333
244986122
136033914
180994548
207259789
199596126
238557733
23489901
209234491
199496049
163117382
99608553
3404641
94718700
5606637
192459560
44185952
229387454
61632836
246526044
156008542
121665762
201587428
76511372
24567547
69627424
187921988
42047716
69686871
53230646
83836459
16220687
108025053
173720374
170678164
75814097
219389686
257291009
37531030
194156412
198847552
56790553
212111018
29016825
259531843
81490356
178832833
35827947
242422091
239598556
57454903
143269007
215390504
43348708
24663656
215146095
180496867
38955287
38805819
167197684
80968337
126749605
117217253
48976448
65256567
61394978
17888779
210309849
189085582
201622814
129134276
195664641
3572220
141926036
67010492
254420766
247291796
108151435
196426748
33047815
27657384
133078621
100977053
205127656
10277433
114293539
44842943
68385957
13936824
227769151
31907066
67155607
161454594
69692479
146315382
102074551
71654992
195660041
102272456
143992573
75024895
257252906
153632493
24137243
251682857
255094500
81736510
196849490
6101463
28953938
188016301
22540882
138551879
29453888
251206087
133350703
15537466
11722246
2991891
34641106
146649565
168803082
148189647
64024509
194122439
123359005
10030106
100203846
58304573
105904530
63760713
17104717
5599507
112606103
218818731
244814593
102851406
105713727
157852431
233223984
201812879
29584129
52309528
36188727
200248784
260919842
195239521
50624951
83717046
244234016
182040477
43925238
256492417
39062579
155300183
219528215
55752919
75307800
205710897
94372716
38139261
252462184
228884502
114966227
130243580
169778889
97376915
34716768
134781303
222989071
131360834
223037953
69196102
113346122
197379428
209790534
116675721
37742113
165388725
23170403
197272452
169299028
174896076
98731492
62955469
79688475
7589697
33475603
161489391
142446780
77832100
124510463
62347911
189120966
152251740
64103234
43562093
126967762
68321921
166017301
102448107
100115569
137057072
154732161
129610089
127458491
37640629
220575505
156328703
15487197
224240913
58247054
159250671
156920613
22619383
227438884
120014188
147290388
203124846
234239905
142720951
44148084
75248552
93837569
124895489
34036376
25767133
151651703
161321191
77908132
260206002
91805438
42519017
241297886
40327
236498497
24767448
104992833
94902927
140440017
217169140
216956011
186647020
188403251
221606301
7487690
182167190
73333334
126639519
265709
62750528
19391652
111346529
109120845
109093713
77578064
39430320
44250881
249137705
157734111
66400749
163957679
126090373
80395217
100143792
201829224
125078385
183894865
48026012
206604342
46418979
65994853
198423893
186452360
81525893
243413466
16285152
32394990
93862999
21437081
243593480
132142487
82357661
126548608
41950246
140018924
113557578
234012138
166908236
106129694
94717361
113580790
115108225
109313965
191712308
40865924
255304859
247265004
78216756
243441570
9590224
78893864
181524484
203630716
218244790
87989329
25164537
31465680
173329134
169050400
47389420
6247388
45398204
43197261
80688139
83409578
111006337
144966694
242081502
113245523
254605580
225875450
69160174
59840925
166379657
61652797
39656960
101911809
88498945
196329473
155629903
85689507
172543783
21898586
123324674
80637427
22670208
118187451
11490654
130131620
167645508
201245499
186561287
210220445
46216092
53428875
196173090
84827951
257388654
107372215
44192889
114161310
204707638
176925880
110401581
21769379
255476507
30892599
191887038
22848138
160919538
55510377
39013035
163823068
137418812
88314179
135864578
138758121
75863146
108047653
229505888
211498236
41886612
42180759
7297532
216229076
37500040
255985983
144585520
233669416
9090458
240615490
198000635
193567400
219497608
48860589
66534975
144891813
104288907
72143794
227937351
125399360
234527122
77944562
60608769
251954701
248724731
19658564
2743205
26045138
26728428
255993597
247884343
173451980
210592921
119251409
241643877
137158424
147751087
4292553
164112009
186845774
126878352
76080678
131467261
82915184
113101996
183253880
127735138
109876927
132317138
130127414
184946313
239457937
200951080
214844161
26891558
195693730
235879600
158882775
132703469
251153413
254874405
12786982
230072653
255789321
191839317
42374896
218190118
130244151
189566382
74709063
166906739
60817811
226874543
246925704
33304280
113164573
166568479
164408742
241192730
28543994
171970909
243205641
111929601
208745847
19896067
183331817
244708403
11894542
186903205
138641737
113826818
75804068
127094104
174820161
54889494
155423742
128484740
12976550
128612281
137247302
109607948
92451814
84707562
235335627
139487772
167468987
212106651
163784865
222786091
237736838
197000279
190898224
213910785
72622552
261988560
193200620
221010588
227411584
24654339
76851861
262060641
108577851
118017197
159979138
131182256
234272417
97127368
121368301
101210056
6494161
36087729
9844881
227191312
236128385
47961071
195335463
203924999
206075115
173938191
18304501
184111719
237481169
66838658
65924297
40522977
115957391
207748958
42089976
262152386
239488956
143893865
174553355
177330067
123433870
28373510
146345242
240116353
153870526
170275622
67656455
