262178919 1731 1000
M 1387 1330 1439
S 238 327 328
S 1320 1341 1342
M 2122 2209 2227
S 1224 1256 1257
M 1180 1341 1344
M 2123 1974 2173
S 1869 1930 1931
S 408 425 426
M 2265 2248 2271
S 2388 2421 2422
S 1015 1040 1041
M 1421 1452 1499
M 279 261 354
S 1671 1673 1674
M 709 616 740
M 2211 2171 2216
S 2066 2105 2106
M 1614 1619 1659
S 802 835 836
S 10 17 18
M 145 149 160
M 1908 1897 1925
S 1895 1945 1946
M 2486 2446 2505
M 2520 2419 2535
M 1378 1241 1396
M 1323 1325 1328
M 162 163 193
S 1009 1059 1060
M 806 777 852
M 1778 1789 1796
M 1312 1288 1327
S 1529 1541 1542
M 38 33 49
S 402 418 419
S 1243 1258 1259
M 1093 1090 1113
M 1001 941 1015
S 125 154 155
S 350 513 514
S 2046 2052 2053
M 2104 2083 2139
M 2534 2565 2568
M 1111 1080 1112
S 260 263 264
M 2378 2440 2453
M 1855 1798 1893
M 696 637 707
M 993 937 994
M 614 600 634
M 1475 1508 1517
S 1896 1911 1912
M 2261 2245 2267
S 1178 1216 1217
M 64 127 130
S 2232 2274 2275
M 1037 1023 1061
M 568 631 663
M 2130 2129 2141
M 1477 1438 1483
M 132 119 158
S 1295 1308 1309
M 1561 1636 1664
S 585 803 804
M 143 152 219
M 1764 1784 1788
M 1276 1266 1288
M 1907 2006 2010
S 469 488 489
S 1797 1805 1806
M 930 902 996
S 269 301 302
S 1583 1586 1587
M 1748 1808 1810
M 183 184 255
M 31 36 62
S 1811 1878 1879
S 364 380 381
M 2158 2210 2226
S 146 152 153
M 998 995 1025
S 1675 1686 1687
M 176 277 316
S 821 942 943
S 1795 1855 1856
S 2358 2366 2367
S 1625 1757 1758
S 468 479 480
S 1054 1076 1077
S 2437 2454 2455
M 1350 1319 1385
M 608 597 622
M 2549 2567 2580
S 1844 1847 1848
M 1453 1495 1555
S 2303 2334 2335
M 880 881 902
M 2488 2430 2498
S 1626 1656 1657
S 871 998 999
M 440 443 446
M 1005 1047 1074
S 1466 1507 1508
M 1946 1950 1952
M 575 572 586
M 678 768 831
S 2270 2283 2284
S 491 570 571
M 286 307 363
M 2542 2493 2572
M 1242 1528 1537
S 547 580 581
S 2396 2427 2428
M 1875 1804 1881
M 222 178 262
S 1349 1413 1414
M 1428 1380 1437
S 1975 1976 1977
M 2055 2133 2163
S 659 670 671
M 144 217 228
S 2284 2441 2442
M 323 284 337
S 1858 1872 1873
S 1156 1241 1242
S 2148 2261 2262
M 1467 1468 1478
M 85 86 100
S 2485 2491 2492
S 2179 2303 2304
S 940 969 970
S 1769 1812 1813
S 1608 1651 1652
M 1094 1036 1114
S 791 795 796
M 2244 2236 2258
S 2221 2235 2236
S 229 232 233
S 434 477 478
S 1888 1889 1890
M 2051 2010 2054
S 2007 2059 2060
M 1922 1976 1984
M 287 299 300
M 1906 1913 1916
S 26 89 90
M 177 189 190
M 1354 1359 1365
M 1456 1410 1487
M 1986 1941 1987
M 1304 1331 1333
M 876 856 881
M 1133 1164 1182
M 1181 1252 1266
S 2107 2214 2215
M 852 827 853
M 2092 2090 2127
M 2433 2480 2531
M 386 309 535
S 934 989 990
M 2268 2280 2305
S 1391 1407 1408
S 34 45 46
S 1562 1628 1629
M 313 342 369
S 891 950 951
S 1987 1990 1991
M 516 496 536
M 626 645 649
M 90 67 99
S 796 801 802
S 1441 1452 1453
M 2173 2175 2181
S 2156 2159 2160
M 718 763 770
S 1145 1224 1225
S 1445 1502 1503
S 1627 1688 1689
M 1116 1157 1186
M 1309 1313 1351
M 1188 1223 1268
S 1121 1155 1156
M 308 310 317
S 45 75 76
S 573 627 628
M 635 576 652
M 773 789 825
M 948 960 963
S 197 265 266
M 186 153 188
S 1563 1595 1596
S 1537 1556 1557
M 976 942 991
S 276 370 371
S 2298 2372 2373
S 1569 1616 1617
M 1357 1364 1399
S 1401 1411 1412
M 2357 2338 2399
M 843 816 871
S 1598 1642 1643
S 73 156 157
S 849 916 917
S 1031 1044 1045
S 946 1042 1043
M 862 989 1070
M 399 412 438
S 1131 1134 1135
S 1947 1961 1962
S 1670 1794 1795
S 985 992 993
S 2048 2091 2092
M 1195 1210 1232
S 1192 1197 1198
M 1012 1112 1121
M 895 731 931
M 868 844 882
M 430 416 437
M 305 301 310
S 539 588 589
S 481 572 573
S 1367 1443 1444
S 167 394 395
S 133 168 169
M 1683 1618 1696
M 2029 1942 2032
S 1544 1578 1579
M 2533 2537 2558
M 756 805 806
M 2551 2579 2584
S 8 11 12
S 1416 1426 1427
S 1061 1068 1069
M 2560 2466 2579
M 618 540 640
M 170 155 194
S 1347 1388 1389
S 400 448 449
S 643 705 706
S 2208 2217 2218
S 1148 1167 1168
M 938 975 983
S 1211 1334 1335
M 2229 2220 2293
M 746 562 750
M 2102 2172 2221
M 707 782 785
M 1577 1571 1605
S 2128 2147 2148
M 37 48 59
S 594 625 626
M 1282 1238 1287
M 403 409 417
M 233 174 240
M 1284 1281 1316
S 220 283 284
M 2030 2019 2046
M 95 75 110
S 2226 2310 2311
M 1591 1697 1715
S 2477 2481 2482
M 525 477 583
M 169 182 200
S 1151 1228 1229
M 1843 1825 1896
M 1262 1256 1310
M 963 987 1013
M 2110 2204 2242
S 54 83 84
M 1948 1979 1985
M 1724 1632 1744
S 1918 1922 1923
M 916 935 939
M 2286 2308 2312
S 19 41 42
S 650 685 686
M 2394 2414 2526
S 949 1063 1064
M 694 686 734
S 139 184 185
S 658 711 712
S 2035 2231 2232
S 1369 1463 1464
S 2125 2130 2131
M 362 333 365
M 2483 2431 2496
M 2382 2369 2384
S 1602 1622 1623
M 939 869 940
M 2587 2592 2595
M 1788 1827 1830
S 1882 1973 1974
S 732 877 878
S 382 527 528
S 249 346 347
M 1071 1063 1106
M 1878 1871 1886
S 2374 2406 2407
S 2348 2382 2383
S 1499 1500 1501
S 1176 1192 1193
M 1982 2027 2028
M 847 892 898
M 2290 2383 2395
S 2438 2443 2444
S 1879 1882 1883
M 2469 2464 2487
M 489 441 526
S 683 823 824
S 1672 1678 1679
M 1517 1482 1529
S 2525 2544 2545
S 1898 1937 1938
S 52 57 58
S 1440 1448 1449
S 190 196 197
S 530 533 534
S 346 460 461
M 2539 2519 2587
S 1542 1564 1565
M 2386 2460 2474
S 2328 2518 2519
S 1514 1553 1554
M 1846 1868 1901
M 1609 1547 1619
S 2322 2357 2358
S 767 768 769
S 30 31 32
M 2569 2541 2577
S 203 400 401
S 397 439 440
S 210 259 260
S 749 773 774
M 1960 1936 1978
M 1641 1773 1775
S 574 613 614
M 1731 1909 1924
S 1169 1180 1181
S 1787 1838 1839
M 1624 1536 1626
M 1957 1944 1971
M 742 748 761
M 320 264 332
M 836 841 858
M 1807 1910 1915
S 336 338 339
S 172 178 179
M 375 355 443
M 662 747 758
M 1375 1397 1400
M 381 380 391
S 1115 1143 1144
M 2401 2391 2431
M 2463 2476 2480
M 857 872 885
S 2170 2174 2175
S 1240 1246 1247
M 393 387 464
S 1168 1239 1240
M 703 724 733
M 2509 2528 2573
S 1794 1833 1834
S 2395 2524 2525
S 2499 2506 2507
S 1340 1366 1367
S 2185 2317 2318
M 1793 1863 1868
M 961 971 973
S 1202 1369 1370
M 1654 1534 1658
S 1817 1842 1843
M 2143 2142 2144
S 1943 2040 2041
M 1126 1173 1209
S 2291 2296 2297
M 1949 1924 1972
M 283 311 314
M 2080 2043 2094
S 341 344 345
S 445 556 557
M 545 492 579
M 1114 1120 1189
M 1681 1687 1695
S 353 444 445
S 1062 1066 1067
M 826 790 842
M 69 126 199
M 265 232 326
M 1355 1316 1361
S 1123 1148 1149
M 804 799 811
M 2434 2432 2485
M 123 131 192
S 1923 1939 1940
S 885 945 946
M 2296 2332 2359
S 1552 1597 1598
S 105 132 133
S 388 483 484
S 29 33 34
M 1218 1212 1329
M 2243 2215 2280
M 1642 1541 1647
M 1333 1352 1355
M 258 109 285
S 1557 1569 1570
M 1474 1454 1486
S 2368 2386 2387
S 1414 1479 1480
S 795 799 800
S 1070 1119 1120
M 1753 1772 1777
M 1201 1207 1210
S 855 896 897
M 1139 1132 1145
S 2553 2559 2560
M 1353 1216 1372
S 1480 1495 1496
M 1024 1058 1115
M 623 524 631
S 1496 1527 1528
S 1880 1980 1981
M 379 428 430
S 356 386 387
M 2053 1980 2070
S 1872 1909 1910
S 511 524 525
M 1740 1721 1751
M 519 567 607
M 1657 1771 1789
M 2336 2344 2376
S 2408 2439 2440
S 1790 1899 1900
S 2194 2202 2203
M 1999 1937 2009
S 1137 1151 1152
S 2479 2511 2512
S 1013 1049 1050
S 1308 1352 1353
S 1450 1493 1494
M 340 200 374
S 1939 2076 2077
M 1964 2040 2079
M 486 421 503
S 1756 1792 1793
M 523 522 540
M 1744 1727 1771
M 2097 2155 2180
M 1978 1916 2033
M 1728 1629 1759
M 1886 1800 1957
M 2508 2591 2592
M 150 141 229
M 500 458 508
M 2093 2045 2138
M 2174 2160 2177
S 245 286 287
S 1425 1435 1436
S 1130 1136 1137
S 93 113 114
S 700 764 765
S 2319 2423 2424
M 1700 1716 1734
S 1556 1567 1568
M 685 673 719
S 343 361 362
S 1994 1997 1998
M 1824 1814 1871
M 596 577 632
S 347 403 404
M 2279 2257 2295
M 1280 1299 1326
S 692 738 739
M 2192 2184 2222
M 1588 1621 1649
S 2403 2437 2438
M 1705 1686 1718
S 111 115 116
S 92 161 162
S 1645 1676 1677
M 2081 2067 2084
M 2239 2200 2244
S 716 759 760
M 955 936 1000
M 1842 1823 1846
S 1460 1636 1637
S 419 420 421
S 569 666 667
M 1427 1418 1447
S 2299 2301 2302
S 2126 2142 2143
S 828 879 880
M 160 173 198
M 224 332 402
S 455 457 458
S 339 340 341
S 246 253 254
M 2258 2282 2285
S 2242 2269 2270
M 1033 1064 1080
S 101 119 120
M 1479 1505 1545
S 1940 1963 1964
M 1595 1610 1638
S 1736 1807 1808
M 497 508 531
S 1206 1218 1219
S 2489 2500 2501
S 1267 1294 1295
S 684 701 702
M 825 774 834
S 1991 1992 1993
M 1580 1605 1621
S 60 150 151
S 23 25 26
S 867 914 915
M 2113 2106 2187
M 1836 1805 1840
M 322 306 323
S 2376 2450 2451
M 2190 2187 2194
M 250 253 261
M 2342 2285 2368
S 1760 1764 1765
M 1738 1704 1770
S 1754 1803 1804
S 693 703 704
M 2075 2145 2201
M 2167 2231 2259
M 2137 2141 2145
M 999 1022 1108
M 1911 1917 1932
M 1853 1803 1854
M 35 40 54
S 2323 2343 2344
M 2494 2496 2504
M 1695 1684 1702
S 628 659 660
M 1828 1755 1829
S 751 775 776
M 1990 1963 2022
M 1996 1998 2005
M 896 890 910
M 533 537 541
M 2321 2289 2327
S 1920 1926 1927
M 674 671 709
S 478 516 517
M 2235 2118 2256
S 615 623 624
M 1970 1989 2025
S 1055 1095 1096
M 63 71 81
M 1611 1599 1641
S 235 318 319
S 241 267 268
M 2452 2524 2550
M 969 974 981
M 759 744 767
S 2326 2352 2353
M 1607 1461 1663
S 1592 1639 1640
M 839 750 872
S 1135 1165 1166
M 698 736 777
M 2596 2590 2597
M 134 142 144
M 1674 1719 1776
M 1473 1743 1761
M 385 515 549
M 2510 2478 2542
M 2532 2515 2555
M 514 526 539
S 1142 1174 1175
M 613 555 633
M 1573 1530 1575
M 1633 1630 1646
M 1039 1171 1215
S 822 934 935
M 559 529 569
M 2111 2103 2113
S 2108 2114 2115
S 1334 1424 1425
M 108 78 125
S 1076 1090 1091
M 1166 1260 1284
S 1786 1801 1802
S 653 693 694
M 586 611 620
M 1066 1035 1094
M 466 367 487
M 661 624 692
S 2042 2055 2056
M 504 482 505
M 1105 1127 1179
S 2115 2156 2157
S 1 2 3
S 1532 1551 1552
S 2091 2099 2100
S 1294 1336 1337
M 2506 2521 2565
S 957 961 962
S 563 565 566
S 2198 2265 2266
M 2061 2161 2167
S 1570 1609 1610
M 1669 1726 1746
S 27 66 67
S 424 450 451
S 2202 2251 2252
S 764 809 810
S 1673 1680 1681
S 886 954 955
M 2531 2543 2575
M 2393 2355 2405
S 1129 1130 1131
M 715 721 723
S 1838 1849 1850
M 738 726 762
M 983 1032 1034
M 2165 2168 2170
S 1187 1272 1273
S 2224 2249 2250
M 2589 2554 2591
M 106 175 201
M 1400 1409 1421
M 1770 1785 1817
S 81 91 92
S 2304 2307 2308
M 2018 2059 2075
M 1057 1008 1062
M 1147 1183 1220
S 757 771 772
S 884 891 892
M 53 50 63
M 485 495 574
S 570 615 616
M 2562 2557 2567
M 1848 1799 1862
M 675 687 689
M 1870 1829 1892
M 819 740 829
M 225 243 252
M 263 268 280
S 389 501 502
S 1239 1250 1251
M 487 427 499
S 2124 2128 2129
S 234 238 239
M 1883 1874 1920
M 236 290 315
S 2385 2389 2390
S 1484 1504 1505
S 2082 2120 2121
M 863 894 901
M 1303 1283 1307
S 1424 1614 1615
S 94 135 136
M 2580 2570 2588
S 471 593 594
M 368 396 427
S 360 408 409
S 1263 1264 1265
S 244 271 272
M 1385 1406 1415
S 1200 1289 1290
M 1586 1572 1625
S 1935 1982 1983
S 1543 1667 1668
S 578 590 591
M 1426 1430 1431
S 933 1002 1003
S 676 678 679
S 80 128 129
M 2588 2595 2598
M 2149 2117 2195
M 298 252 303
S 1962 1968 1969
M 293 314 324
M 1229 1321 1343
S 1172 1176 1177
S 1919 1949 1950
S 729 781 782
M 2034 2070 2118
M 212 158 216
M 2442 2527 2571
M 607 591 608
S 315 542 543
M 1759 1742 1778
S 1696 1731 1732
S 2033 2080 2081
S 2222 2314 2315
M 2530 2563 2586
S 1718 1727 1728
S 89 97 98
S 2139 2161 2162
S 2507 2522 2523
S 1774 1858 1859
M 2259 2256 2260
S 14 29 30
S 2150 2205 2206
S 1533 1539 1540
S 418 431 432
S 359 405 406
M 599 727 730
S 1125 1141 1142
M 1041 1044 1087
M 734 775 797
M 560 580 584
S 148 182 183
S 1322 1348 1349
M 531 474 537
M 187 205 224
M 561 459 592
S 2389 2416 2417
S 1835 1902 1903
M 501 410 509
M 2538 2583 2589
M 425 395 521
M 1579 1551 1608
M 655 629 680
S 592 636 637
S 230 236 237
S 605 683 684
M 2024 2047 2061
M 583 534 585
S 2441 2561 2562
M 2307 2399 2426
M 710 776 788
S 1984 1988 1989
S 42 47 48
S 337 359 360
S 1582 1665 1666
M 2294 2311 2364
M 226 300 335
S 1646 1709 1710
M 1518 1555 1561
M 1613 1615 1620
S 503 552 553
S 2334 2397 2398
M 2237 2205 2243
S 296 306 307
M 1531 1574 1576
S 2309 2355 2356
M 973 947 1010
S 1983 2015 2016
M 992 1004 1079
M 1478 1469 1549
M 135 157 191
S 1198 1244 1245
M 2306 2387 2392
S 2435 2445 2446
S 273 329 330
S 156 176 177
S 460 511 512
M 1235 1185 1297
M 557 584 596
S 74 106 107
S 2375 2483 2484
S 1405 1409 1410
M 2517 2503 2520
S 18 145 146
S 812 813 814
M 1512 1458 1590
S 47 72 73
S 275 348 349
S 2003 2044 2045
M 1679 1662 1690
S 711 720 721
M 1432 1415 1438
M 1230 1255 1277
S 2072 2097 2098
M 1305 1278 1362
M 813 864 888
S 1689 1735 1736
M 2292 2281 2294
S 102 165 166
M 1643 1448 1650
S 1253 1261 1262
M 1815 1692 1822
S 1099 1116 1117
M 1933 1921 1942
S 713 747 748
M 414 528 606
S 1521 1522 1523
S 2402 2435 2436
S 294 304 305
S 1248 1252 1253
M 2558 2556 2569
M 1483 1487 1488
M 1315 1291 1356
S 239 245 246
S 2213 2224 2225
M 1856 1861 1869
M 2086 1899 2101
M 2384 2453 2463
S 1014 1023 1024
M 2114 2100 2116
M 903 968 984
S 1233 1363 1364
M 1488 1516 1521
S 2164 2165 2166
M 1052 1155 1205
S 1581 1582 1583
S 423 491 492
M 1194 1257 1278
S 1189 1195 1196
M 915 925 968
M 874 932 944
S 1443 1469 1470
S 213 220 221
S 553 577 578
M 1763 1761 1766
S 840 867 868
M 219 218 273
M 1972 1877 1979
S 1717 1755 1756
M 517 579 621
S 2132 2134 2135
S 627 646 647
M 84 104 140
M 977 970 982
S 292 298 299
M 2293 2324 2328
S 1373 1374 1375
S 1104 1163 1164
M 1565 1491 1604
S 1649 1707 1708
M 1901 1961 2023
M 1407 1356 1420
S 43 50 51
S 1336 1376 1377
M 1594 1612 1618
S 1504 1511 1512
S 1250 1254 1255
S 1371 1422 1423
S 351 357 358
S 161 174 175
M 714 717 757
M 1945 1932 1953
S 781 791 792
M 288 370 410
S 1297 1324 1325
M 1489 1362 1498
S 1510 1513 1514
S 383 471 472
M 295 302 336
M 1213 1261 1286
M 1000 981 1011
M 824 754 866
S 1197 1211 1212
M 374 377 396
M 128 91 131
M 1841 1876 1877
S 510 560 561
S 151 207 208
M 1476 1650 1653
M 704 741 763
S 2196 2219 2220
M 1286 1270 1293
S 473 493 494
M 2017 1931 2047
S 363 413 414
M 2472 2512 2543
S 1750 1753 1754
S 1628 1700 1701
S 906 918 919
M 1060 1038 1109
S 1834 1863 1864
M 1523 1497 1534
M 848 866 884
S 551 655 656
S 9 21 22
M 2197 2186 2237
M 2407 2359 2413
M 1584 1617 1627
M 2230 2228 2245
S 2076 2085 2086
M 601 606 653
S 51 111 112
S 634 672 673
M 1083 1092 1093
S 800 807 808
M 850 801 855
S 1269 1300 1301
M 612 610 645
M 803 647 805
S 1623 1633 1634
S 1767 1823 1824
M 1342 1368 1401
M 2465 2455 2476
S 216 241 242
S 272 274 275
S 369 377 378
S 654 674 675
M 2471 2417 2499
M 1228 1217 1230
M 2199 2191 2223
M 1332 1292 1350
S 1553 1584 1585
S 452 481 482
M 1659 1699 1723
S 2073 2107 2108
M 1818 1809 1841
S 1796 1815 1816
S 2316 2321 2322
M 1191 1193 1194
S 1208 1213 1214
S 453 519 520
M 1077 964 1103
S 541 611 612
M 2225 2247 2292
M 2182 2178 2188
S 21 23 24
S 259 269 270
S 621 819 820
S 1966 2000 2001
M 479 512 515
S 1792 1894 1895
M 1338 1274 1390
S 2193 2198 2199
M 2482 2422 2497
S 2056 2068 2069
M 2320 2327 2365
S 649 690 691
M 1652 1739 1750
M 1720 1667 1747
S 1394 1433 1434
S 411 415 416
S 417 422 423
S 1522 1532 1533
M 1095 1113 1138
S 2275 2299 2300
S 2498 2532 2533
M 2266 2272 2273
M 1324 1311 1357
M 2013 2022 2027
S 772 837 838
S 1382 1455 1456
S 72 93 94
M 242 254 276
M 2568 2555 2585
S 554 600 601
M 679 669 780
S 950 985 986
M 758 604 790
M 1258 1232 1279
M 1306 1290 1319
S 271 367 368
S 1656 1693 1694
S 117 141 142
M 1548 1539 1603
M 689 666 710
M 1559 1550 1611
S 199 212 213
M 1881 1927 1970
S 373 375 376
S 2287 2323 2324
M 990 1068 1088
S 2233 2254 2255
S 712 753 754
S 972 1097 1098
M 70 113 117
M 2144 1988 2176
S 502 575 576
S 1027 1056 1057
S 811 817 818
S 1268 1269 1270
S 2351 2402 2403
S 206 225 226
M 1106 1084 1129
M 2203 2216 2230
S 2101 2125 2126
S 2390 2429 2430
S 267 308 309
M 664 521 665
S 77 95 96
S 2119 2150 2151
S 1025 1030 1031
M 2490 2497 2521
S 345 435 436
S 1020 1032 1033
S 171 180 181
S 1152 1161 1162
S 159 204 205
M 2249 2269 2316
S 2350 2378 2379
M 1601 1634 1662
M 2571 2586 2590
M 1929 1956 1967
M 2176 2071 2191
S 2535 2537 2538
S 1766 1799 1800
S 1500 1515 1516
M 1802 1816 1818
S 1140 1169 1170
S 1018 1153 1154
M 1045 1056 1058
S 1887 1935 1936
M 595 590 597
M 1526 1439 1550
S 391 392 393
S 1293 1320 1321
S 1958 1994 1995
S 1511 1535 1536
M 1733 1730 1737
S 2087 2123 2124
S 1361 1580 1581
S 2169 2184 2185
M 420 390 429
M 201 231 244
S 266 290 291
S 1702 1742 1743
S 1471 1491 1492
M 2095 2098 2119
S 16 55 56
S 2096 2132 2133
M 2582 2575 2593
S 2201 2240 2241
S 1007 1027 1028
S 2411 2419 2420
M 1604 1644 1648
M 945 1046 1083
M 719 638 724
M 928 858 995
S 2547 2556 2557
S 911 932 933
S 1396 1418 1419
S 335 382 383
S 765 843 844
S 461 475 476
M 1300 1339 1359
M 1904 1894 1917
M 1631 1660 1691
M 1564 1545 1577
M 1088 1049 1124
M 1136 1158 1160
S 588 602 603
M 706 680 722
S 55 79 80
M 1329 1328 1338
M 365 352 397
M 1509 1492 1519
M 376 384 388
S 96 101 102
M 2439 2448 2449
S 2536 2546 2547
M 2301 2330 2345
M 1141 1219 1263
M 1144 1143 1147
S 1249 1280 1281
S 11 13 14
S 842 845 846
M 2409 2449 2495
S 657 661 662
S 665 713 714
S 1745 1772 1773
S 2064 2072 2073
S 877 966 967
S 2140 2196 2197
M 1590 1712 1738
M 1226 1301 1354
M 2313 2450 2452
M 1600 1527 1672
S 875 893 894
M 2240 2267 2306
S 538 547 548
M 371 317 372
S 2312 2350 2351
S 1086 1127 1128
S 2364 2408 2409
M 61 62 82
S 2484 2489 2490
S 2467 2553 2554
M 2365 2339 2404
M 1831 1851 1853
M 1554 1507 1562
M 1422 1431 1440
S 807 869 870
S 103 104 105
M 324 321 356
M 2461 2462 2468
M 1810 1758 1814
M 2444 2443 2488
M 1575 1519 1624
S 1971 2012 2013
M 1237 1196 1248
M 2283 2363 2377
S 1677 1705 1706
M 2009 2001 2011
M 1606 1723 1733
S 2451 2539 2540
M 1866 2020 2024
S 12 15 16
S 1244 1282 1283
S 164 209 210
M 319 422 428
M 1965 1925 2018
S 1715 1748 1749
M 1722 1776 1809
S 1775 1820 1821
S 681 741 742
M 1845 1709 1874
M 464 456 490
M 1685 1703 1745
M 1190 1182 1202
S 449 465 466
M 670 762 766
M 1735 1678 1760
S 185 292 293
M 1335 1177 1358
M 1860 1849 1865
S 1087 1104 1105
S 958 1004 1005
M 463 472 504
M 1837 1839 1845
S 2 9 10
M 544 498 546
M 457 483 500
M 41 98 218
S 770 922 923
S 330 411 412
S 617 731 732
S 1374 1383 1384
S 1893 1928 1929
S 532 550 551
S 1951 1954 1955
S 565 687 688
M 2577 2572 2583
M 1251 1413 1432
S 1819 1884 1885
S 779 786 787
S 784 832 833
M 1170 1117 1178
S 1016 1017 1018
S 316 389 390
S 2337 2341 2342
M 907 959 1001
S 1690 1698 1699
S 2426 2459 2460
M 1271 1220 1285
M 2523 2514 2529
S 1953 2189 2190
M 2058 2060 2071
M 1376 1567 1630
M 2425 2513 2527
M 648 413 664
S 2079 2136 2137
M 622 668 708
M 642 632 651
S 344 350 351
M 1019 952 1089
S 1392 1445 1446
S 1128 1158 1159
M 1663 1682 1692
M 1622 1648 1675
S 636 641 642
M 2065 2089 2104
M 1159 1179 1185
M 893 808 895
M 2305 2300 2309
S 1285 1303 1304
M 1234 1227 1260
S 2153 2171 2172
M 1457 1502 1506
M 46 87 159
M 2367 2362 2400
S 1050 1051 1052
S 1472 1489 1490
M 1204 1154 1208
S 2427 2469 2470
M 882 755 930
S 1777 1825 1826
S 1345 1392 1393
M 2340 2297 2354
S 646 744 745
S 1992 2019 2020
S 1184 1203 1204
S 2234 2276 2277
S 809 821 822
S 879 908 909
S 2062 2063 2064
M 480 454 545
M 2356 2377 2396
M 2566 2544 2570
S 2246 2288 2289
M 2288 2277 2336
S 438 529 530
S 982 1021 1022
S 1706 1711 1712
S 240 248 249
S 2015 2034 2035
M 2564 2501 2574
M 550 593 610
S 1768 1835 1836
M 1051 1100 1146
M 1710 1833 1837
S 688 697 698
M 2445 2473 2475
S 602 629 630
S 690 725 726
S 845 850 851
M 2335 2329 2347
S 165 234 235
M 1752 1781 1787
S 1850 1851 1852
M 2511 2404 2536
S 1298 1317 1318
S 3 4 5
M 640 644 650
M 2180 2138 2186
S 769 778 779
S 2302 2369 2370
M 1912 1889 1951
M 59 68 74
S 1813 1860 1861
M 2347 2398 2432
S 2251 2331 2332
S 1578 1644 1645
M 1003 997 1029
M 303 297 331
S 2271 2325 2326
S 1732 1866 1867
S 1175 1221 1222
S 1275 1291 1292
S 966 978 979
M 542 543 564
M 2372 2370 2388
M 1854 1885 1904
M 476 462 498
M 1651 1783 1784
S 2135 2228 2229
S 887 952 953
M 1205 1225 1243
S 278 288 289
S 1463 1481 1482
M 1040 924 1048
S 1163 1235 1236
S 398 441 442
S 112 163 164
M 2005 2025 2031
M 493 470 495
M 1661 1729 1779
M 2585 2584 2594
M 1666 1638 1670
S 1096 1132 1133
S 2366 2380 2381
M 1485 1493 1520
S 2023 2065 2066
S 566 643 644
M 1444 1455 1497
S 1593 1599 1600
S 2423 2466 2467
S 2078 2209 2210
S 2050 2057 2058
S 2163 2168 2169
S 5 6 7
S 147 172 173
M 737 743 749
S 778 1008 1009
S 1486 1654 1655
S 1779 1827 1828
M 509 392 582
M 1915 1902 1941
M 797 831 854
M 1737 1560 1739
M 326 426 463
M 247 251 256
S 192 321 322
S 2223 2247 2248
M 861 878 883
S 1847 1897 1898
M 181 214 217
S 2345 2393 2394
S 834 971 972
M 1103 1097 1107
S 2349 2362 2363
S 450 473 474
S 2028 2029 2030
S 900 906 907
S 76 108 109
M 783 598 789
S 1596 1606 1607
S 2063 2109 2110
S 2032 2087 2088
S 2253 2290 2291
S 1365 1397 1398
M 1153 1209 1231
M 1377 1390 1402
M 2016 1993 2021
S 926 964 965
M 1821 1830 1857
S 1167 1313 1314
M 1245 1247 1249
M 255 289 320
S 331 333 334
S 1658 1660 1661
M 2049 2077 2078
M 2518 2495 2530
S 2429 2471 2472
M 1637 1693 1697
M 1389 1343 1391
S 921 976 977
S 58 126 127
S 1412 1457 1458
S 1065 1071 1072
M 582 552 595
M 65 99 139
S 325 342 343
S 2420 2478 2479
M 304 404 407
M 2552 2578 2581
M 2576 2561 2578
M 1969 1928 1975
S 829 1081 1082
S 1337 1381 1382
M 281 228 295
S 1701 1719 1720
S 433 496 497
M 2254 2250 2257
S 444 506 507
S 211 230 231
S 912 920 921
M 697 708 717
S 1372 1378 1379
S 1160 1226 1227
M 1317 1310 1347
S 2278 2410 2411
S 4 52 53
S 838 847 848
M 1259 1264 1267
S 488 567 568
S 1714 1716 1717
M 2310 2318 2333
S 1403 1405 1406
M 436 407 467
S 2166 2263 2264
S 786 793 794
M 1085 1110 1122
M 2218 2262 2298
M 1017 996 1026
S 1566 1612 1613
M 1449 1451 1471
M 494 535 538
M 705 766 812
M 166 237 247
S 2052 2178 2179
M 2037 2084 2093
S 378 398 399
S 1327 1339 1340
M 1124 1119 1199
S 735 736 737
S 899 904 905
S 110 147 148
S 2162 2207 2208
M 2011 2008 2014
M 1429 1524 1546
S 1995 2003 2004
M 2392 2400 2412
M 437 442 456
S 168 281 282
M 1490 1513 1538
M 358 361 364
S 2428 2457 2458
S 603 617 618
S 1138 1190 1191
S 1664 1682 1683
S 2436 2514 2515
S 1859 1887 1888
M 2412 2406 2418
M 394 415 424
S 2036 2042 2043
M 2214 2217 2246
M 2152 2206 2211
M 1459 1395 1524
S 194 214 215
S 1437 1441 1442
M 1840 1765 1880
M 699 677 718
M 1708 1757 1767
M 1028 944 1035
M 1822 1890 1891
S 817 864 865
M 138 83 167
S 406 454 455
S 833 873 874
S 2502 2509 2510
M 334 348 379
M 1082 1059 1084
S 1655 1729 1730
S 280 384 385
M 2181 2074 2238
S 920 948 949
S 753 755 756
S 2241 2281 2282
S 2447 2461 2462
S 1903 1933 1934
S 2354 2374 2375
M 2341 2331 2391
M 1900 1832 1999
S 1741 1782 1783
M 728 780 784
M 1694 1688 1726
M 1725 1801 1819
S 274 296 297
M 1165 1265 1302
S 967 1110 1111
S 2325 2348 2349
M 739 810 828
S 56 70 71
M 888 908 938
S 1780 1785 1786
S 1420 1461 1462
M 962 931 1014
M 1042 1011 1065
M 1010 980 1047
S 28 37 38
M 490 446 518
M 467 401 468
M 549 571 619
S 1884 1907 1908
S 1653 1790 1791
M 1498 1558 1560
S 1048 1054 1055
S 1585 1601 1602
M 2371 2373 2385
S 1273 1330 1331
M 1734 1812 1844
S 215 222 223
S 57 85 86
S 1914 1958 1959
S 1464 1484 1485
S 1865 1913 1914
S 115 121 122
M 1388 1381 1594
M 188 196 202
S 1462 1474 1475
S 2121 2233 2234
S 20 39 40
M 1926 1873 1996
S 49 68 69
M 2014 2136 2140
S 1021 1038 1039
M 1640 1616 1671
M 2157 2127 2158
S 1186 1200 1201
S 1203 1206 1207
S 832 839 840
M 2314 2317 2346
S 2500 2516 2517
S 1446 1459 1460
S 1535 1543 1544
S 1955 2038 2039
S 889 974 975
S 1434 1558 1559
M 1302 1314 1315
M 835 815 859
M 927 922 941
M 2131 2112 2164
S 633 638 639
S 1069 1085 1086
M 909 905 911
M 682 625 695
M 349 327 355
M 366 354 373
M 1348 1366 1380
S 248 312 313
S 15 43 44
S 1698 1724 1725
S 1525 1591 1592
M 919 792 947
S 865 886 887
S 2088 2089 2090
M 1494 1506 1518
M 1108 1053 1118
M 771 752 783
M 2360 2418 2502
S 1435 1476 1477
S 1326 1386 1387
S 556 562 563
M 1370 1363 1371
M 2154 2252 2253
S 548 554 555
S 520 522 523
S 1307 1345 1346
M 651 558 654
S 66 77 78
S 986 987 988
M 1296 1279 1332
M 2581 2454 2582
M 1968 1905 1986
S 1668 1684 1685
S 820 856 857
M 1977 2021 2026
S 2255 2329 2330
M 372 448 462
S 1134 1139 1140
S 901 956 957
M 1568 1433 1571
M 1647 1791 1811
M 904 929 960
S 2353 2447 2448
S 329 352 353
M 2361 2343 2371
S 1272 1274 1275
S 2031 2048 2049
S 1930 1943 1944
S 1749 1762 1763
M 499 338 510
S 22 35 36
M 447 318 459
S 730 751 752
M 1149 1109 1157
S 114 186 187
M 1402 1399 1416
S 917 1006 1007
M 1967 1981 2002
M 1938 1826 2006
S 630 657 658
M 435 429 452
M 2529 2548 2564
M 223 262 279
S 1360 1403 1404
M 1436 1404 1454
S 13 19 20
S 2274 2286 2287
M 82 79 103
S 663 676 677
S 154 170 171
S 1934 1947 1948
M 691 619 696
M 991 1006 1012
S 546 604 605
M 641 667 681
S 870 875 876
S 733 815 816
M 2481 2379 2508
M 1540 1515 1574
M 913 859 929
S 1470 1509 1510
M 2212 2238 2272
S 1174 1298 1299
S 1161 1233 1234
S 2159 2182 2183
S 656 668 669
M 2458 2475 2477
M 118 121 149
M 2120 2134 2204
M 954 994 1053
S 1150 1183 1184
M 564 581 587
M 129 100 134
S 830 912 913
S 660 727 728
M 1680 1746 1752
S 851 889 890
S 1587 1588 1589
M 1075 1030 1078
S 25 27 28
M 1214 1221 1271
S 1691 1740 1741
M 1408 1423 1465
S 2260 2337 2338
S 702 715 716
S 405 433 434
M 818 823 849
S 1481 1525 1526
M 1383 1393 1417
M 725 701 729
M 1043 1079 1092
M 1081 1098 1099
S 1318 1394 1395
S 1162 1187 1188
M 951 1002 1016
S 484 485 486
S 1442 1530 1531
S 1762 1918 1919
S 2099 2111 2112
M 209 191 211
S 2546 2551 2552
S 923 924 925
M 761 965 997
S 44 87 88
M 785 787 830
S 2522 2548 2549
S 1597 1631 1632
S 1199 1305 1306
M 221 195 227
M 116 136 195
S 17 64 65
M 536 620 648
S 1236 1311 1312
S 1862 1875 1876
M 193 202 203
M 1277 1254 1360
S 2405 2433 2434
S 1102 1125 1126
M 140 97 143
M 1864 1867 1870
S 1891 1905 1906
S 794 826 827
M 723 720 743
M 1589 1379 1593
M 587 451 609
M 984 1122 1173
S 860 862 863
S 953 1036 1037
M 1074 1089 1102
S 1852 1965 1966
S 1447 1472 1473
S 1034 1100 1101
M 2026 1892 2067
S 2057 2082 2083
M 883 873 899
M 2545 2559 2563
S 1101 1171 1172
M 2189 2183 2200
S 2346 2360 2361
M 2273 2264 2313
M 107 137 138
M 39 88 118
M 2550 2540 2566
M 270 312 325
S 914 926 927
S 1635 1831 1832
M 2492 2456 2503
S 1782 1797 1798
S 2276 2278 2279
M 745 722 746
M 2333 2295 2340
M 208 207 243
M 695 639 735
M 2147 2146 2149
S 1665 1703 1704
S 854 958 959
S 1386 1450 1451
S 180 250 251
M 1985 1973 2017
M 2415 2416 2456
M 1952 1954 1956
S 1707 1721 1722
M 1546 1501 1563
S 465 469 470
M 357 227 366
M 837 798 841
M 2594 2593 2596
M 285 291 311
S 1503 1547 1548
S 1417 1429 1430
S 956 1019 1020
M 2219 2315 2339
M 979 1026 1075
S 513 558 559
S 506 598 599
M 2109 2094 2146
S 2424 2464 2465
M 1344 1346 1368
M 2188 2195 2239
S 2000 2036 2037
M 431 432 447
M 1107 1091 1123
M 1029 988 1046
M 7 6 8
M 505 589 635
M 2397 2421 2425
M 2459 2474 2541
M 179 124 189
S 2177 2192 2193
S 2068 2095 2096
M 1620 1603 1635
M 1222 1078 1223
M 2504 2516 2534
S 609 699 700
M 2207 2263 2268
S 257 277 278
S 2012 2050 2051
S 1676 1713 1714
S 2487 2493 2494
S 2352 2414 2415
M 2457 2410 2473
M 1146 1118 1150
M 1857 1959 1960
S 846 860 861
M 1711 1747 1774
M 898 760 903
M 853 814 900
S 1073 1237 1238
M 1419 1398 1428
M 1806 1820 1921
S 2151 2154 2155
M 130 32 137
S 2227 2319 2320
M 2380 2381 2401
S 2085 2212 2213
M 518 507 532
M 2105 2002 2117
S 120 123 124
M 1384 1411 1468
M 198 204 206
M 328 439 453
S 1713 1768 1769
M 1231 1215 1276
M 978 943 980
M 527 475 544
M 2526 2468 2528
S 122 257 258
S 1520 1572 1573
M 1549 1538 1566
M 1576 1639 1669
S 910 936 937
M 2470 2413 2486
S 24 60 61
M 2041 2054 2062
S 1246 1322 1323
M 788 793 798
M 2574 2573 2576
M 897 918 928
S 1465 1466 1467
S 1751 1780 1781
M 652 672 682
S 1997 2007 2008
M 282 256 294
M 2069 2039 2074
M 1289 1287 1296
S 2004 2102 2103
S 2044 2152 2153
M 2491 2505 2513
M 2038 2116 2122
M 1072 1067 1073
M 1358 1351 1373
2143 647426
1015 16643126
1867 2405135
1464 3872903
249 1010179
785 13776655
105 6769807
881 782519
995 19267881
879 447276
1431 9486114
629 81314
1593 277945
1890 53872
1416 15599479
74 7116686
297 39878
1228 495131
695 2840756
937 1949413
1152 671811
1447 7601902
2232 444
2013 332736
2573 6848514
1345 4864643
291 7978
944 1095079
2410 15345
575 22687
2492 4248980
2282 506857
1007 587192
1470 1419888
1222 530927
1130 5988486
2399 22648395
2559 379026
2179 1164831
2096 5887
1358 543256
1635 3165831
456 5102282
1684 36453
1285 8940103
2148 512816
1120 1104411
24 12530522
1315 2024733
1431 3573869
759 123700
1475 1244636
1095 2885547
1520 2734519
1976 477364
152 2058351
2548 37420
480 2598459
1890 31882
1369 6009663
245 13258
534 2581138
326 985243
1739 35799838
452 3764982
932 1218575
245 13280
1276 1226409
1184 9355200
1649 14340460
2365 1778786
791 965796
598 768613
2502 14553486
1120 724320
2096 10446
2406 1575837
2380 74046
201 2667564
1643 225924
322 10037485
2047 20965122
87 1737205
2519 1604000
2527 14824444
1868 204978
2398 240120
554 2638820
2092 1425108
1033 212633
2360 35946
1213 1447858
2539 128736
2414 153608
1967 6779924
58 7688101
2148 95097
1726 3347260
896 1974651
684 2897873
58 10158039
1873 9686
696 11390079
1658 30872801
1400 14927995
553 2208487
1729 63124
2031 28795286
356 9191906
442 201055
1256 304589
1028 42171
1998 153740
622 10732291
1944 261858
411 6977894
1201 424505
2375 4048181
1519 1307426
692 99032
1090 521012
1875 1803497
757 25476476
2338 18569237
2219 2626260
420 2575790
2156 438094
1320 8540040
840 565910
2120 5377
2598 1
2184 24648
658 69944
855 3002585
1545 555188
1034 5045707
1647 1670266
1321 3981899
1403 2954088
2187 1975067
587 3883726
2362 234669
313 199841
1728 136430
1697 215758
1527 6796
2022 1577360
101 85638
1848 322968
447 7454079
2050 3613980
1489 2404786
1906 2774740
2222 377088
1464 4322289
291 28041
1101 2970801
1894 549
1992 2758310
1959 1710849
566 353187
1535 87496
705 160063
1523 1665483
1014 402559
1432 137680
2135 621
2239 17176797
781 2477534
1505 282906
2203 2510821
207 1487070
658 26378
1891 23478760
715 1039192
953 43388
952 62072
534 774462
447 4459258
2561 259613
1422 2016876
1850 4966031
1592 506635
1115 3898819
1048 12744608
2262 138357
1017 902730
1864 941262
1695 2328236
1336 2569121
574 2084351
1757 1170290
1196 378802
268 3137891
2503 3907942
2395 1645067
1022 2009832
2489 761053
111 1346418
610 25368930
969 1172310
280 2784856
48 2023185
2083 931671
1551 4922453
116 500943
1856 667216
1123 4311703
341 5250847
2481 1780397
2500 190621
495 3528582
1922 244800
1722 1454182
267 1584804
805 199233
806 1008149
2304 8165
306 401400
1827 4110063
1010 14805356
323 1164585
1589 28090
1527 1028
2198 220596
1443 2323390
1203 3751734
1927 6447428
220 2384475
1871 743015
946 5967184
1465 4986034
1218 491571
521 14199649
583 270574
605 2880092
966 9857
615 45833
1271 4681285
718 2843321
238 12042
1671 113498
182 253393
2385 114614
213 3641501
1799 4118900
2248 394162
83 4211102
263 105354
472 152445
1364 204511
415 1329904
2034 3015
1326 1278341
1526 396157
1177 550195
1789 10802969
1649 8269826
588 312127
2581 4257105
1618 3798952
509 2710475
221 1606426
325 516960
429 1622229
1486 3805316
1340 436026
2122 4076475
118 2697609
2479 1517
495 806647
119 32748
1407 2829398
37 815537
1065 3124797
1699 204834
330 12824128
698 86450
534 1029401
1892 10454326
912 17904125
1049 1531884
1025 13127789
265 77477
1950 292453
696 15558386
1974 1330213
734 2287983
963 295616
2168 44553
1323 17563
63 18771556
1843 37455
2003 376951
1558 11479
131 10330232
779 12283
467 1317487
901 1099088
519 1460611
1537 522225
2500 497325
764 4052115
367 1525436
928 5663485
239 28975
1992 1556472
1801 841384
942 298745
299 107688
769 218728
2113 1753414
272 1467448
1737 4353509
2466 1907009
107 1169777
1358 49748
2345 25422
2176 1141770
1868 19931
160 18987576
317 2969759
718 2183317
2489 1285487
3 104754151
988 253228
21 30128599
2056 34625
955 153740
2555 143640
2087 5182338
997 4819151
52 20997295
2111 1917822
103 27756253
1627 318031
481 586606
1280 255672
1397 4366141
788 14667890
2268 2945795
30 7458163
1266 25210
199 2251796
386 5274770
411 1560669
1093 14278786
818 1192048
140 6966187
884 2185550
2371 30515
536 728680
1116 205070
35 4429475
2003 332727
2011 5856139
554 2726336
1941 74401
444 2818479
2439 3626631
812 2858318
1409 273656
1805 896983
358 250339
1632 360920
1830 14621653
1144 2908907
2535 3869061
1391 6235608
1964 50042
546 11393521
2530 4012813
2107 1414762
173 329415
2482 6035143
815 3285695
258 79077
2397 46432
1542 2005022
1395 372279
1084 4671991
2149 25343792
2570 6761134
244 5723681
2200 6594047
177 82983
1957 8607939
1995 76489
2244 17649960
1603 3454845
810 888872
1104 3264217
2477 4282450
622 11528872
1607 3819700
359 5588442
862 1324104
2134 5031
867 704562
1205 11698738
1874 1601868
1592 154685
1623 16747
1253 1286030
1035 3037731
1392 2242248
2089 2499464
63 14053127
1058 3495277
1899 109575
579 2768972
456 3309547
567 4261
2040 104843
442 378752
268 2482260
233 1471616
2379 114509
273 12186292
187 26059
732 23006
2157 424003
131 12826055
732 3680
2306 5042985
1823 3749702
1838 9789165
1332 27921557
1393 555917
668 762553
1359 3940377
439 1725398
1401 11889463
2588 2243074
1930 1194640
1777 13748786
1340 383042
1047 4792628
2523 13451
1407 1564274
1572 1308719
1883 2100561
668 5183323
323 8057030
553 486746
462 10662427
1100 2840801
2052 1257767
1665 860318
2519 477301
517 156637
1850 4768563
1540 5764496
1961 53
204 1620889
398 730986
2129 426333
2189 10496494
2585 32792400
1137 1248984
2217 455272
1771 2657838
784 5009047
28 921570
87 2473665
1708 3618688
380 569146
586 915162
2592 24268491
2538 1884724
1453 5072103
149 6168149
1619 639692
1384 978306
1282 11108
605 5281626
1699 384839
2565 1134277
2159 152186
1143 2991787
1394 56292
756 2852
62 700830
883 2102166
330 10643926
1119 245033
50 963014
378 577510
2040 140645
436 919316
230 393726
276 733764
553 1055774
2059 28716
1076 2305143
164 164249
1762 1028907
2137 34033
1214 1790247
1869 633087
2415 205663
2502 10628529
1005 963069
1215 725932
2498 46248
165 125631
271 1930602
723 409464
1490 371645
2474 14003708
574 1276619
2136 38143
1706 5929
890 607441
2433 8983889
647 191743
429 3798176
313 999941
1001 5089434
2388 776817
2372 478366
112 338662
1533 1307733
1707 5671702
1692 15186192
1959 1186549
552 1332813
2182 107119
97 632566
935 221911
2363 204958
1252 682234
640 3972651
967 10686
2154 387945
563 1050847
1848 392204
696 1940744
714 1266533
102 191079
760 6977
528 1066467
1884 109529
615 268374
2593 49463626
1181 158103
71 3069168
2225 7999
502 13505
2197 1776662
1037 78217
2142 263360
1792 535
1917 1857169
945 1237641
996 1738046
1588 136955
203 15003674
1664 3370484
2200 2985427
829 19569520
1695 889501
2354 354996
1591 149166
549 687821
2062 887752
1151 1021089
697 153596
153 2344528
2042 209986
773 1320454
2485 6513736
2209 7755800
1007 600247
2130 78506
2349 143925
1415 36063670
2188 1109564
1817 7118459
1705 872
1435 13619
2129 415226
1850 1778501
2586 726400
762 2055096
490 6325013
1395 79471
642 2317504
1364 207965
314 1875549
1324 40740
2268 348787
655 11863270
2100 4404290
1647 2612688
975 720766
1416 12583870
1411 3961521
2053 4933185
1060 29660
1395 99843
2164 2653776
447 6843499
286 7472
1212 93276
2248 601534
1031 7010268
266 120948
2445 24916
318 3612
13 3269346
522 1636592
638 1849681
721 22864
737 3512239
854 4982716
404 583054
1955 1589891
2213 16655
2556 3442850
155 756996
1322 354734
1830 8618877
2160 219584
1443 4050709
1593 2787374
2374 6362680
745 22772
2250 1231
1847 290245
1157 2786931
2260 10259509
723 346223
1879 2551980
1428 19287592
1037 59608
1478 6789004
2284 1139716
1031 18758735
724 3128789
2540 189861
126 3542067
2284 284538
936 2118253
2311 753394
1393 1014979
1240 1334005
810 1428180
2413 7316122
205 2346785
798 16107951
270 48209
2055 35004
552 1677082
2053 395183
2116 2761650
775 169209
2405 25618378
1933 357
1099 7200925
830 42926000
1204 2349811
838 1721532
1031 18496010
1804 5428897
1975 2330621
279 533766
1918 598505
1080 1241408
774 2851013
2030 3147195
256 139562
1043 4086968
593 442969
2033 24371296
1567 319532
480 4532914
1314 369653
1851 716293
1040 6148731
1441 12079444
1847 279804
686 1701920
115 888434
648 1020882
1073 1963804
2213 3981
37 1830000
18 17840119
2566 4323861
2293 919776
119 45820
509 225008
1652 3267900
2267 8898692
916 53299
1942 2145872
2381 150082
134 18311148
664 6214397
1694 2632138
360 6318619
1992 939775
1451 79284
1959 83497
2244 48233822
730 540113
2543 16773
2453 2804903
184 9852285
1946 227
2416 69288
1172 798020
770 14627
274 2023766
709 9506166
1013 29751454
1309 2555967
894 15384
1260 1549310
1015 16260416
1006 763691
1114 51326
69 1212158
29 1232198
166 21607
2088 3205918
2332 2109003
2492 5026558
1131 3948981
1755 2221
952 39256
108 195594
1244 24905
735 9576738
953 69587
1685 26910
2060 5998
1159 29206
437 6151852
2512 3119
1961 122
1793 1089
451 10972291
2032 7404074
715 573629
439 8385945
2174 334403
1068 50076
2513 20372891
1207 976614
1529 3030011
1164 4127922
877 14150
227 2935441
216 10385289
1539 4279937
2481 6992587
1774 49702
1498 15109254
1983 6959
1628 263893
855 2318539
766 4172925
2319 6131419
393 278756
1332 4939111
373 2267119
241 149848
227 308180
1001 2072629
1305 2633658
475 473165
1485 1905017
1949 152102
772 1663394
2455 18839
2326 664223
1539 1246848
2415 108588
2281 404978
1008 72061
1331 28038
375 2094830
279 684482
732 100270
2343 29
757 27827611
276 2125125
2469 1531888
2433 9213348
410 2514116
1520 1872073
2051 2096253
818 188306
96 199047
102 86425
1551 2752121
2343 39
1119 959630
2092 8115714
2182 88338
1273 266310
2101 207642
800 121951
625 212431
1477 4896
500 2398079
1615 10230
292 4680666
2060 102859
2000 12665
628 55571
418 3557904
2276 56945
2117 9565666
2076 16130
2071 356251
1712 4225
2464 1238627
1146 10794598
1307 4731723
790 16066538
1172 442232
2453 2917385
1680 32520
478 693322
601 357003
1156 3567131
2221 206242
883 892855
369 1407885
525 33550
2108 2113988
1233 534151
2309 40412165
213 2370724
330 13617853
2515 12923
679 41820
1050 628134
1988 118220
498 228048
1455 471809
2598 65162062
2286 825
75 564788
2286 190
1508 638490
1503 793208
298 2314983
196 189031
1992 1831070
1306 3967627
820 2814220
609 7384618
1584 4912
1945 35
1687 3380035
1284 2543877
651 9217225
144 9096098
2007 128815
1911 3702981
2556 3585686
2080 243300
2092 4095604
1369 919699
2494 3053158
556 2676278
383 8325786
1800 2457876
61 6581029
1687 937331
1021 3170899
2226 6062088
1724 82194
900 11239601
539 656580
1846 9409630
773 495619
1163 4161253
1760 481657
842 1317313
322 915614
1740 2744825
1974 737716
468 7614210
1259 630059
174 3057378
539 697272
1354 1123810
11 25118885
327 13114
240 2704860
2194 5669757
154 460703
1519 1663488
1493 34169
1682 5553802
2274 1482
835 209029
1059 40778
1673 218003
1326 1827080
1739 21493342
2059 118381
1883 693918
2590 6801717
1146 6847856
1562 1369000
783 13032228
1170 555065
2302 129
1704 1139921
1441 10873333
202 5589316
613 1608726
4 60298183
1436 7890
980 297194
313 1494095
1959 1079750
383 7714247
980 357921
2030 380421
1246 782141
2493 1812852
932 275126
1246 539815
1866 957326
376 1355251
383 4518183
67 1365783
1144 4448718
748 3646758
1122 35474
1325 949040
2107 1970687
2318 6013
2461 95418
829 15281118
2120 111866
1801 154049
2500 462166
626 260557
724 5907594
2250 2000
2485 14572155
2349 661974
604 4281431
2549 20028
120 104449
13 4538910
1472 2849616
1768 3637
2595 39992099
783 11884188
764 2902733
1733 5529236
495 2047349
1486 3291964
1528 12663
134 12046969
617 4504
274 1843251
532 10339029
1499 23612399
920 8160406
89 101472
640 782628
1378 1250013
884 2780874
1013 20406708
2051 3249744
1326 2075391
1480 30218
1331 36767
1953 27216175
2365 8852251
1738 2989894
2271 1066037
374 5641181
2066 1125525
38 316586
1896 8235107
2426 8876544
84 657656
2598 130324123
1310 1633284
430 7618056
184 8527202
1961 102
2317 16896
81 11189922
1884 567054
1709 949828
1085 31279
679 131149
1868 469420
