1
3
999999999
499999999
333333331
999999997
499999997
333333329
2
4
1000000000
500000000
333333332
999999998
499999998
333333330
1
5
999999997
499999997
333333329
999999993
499999993
333333325
3
7
999999999
499999999
333333331
999999995
499999995
333333327
2
6
999999998
499999998
333333330
999999994
499999994
333333326
4
8
1000000000
500000000
333333332
999999996
499999996
333333328
1
9
999999993
499999993
333333321
999999985
499999985
333333313
5
13
999999997
499999997
333333325
999999989
499999989
333333317
3
11
999999995
499999995
333333323
999999987
499999987
333333315
7
15
999999999
499999999
333333327
999999991
499999991
333333319
2
10
999999994
499999994
333333322
999999986
499999986
333333314
6
14
999999998
499999998
333333326
999999990
499999990
333333318
4
12
999999996
499999996
333333324
999999988
499999988
333333316
8
16
1000000000
500000000
333333328
999999992
499999992
333333320
1
17
999999985
499999985
333333313
999999969
499999969
333333297
9
25
999999993
499999993
333333321
999999977
499999977
333333305
5
21
999999989
499999989
333333317
999999973
499999973
333333301
13
29
999999997
499999997
333333325
999999981
499999981
333333309
3
19
999999987
499999987
333333315
999999971
499999971
333333299
11
27
999999995
499999995
333333323
999999979
499999979
333333307
7
23
999999991
499999991
333333319
999999975
499999975
333333303
15
31
999999999
499999999
333333327
999999983
499999983
333333311
2
18
999999986
499999986
333333314
999999970
499999970
333333298
10
26
999999994
499999994
333333322
999999978
499999978
333333306
6
22
999999990
499999990
333333318
999999974
499999974
333333302
14
30
999999998
499999998
333333326
999999982
499999982
333333310
4
20
999999988
499999988
333333316
999999972
499999972
333333300
12
28
999999996
499999996
333333324
999999980
499999980
333333308
8
24
999999992
499999992
333333320
999999976
499999976
333333304
16
32
1000000000
500000000
333333328
999999984
499999984
333333312
1
8193
999989249
499990529
333324289
999981057
499982337
333316097
7489
15681
999996737
499998017
333331777
999988545
499989825
333323585
3745
11937
999992993
499994273
333328033
999984801
499986081
333319841
5137
13329
999994385
499995665
333329425
999986193
499987473
333321233
1873
10065
999991121
499992401
333326161
999982929
499984209
333317969
6577
14769
999995825
499997105
333330865
999987633
499988913
333322673
2569
10761
999991817
499993097
333326857
999983625
499984905
333318665
4297
12489
999993545
499994825
333328585
999985353
499986633
333320393
937
9129
999990185
499991465
333325225
999981993
499983273
333317033
7705
15897
999996953
499998233
333331993
999988761
499990041
333323801
3289
11481
999992537
499993817
333327577
999984345
499985625
333319385
6073
14265
999995321
499996601
333330361
999987129
499988409
333322169
1285
9477
999990533
499991813
333325573
999982341
499983621
333317381
6853
15045
999996101
499997381
333331141
999987909
499989189
333322949
2149
10341
999991397
499992677
333326437
999983205
499984485
333318245
4885
13077
999994133
499995413
333329173
999985941
499987221
333320981
469
8661
999989717
499990997
333324757
999981525
499982805
333316565
7285
15477
999996533
499997813
333331573
999988341
499989621
333323381
3853
12045
999993101
499994381
333328141
999984909
499986189
333319949
5581
13773
999994829
499996109
333329869
999986637
499987917
333321677
1645
9837
999990893
499992173
333325933
999982701
499983981
333317741
6301
14493
999995549
499996829
333330589
999987357
499988637
333322397
3037
11229
999992285
499993565
333327325
999984093
499985373
333319133
4477
12669
999993725
499995005
333328765
999985533
499986813
333320573
643
8835
999989891
499991171
333324931
999981699
499982979
333316739
8131
16323
999997379
499998659
333332419
999989187
499990467
333324227
3427
11619
999992675
499993955
333327715
999984483
499985763
333319523
5779
13971
999995027
499996307
333330067
999986835
499988115
333321875
1075
9267
999990323
499991603
333325363
999982131
499983411
333317171
7027
15219
999996275
499997555
333331315
999988083
499989363
333323123
2443
10635
999991691
499992971
333326731
999983499
499984779
333318539
4651
12843
999993899
499995179
333328939
999985707
499986987
333320747
235
8427
999989483
499990763
333324523
999981291
499982571
333316331
7579
15771
999996827
499998107
333331867
999988635
499989915
333323675
3643
11835
999992891
499994171
333327931
999984699
499985979
333319739
5371
13563
999994619
499995899
333329659
999986427
499987707
333321467
1927
10119
999991175
499992455
333326215
999982983
499984263
333318023
6439
14631
999995687
499996967
333330727
999987495
499988775
333322535
2791
10983
999992039
499993319
333327079
999983847
499985127
333318887
4183
12375
999993431
499994711
333328471
999985239
499986519
333320279
823
9015
999990071
499991351
333325111
999981879
499983159
333316919
7927
16119
999997175
499998455
333332215
999988983
499990263
333324023
3151
11343
999992399
499993679
333327439
999984207
499985487
333319247
5935
14127
999995183
499996463
333330223
999986991
499988271
333322031
1519
9711
999990767
499992047
333325807
999982575
499983855
333317615
6751
14943
999995999
499997279
333331039
999987807
499989087
333322847
2239
10431
999991487
499992767
333326527
999983295
499984575
333318335
5119
13311
999994367
499995647
333329407
999986175
499987455
333321215
322
8514
999989570
499990850
333324610
999981378
499982658
333316418
7330
15522
999996578
499997858
333331618
999988386
499989666
333323426
4066
12258
999993314
499994594
333328354
999985122
499986402
333320162
5458
13650
999994706
499995986
333329746
999986514
499987794
333321554
1714
9906
999990962
499992242
333326002
999982770
499984050
333317810
6154
14346
999995402
499996682
333330442
999987210
499988490
333322250
2890
11082
999992138
499993418
333327178
999983946
499985226
333318986
4522
12714
999993770
499995050
333328810
999985578
499986858
333320618
538
8730
999989786
499991066
333324826
999981594
499982874
333316634
8026
16218
999997274
499998554
333332314
999989082
499990362
333324122
3514
11706
999992762
499994042
333327802
999984570
499985850
333319610
5638
13830
999994886
499996166
333329926
999986694
499987974
333321734
1222
9414
999990470
499991750
333325510
999982278
499983558
333317318
7078
15270
999996326
499997606
333331366
999988134
499989414
333323174
2326
10518
999991574
499992854
333326614
999983382
499984662
333318422
4822
13014
999994070
499995350
333329110
999985878
499987158
333320918
118
8310
999989366
499990646
333324406
999981174
499982454
333316214
7438
15630
999996686
499997966
333331726
999988494
499989774
333323534
3790
11982
999993038
499994318
333328078
999984846
499986126
333319886
5230
13422
999994478
499995758
333329518
999986286
499987566
333321326
1822
10014
999991070
499992350
333326110
999982878
499984158
333317918
6622
14814
999995870
499997150
333330910
999987678
499988958
333322718
2686
10878
999991934
499993214
333326974
999983742
499985022
333318782
4228
12420
999993476
499994756
333328516
999985284
499986564
333320324
964
9156
999990212
499991492
333325252
999982020
499983300
333317060
7780
15972
999997028
499998308
333332068
999988836
499990116
333323876
3220
11412
999992468
499993748
333327508
999984276
499985556
333319316
6100
14292
999995348
499996628
333330388
999987156
499988436
333322196
1396
9588
999990644
499991924
333325684
999982452
499983732
333317492
6796
14988
999996044
499997324
333331084
999987852
499989132
333322892
2092
10284
999991340
499992620
333326380
999983148
499984428
333318188
4972
13164
999994220
499995500
333329260
999986028
499987308
333321068
412
8604
999989660
499990940
333324700
999981468
499982748
333316508
7228
15420
999996476
499997756
333331516
999988284
499989564
333323324
3964
12156
999993212
499994492
333328252
999985020
499986300
333320060
5512
13704
999994760
499996040
333329800
999986568
499987848
333321608
1576
9768
999990824
499992104
333325864
999982632
499983912
333317672
6376
14568
999995624
499996904
333330664
999987432
499988712
333322472
2968
11160
999992216
499993496
333327256
999984024
499985304
333319064
4408
12600
999993656
499994936
333328696
999985464
499986744
333320504
760
8952
999990008
499991288
333325048
999981816
499983096
333316856
8080
16272
999997328
499998608
333332368
999989136
499990416
333324176
3376
11568
999992624
499993904
333327664
999984432
499985712
333319472
5872
14064
999995120
499996400
333330160
999986928
499988208
333321968
1120
9312
999990368
499991648
333325408
999982176
499983456
333317216
6976
15168
999996224
499997504
333331264
999988032
499989312
333323072
2560
10752
999991808
499993088
333326848
999983616
499984896
333318656
