1
999999997
5
999999993
9
999999989
13
999999985
17
999999981
21
999999977
25
999999973
29
999999969
33
999999965
37
999999961
2
999999998
6
999999994
10
999999990
14
999999986
18
999999982
22
999999978
26
999999974
30
999999970
34
999999966
38
999999962
3
999999999
7
999999995
11
999999991
15
999999987
19
999999983
23
999999979
27
999999975
31
999999971
35
999999967
39
999999963
4
1000000000
8
999999996
12
999999992
16
999999988
20
999999984
24
999999980
28
999999976
32
999999972
36
999999968
40
999999964
1
999999999
3
999999997
5
999999995
7
999999993
9
999999991
11
999999989
13
999999987
15
999999985
17
999999983
19
999999981
2
1000000000
4
999999998
6
999999996
8
999999994
10
999999992
12
999999990
14
999999988
16
999999986
18
999999984
20
999999982
1
999999997
5
999999993
9
999999989
13
999999985
17
999999981
21
999999977
25
999999973
29
999999969
33
999999965
37
999999961
3
999999999
7
999999995
11
999999991
15
999999987
19
999999983
23
999999979
27
999999975
31
999999971
35
999999967
39
999999963
2
999999998
6
999999994
10
999999990
14
999999986
18
999999982
22
999999978
26
999999974
30
999999970
34
999999966
38
999999962
4
1000000000
8
999999996
12
999999992
16
999999988
20
999999984
24
999999980
28
999999976
32
999999972
36
999999968
40
999999964
1
999999998
2
999999997
5
999999994
6
999999993
9
999999990
10
999999989
13
999999986
14
999999985
17
999999982
18
999999981
3
1000000000
4
999999999
7
999999996
8
999999995
11
999999992
12
999999991
15
999999988
16
999999987
19
999999984
20
999999983
1
1000000000
3
999999998
2
999999999
4
999999997
5
999999996
7
999999994
6
999999995
8
999999993
9
999999992
11
999999990
