1
1
536870913
1000000000
2
999999998
3
999999999
4
999999996
5
999999995
6
999999994
7
999999997
8
999999992
9
999999991
10
999999990
11
999999989
12
999999988
13
999999987
14
999999986
15
999999993
16
999999984
17
999999983
18
999999982
19
999999981
20
999999980
21
999999979
22
999999978
23
999999977
24
999999976
25
999999975
26
999999974
27
999999973
28
999999972
29
999999971
30
999999970
31
999999985
32
999999968
33
999999967
34
999999966
35
999999965
36
999999964
37
999999963
38
999999962
39
999999961
40
999999960
41
999999959
42
999999958
43
999999957
44
999999956
45
999999955
46
999999954
47
999999953
48
999999952
49
999999951
50
999999950
51
999999949
52
999999948
53
999999947
54
999999946
55
999999945
56
999999944
57
999999943
58
999999942
59
999999941
60
999999940
61
999999939
62
999999938
63
999999969
64
999999936
65
999999935
66
999999934
67
999999933
68
999999932
69
999999931
70
999999930
71
999999929
72
999999928
73
999999927
74
999999926
75
999999925
76
999999924
77
999999923
78
999999922
79
999999921
80
999999920
81
999999919
82
999999918
83
999999917
84
999999916
85
999999915
86
999999914
87
999999913
88
999999912
89
999999911
90
999999910
91
999999909
92
999999908
93
999999907
94
999999906
95
999999905
96
999999904
97
999999903
98
999999902
99
999999901
100
999999900
101
999999899
102
999999898
103
999999897
104
999999896
105
999999895
106
999999894
107
999999893
108
999999892
109
999999891
110
999999890
111
999999889
112
999999888
113
999999887
114
999999886
115
999999885
116
999999884
117
999999883
118
999999882
119
999999881
120
999999880
121
999999879
122
999999878
123
999999877
124
999999876
125
999999875
126
999999874
127
999999937
128
999999872
129
999999871
130
999999870
131
999999869
132
999999868
133
999999867
134
999999866
135
999999865
136
999999864
137
999999863
138
999999862
139
999999861
140
999999860
141
999999859
142
999999858
143
999999857
144
999999856
145
999999855
146
999999854
147
999999853
148
999999852
149
999999851
150
999999850
151
999999849
152
999999848
153
999999847
154
999999846
155
999999845
156
999999844
157
999999843
158
999999842
159
999999841
160
999999840
161
999999839
162
999999838
163
999999837
164
999999836
165
999999835
166
999999834
167
999999833
168
999999832
169
999999831
170
999999830
171
999999829
172
999999828
173
999999827
174
999999826
175
999999825
176
999999824
177
999999823
178
999999822
179
999999821
180
999999820
181
999999819
182
999999818
183
999999817
184
999999816
185
999999815
186
999999814
187
999999813
188
999999812
189
999999811
190
999999810
191
999999809
192
999999808
193
999999807
194
999999806
195
999999805
196
999999804
197
999999803
198
999999802
199
999999801
200
999999800
201
999999799
202
999999798
203
999999797
204
999999796
205
999999795
206
999999794
207
999999793
208
999999792
209
999999791
210
999999790
211
999999789
212
999999788
213
999999787
214
999999786
215
999999785
216
999999784
217
999999783
218
999999782
219
999999781
220
999999780
221
999999779
222
999999778
223
999999777
224
999999776
225
999999775
226
999999774
227
999999773
228
999999772
229
999999771
230
999999770
231
999999769
232
999999768
233
999999767
234
999999766
235
999999765
236
999999764
237
999999763
238
999999762
239
999999761
240
999999760
241
999999759
242
999999758
243
999999757
244
999999756
245
999999755
246
999999754
247
999999753
248
999999752
249
999999751
250
999999750
251
999999749
252
999999748
253
999999747
254
999999746
255
999999873
256
999999744
257
999999743
258
999999742
259
999999741
260
999999740
261
999999739
262
999999738
263
999999737
264
999999736
265
999999735
266
999999734
267
999999733
268
999999732
269
999999731
270
999999730
271
999999729
272
999999728
273
999999727
274
999999726
275
999999725
276
999999724
277
999999723
278
999999722
279
999999721
280
999999720
281
999999719
282
999999718
283
999999717
284
999999716
285
999999715
286
999999714
287
999999713
288
999999712
289
999999711
290
999999710
291
999999709
292
999999708
293
999999707
294
999999706
295
999999705
296
999999704
297
999999703
298
999999702
299
999999701
300
999999700
301
999999699
302
999999698
303
999999697
304
999999696
305
999999695
306
999999694
307
999999693
308
999999692
309
999999691
310
999999690
311
999999689
312
999999688
313
999999687
314
999999686
315
999999685
316
999999684
317
999999683
318
999999682
319
999999681
320
999999680
321
999999679
322
999999678
323
999999677
324
999999676
325
999999675
326
999999674
327
999999673
328
999999672
329
999999671
330
999999670
331
999999669
332
999999668
333
999999667
334
999999666
335
999999665
336
999999664
337
999999663
338
999999662
339
999999661
340
999999660
341
999999659
342
999999658
343
999999657
344
999999656
345
999999655
346
999999654
347
999999653
348
999999652
349
999999651
350
999999650
351
999999649
352
999999648
353
999999647
354
999999646
355
999999645
356
999999644
357
999999643
358
999999642
359
999999641
360
999999640
361
999999639
362
999999638
363
999999637
364
999999636
365
999999635
366
999999634
367
999999633
368
999999632
369
999999631
370
999999630
371
999999629
372
999999628
373
999999627
374
999999626
375
999999625
376
999999624
377
999999623
378
999999622
379
999999621
380
999999620
381
999999619
382
999999618
383
999999617
384
999999616
385
999999615
386
999999614
387
999999613
388
999999612
389
999999611
390
999999610
391
999999609
392
999999608
393
999999607
394
999999606
395
999999605
396
999999604
397
999999603
398
999999602
399
999999601
400
999999600
401
999999599
402
999999598
403
999999597
404
999999596
405
999999595
406
999999594
407
999999593
408
999999592
409
999999591
410
999999590
411
999999589
412
999999588
413
999999587
414
999999586
415
999999585
416
999999584
417
999999583
418
999999582
419
999999581
420
999999580
421
999999579
422
999999578
423
999999577
424
999999576
425
999999575
426
999999574
427
999999573
428
999999572
429
999999571
430
999999570
431
999999569
432
999999568
433
999999567
434
999999566
435
999999565
436
999999564
437
999999563
438
999999562
439
999999561
440
999999560
441
999999559
442
999999558
443
999999557
444
999999556
445
999999555
446
999999554
447
999999553
448
999999552
449
999999551
450
999999550
451
999999549
452
999999548
453
999999547
454
999999546
455
999999545
456
999999544
457
999999543
458
999999542
459
999999541
460
999999540
461
999999539
462
999999538
463
999999537
464
999999536
465
999999535
466
999999534
467
999999533
468
999999532
469
999999531
470
999999530
471
999999529
472
999999528
473
999999527
474
999999526
475
999999525
476
999999524
477
999999523
478
999999522
479
999999521
480
999999520
481
999999519
482
999999518
483
999999517
484
999999516
485
999999515
486
999999514
487
999999513
488
999999512
489
999999511
490
999999510
491
999999509
492
999999508
493
999999507
494
999999506
495
999999505
496
999999504
497
999999503
498
999999502
499
999999501
