9372 92 1000
S 64 86 87
S 108 116 117
S 18 22 23
S 4 12 13
M 130 124 135
S 106 109 110
S 63 76 77
M 73 74 75
S 41 49 50
M 134 138 139
S 91 123 124
M 8 10 11
S 127 130 131
M 57 53 58
M 114 109 118
S 45 55 56
M 107 84 111
S 86 92 93
M 113 121 122
S 78 82 83
S 126 127 128
M 70 83 84
M 67 69 70
S 30 36 37
M 133 136 137
M 26 24 33
M 72 65 74
M 48 51 57
S 34 61 62
M 88 80 89
M 128 116 129
S 29 34 35
S 46 47 48
S 77 78 79
M 110 118 119
S 62 63 64
S 7 9 10
S 98 99 100
M 52 49 54
M 132 137 138
M 47 58 85
S 87 101 102
M 92 97 98
M 28 15 29
M 16 14 26
S 85 96 97
M 135 122 136
M 36 39 42
S 66 67 68
M 43 35 69
M 32 22 44
M 76 79 80
M 104 100 108
S 94 114 115
M 55 82 90
S 59 65 66
S 42 51 52
S 93 112 113
M 60 71 81
S 19 27 28
M 105 111 121
S 9 14 15
S 38 45 46
M 125 131 133
S 54 59 60
S 1 2 3
S 3 6 7
S 89 94 95
M 115 117 120
S 81 104 105
S 11 18 19
S 17 24 25
M 95 99 106
M 31 25 32
M 102 103 107
M 40 21 43
M 50 33 53
M 37 56 73
S 112 125 126
M 68 90 91
M 6 5 8
S 13 20 21
M 119 129 132
M 123 120 134
S 61 71 72
M 96 101 103
S 2 4 5
M 44 75 88
S 27 40 41
S 23 38 39
S 12 16 17
S 20 30 31
17 170
75 343
139 1756
101 63
20 364
70 2271
41 281
10 1139
20 286
93 59
126 3
30 218
8 488
22 639
46 132
21 389
35 1005
52 62
70 836
63 215
49 147
103 662
85 536
10 938
8 509
49 52
126 15
103 246
117 427
18 140
135 27
132 2826
83 20
30 36
114 233
106 1229
59 377
112 9
106 1250
131 2
16 49
73 32
80 76
93 24
60 305
92 54
87 111
105 294
12 745
3 4074
127 4
28 924
131 2
124 135
31 154
120 1173
2 3816
33 640
73 176
91 203
69 2074
94 1096
112 22
81 244
84 2366
87 31
10 224
133 14
68 33
29 971
37 145
91 281
86 126
139 5677
12 796
5 225
130 3
116 284
30 32
109 936
67 8
104 88
73 18
14 47
120 105
131 4
10 1164
68 61
75 666
114 554
12 57
103 1340
82 18
75 441
33 412
43 107
91 168
69 1734
59 124
25 29
73 143
114 413
4 170
105 208
68 62
70 2339
139 1714
97 1144
25 67
70 1456
64 23
34 172
100 337
31 217
87 90
110 736
81 382
89 109
97 72
28 210
56 98
10 693
13 393
43 990
129 469
126 4
128 6
48 134
74 348
132 3289
106 2121
4 1592
20 396
29 1210
39 524
87 79
57 68
102 19
139 2589
48 89
98 1151
85 2159
64 142
109 78
93 37
29 946
35 874
117 28
134 299
37 65
25 34
32 435
53 1625
117 210
128 5
54 411
59 164
119 1412
129 236
26 427
13 271
36 69
63 88
102 39
126 12
7 1272
45 184
135 74
93 53
23 453
60 276
29 727
116 362
11 3903
78 3
132 3058
89 2972
55 93
10 705
129 418
80 165
123 130
132 871
70 1715
13 1143
103 690
113 27
117 143
86 82
84 1560
6 104
128 7
78 51
79 13
26 220
92 2
86 67
54 376
96 595
44 1916
60 69
69 2209
10 422
101 57
31 54
61 139
129 252
15 89
76 48
74 17
19 150
130 4
73 284
97 1009
103 556
99 411
85 994
94 645
53 1527
12 836
86 86
89 1593
117 365
82 14
43 38
91 115
72 138
77 55
58 1432
66 56
79 27
12 727
82 20
109 1036
125 5
117 286
2 4681
79 33
107 587
49 76
101 52
54 576
103 816
81 214
71 195
127 5
105 24
9 591
20 124
77 31
69 443
121 1578
62 436
66 131
72 113
128 1
105 230
62 52
50 8
131 4
2 1496
101 34
43 284
10 1120
109 8
86 127
41 608
44 1975
46 152
89 1836
131 2
5 1514
32 96
40 106
20 390
19 56
128 5
91 128
51 262
67 100
96 639
20 387
136 3102
98 350
133 4
97 398
8 2404
83 13
45 210
41 420
46 76
124 28
5 1314
124 124
32 437
18 225
37 115
18 1051
106 1061
31 173
68 92
79 32
69 858
77 97
68 55
88 1984
57 163
23 696
92 50
127 2
47 127
104 260
88 1425
97 300
105 13
121 2148
38 256
17 407
138 2267
27 395
95 617
31 49
83 25
13 1085
49 275
73 191
81 262
103 900
33 1014
133 18
101 19
87 126
37 10
113 14
36 70
104 88
2 4671
54 392
72 134
92 12
98 526
137 3482
122 3996
73 125
110 725
16 274
100 144
69 2225
46 139
29 1307
99 644
31 178
43 594
103 251
80 87
26 426
111 195
24 237
56 141
57 278
2 2424
22 850
36 64
105 13
16 155
32 421
139 659
4 1767
118 556
113 10
83 10
96 503
3 4480
106 2203
13 268
14 161
79 42
112 32
82 18
52 2
11 2293
122 116
67 13
98 624
72 234
30 285
107 982
111 3728
122 1277
62 63
126 13
79 43
105 22
130 3
39 84
5 1996
105 302
6 1443
22 18
88 1962
65 119
113 2
63 215
113 11
93 19
23 872
76 44
47 101
13 197
116 132
61 29
111 130
59 155
55 95
72 215
2 1551
28 717
113 21
70 971
87 117
101 22
76 77
40 715
19 1518
132 1071
139 4686
121 2389
37 71
28 214
112 23
133 4
22 1103
38 369
83 16
116 510
113 14
44 1050
2 1640
80 115
10 129
75 11
26 320
95 986
32 25
110 803
43 950
96 703
26 934
27 1092
106 1649
102 27
79 30
115 326
40 425
37 124
134 1163
50 217
11 1407
61 169
53 1119
110 417
40 10
121 3471
106 2106
44 1329
114 522
55 66
8 2185
67 96
129 74
40 346
28 300
25 101
18 2257
105 159
103 588
52 45
5 3
29 1388
44 1056
50 274
54 612
71 205
3 494
118 1754
117 503
12 602
87 44
45 121
134 1373
90 156
20 432
78 19
19 1220
83 8
78 38
45 287
95 1098
49 17
120 358
12 140
37 41
21 216
55 153
104 32
136 2920
22 1053
88 274
101 53
20 26
60 211
45 334
69 1337
114 228
94 1180
61 415
16 579
126 7
93 1
25 113
106 2109
10 900
53 1568
77 96
108 709
97 1206
99 564
62 231
28 791
63 122
24 282
30 49
132 181
76 71
93 56
76 44
94 1224
21 527
75 179
92 59
139 1
111 1750
37 127
48 103
90 70
121 1346
41 499
90 169
48 34
136 2622
16 219
106 328
105 267
108 398
65 201
111 679
87 81
38 506
41 540
81 466
120 1090
122 3525
21 399
15 247
136 3203
20 254
132 2519
87 59
52 367
45 366
51 192
23 1204
66 13
124 49
98 513
114 134
98 409
13 397
112 20
108 500
86 23
33 11
45 207
76 88
82 21
28 1381
72 113
47 81
51 248
89 1970
14 356
106 696
17 366
82 20
132 367
43 1025
5 1416
16 296
106 830
47 12
126 7
83 9
79 18
126 9
87 128
58 835
112 27
53 1697
14 134
129 472
17 145
58 1081
22 692
102 32
88 2037
53 6
101 49
80 174
38 718
41 178
135 32
79 32
53 1051
6 29
59 73
139 8094
119 286
37 70
73 225
91 66
127 7
73 186
121 774
117 39
93 42
54 648
25 110
11 2705
30 235
104 207
102 14
138 1701
136 3110
75 763
139 9372
32 519
95 1021
2 3611
74 378
112 16
51 290
124 117
127 5
33 161
20 514
72 141
62 307
80 54
2 2769
79 11
80 132
122 2733
43 10
55 76
43 735
7 145
126 16
42 321
25 116
62 376
24 101
133 20
85 781
122 4250
57 296
115 608
26 570
23 1036
49 138
10 215
9 151
99 83
94 1467
96 1317
63 200
109 933
79 39
15 441
95 215
100 316
33 192
139 1166
65 134
60 188
35 766
53 377
23 121
124 26
85 1608
7 589
55 164
5 698
98 1226
134 802
132 2416
23 409
75 767
35 90
38 698
38 488
44 554
61 489
117 134
70 2403
36 114
117 439
12 274
68 77
29 213
52 41
43 436
82 10
10 421
59 41
3 1163
103 742
133 10
9 1111
104 28
8 4500
81 208
136 804
22 991
34 44
19 1386
27 393
39 725
63 142
105 39
130 4
30 43
37 43
99 376
17 15
90 155
82 14
126 15
82 20
86 66
38 114
14 518
90 61
26 299
63 14
97 425
125 6
125 5
102 45
12 124
82 19
83 27
98 349
15 285
61 352
127 5
102 51
62 295
133 6
126 14
114 67
33 946
11 3756
104 241
106 584
87 45
114 562
60 279
49 366
97 1171
125 10
41 427
63 168
87 90
105 61
64 131
55 157
30 36
138 5888
46 212
123 4
81 168
85 776
45 252
54 224
5 979
25 252
113 5
117 7
65 47
70 830
136 70
136 2767
11 1836
54 32
110 463
94 85
87 26
119 588
12 468
89 1155
24 289
93 21
78 39
93 24
122 2256
16 48
34 869
62 381
123 136
89 2825
24 247
54 495
6 1718
84 2442
64 230
134 1117
125 4
67 98
37 41
70 221
112 23
103 248
98 545
29 1909
34 650
93 7
64 10
51 22
36 83
72 98
84 1930
41 703
120 1044
13 681
55 104
43 666
138 4457
114 583
65 174
94 1286
41 53
75 706
83 28
40 622
107 655
31 181
83 30
115 71
37 103
118 1127
47 8
4 1002
57 552
50 148
39 203
58 187
55 68
10 666
131 2
10 706
28 904
133 1
92 21
52 41
74 376
11 1985
67 6
13 264
18 2817
64 97
69 1875
105 136
54 16
136 3572
56 15
39 27
108 676
51 403
30 249
131 4
120 643
75 597
17 446
121 2390
60 54
114 395
99 32
118 1662
9 144
133 15
137 476
45 47
84 800
44 209
119 1436
67 7
34 527
14 498
63 76
56 163
94 331
109 468
136 3488
112 29
87 122
129 61
34 887
39 561
96 613
10 1010
36 35
112 26
47 115
44 503
136 1079
31 231
28 586
49 200
23 898
113 14
39 716
124 126
79 9
67 38
33 308
31 268
46 78
73 247
47 52
137 4332
97 1169
3 4382
127 2
20 345
136 2090
85 1568
31 143
135 108
106 1283
118 285
49 116
134 426
97 1230
99 388
41 439
33 619
68 12
93 27
50 19
80 172
108 345
123 70
6 1945
85 1477
29 637
119 2453
105 150
42 747
113 4
100 113
100 364
136 1585
103 16
54 225
37 40
80 104
48 147
79 24
51 203
88 1571
44 1663
69 1711
119 1450
2 4107
40 332
137 782
125 12
129 348
121 1818
119 2208
5 464
137 2512
113 17
76 36
124 24
114 706
135 49
41 355
130 4
34 116
