6271
6618
1149
3948
2764
6514
3410
2860
5897
8738
1010
3441
2522
6693
2396
4305
6906
738
2553
8770
194
7890
4688
8738
962
802
6241
5538
7784
3643
7354
290
4898
5283
4876
8623
8859
442
394
5984
2284
3684
1058
4825
2242
7676
8698
6832
8039
6970
8120
7961
8911
4754
827
7458
8430
8828
7474
4082
8288
6065
274
8114
273
7994
6578
8948
4242
8178
8685
5106
1972
956
7679
2627
548
5618
8169
2215
5087
6562
7762
2788
858
1075
6946
8440
2364
146
673
8056
5714
5925
7106
7722
4850
8058
4922
3634
6977
7637
3386
5729
3474
8026
2100
2554
4538
7890
4946
1317
6784
5824
8517
3918
1754
1422
4722
6962
8185
6025
3132
3690
8762
6405
7641
8128
1036
6817
7794
3442
7408
8759
1636
1932
3714
5217
6753
6434
7707
2738
1938
5522
4898
2228
3002
8570
1314
7927
1554
4386
2240
8553
3345
4885
1100
242
6590
2001
5490
1966
7237
4522
1820
1414
5994
3226
4588
5525
8730
1994
4242
2085
1106
5714
154
588
2121
3388
7959
2728
657
1620
4549
7542
3953
6271
1832
4574
7801
5400
7666
4185
2338
2532
4929
1122
4322
4852
1017
1938
4386
2953
4337
5980
2594
4620
4742
3298
1714
5842
142
6946
7534
2101
7709
7124
2593
6402
692
5291
1893
1195
8705
4194
7642
7973
7970
2690
1010
3068
2634
7991
3378
1797
2307
5106
6434
8210
7319
1562
6178
5249
6690
6090
368
3250
1198
6618
3474
978
190
2745
4581
2378
6505
562
8796
4466
6069
4777
3945
8298
1356
5681
5218
5922
8234
2144
7146
3090
8197
8744
2666
8018
5085
5081
5163
4813
3537
1996
8246
5822
4642
2204
2850
289
3545
7058
3569
2610
4154
7830
2781
5392
8097
5306
4906
8658
3225
7690
8464
1048
2553
3735
7842
4037
7649
7338
4620
4225
3926
4386
8800
1516
1289
2746
1996
5482
3301
4081
2245
3154
8417
8946
4556
3586
3305
7610
402
162
1185
6543
2938
195
2549
7058
1665
6725
4433
3658
7365
17
2803
780
2162
3033
844
2082
2441
844
902
1881
2498
1615
3362
3114
5480
7767
3732
5216
7602
6614
5466
8018
5920
4677
585
2098
2880
6240
2250
7974
6888
3994
620
418
8229
8153
8738
7026
6673
3468
224
1671
1687
3362
3445
1210
625
6227
8910
7994
2695
795
4517
6938
5666
3573
7753
4874
4763
2612
3186
4082
8642
2949
4808
446
2077
5200
7922
3580
5592
7809
1826
5834
4745
3253
5129
8728
2706
662
3521
5665
930
2802
1708
1996
4613
6194
5466
8634
5308
7189
2634
1721
4963
1522
2302
3106
576
5015
8005
268
5566
8708
7906
2356
6162
4994
1207
5666
824
3324
4133
1029
4360
4687
5026
5458
5490
8674
2053
1829
3138
6664
1558
401
6142
192
416
236
8194
1157
2226
6604
7327
4741
4535
1570
2218
3345
6466
6361
7007
5474
5977
1141
7120
6827
754
621
4875
7226
4636
840
8543
652
4694
4440
8688
2458
6752
7226
8859
7584
3621
4653
3618
1018
3570
7532
7802
2599
2179
3980
5658
5106
2118
4452
7775
462
4145
1314
7136
4592
4755
8450
5957
490
7658
4557
5568
4374
4965
4455
5642
8130
6210
8506
380
1490
6758
211
577
3666
6018
1575
5560
4124
980
2310
2545
4130
546
2441
3624
290
5374
5052
1718
6052
2322
1267
593
5298
8506
1641
290
209
4090
4770
3826
4589
4864
4617
5778
8354
3058
5602
4261
179
2978
6779
5185
4200
5538
6362
2249
8521
8434
8125
7601
4282
498
2494
4010
6306
6020
3890
8106
5394
2643
310
7849
4046
5818
7154
2874
6162
4010
2476
4735
3061
129
2933
274
7529
8133
6842
5677
3714
292
4747
1874
5914
5298
1777
3649
6641
2385
5665
1294
4956
1452
290
2557
6446
5106
4837
4605
273
4522
4714
306
441
1976
1698
2697
316
5620
4917
7770
6322
1312
2818
2484
74
7805
4024
6842
3911
3441
5130
4786
4839
4154
1449
8914
7946
5749
1769
7698
7290
8890
4082
578
1314
6311
162
8214
3898
7890
3833
6906
1864
930
462
6202
3540
1858
7922
7425
4042
7093
6586
4306
3980
5740
1437
3137
3340
3365
5577
7636
7529
8290
6002
3834
5410
5410
5068
3130
914
3385
6434
7138
8437
1618
7354
1578
6946
5485
4561
1620
2516
4176
82
4610
4954
5440
6994
3588
2546
3258
385
546
7458
7270
2764
4943
7105
5858
5710
8321
6622
5242
1344
6946
7290
7303
3226
8632
1108
6769
2034
7161
2642
6778
3590
943
8572
2194
5856
1130
3153
1186
2594
6162
4378
5023
4802
8122
6822
2417
8061
7521
2678
257
1544
5619
7233
2082
52
7522
8259
5589
4357
8442
5551
6834
8482
1730
8856
1884
5146
5042
161
7845
4690
1698
2747
226
4753
802
2082
508
5514
2181
162
5473
5874
982
7474
5690
7874
2783
1954
6413
3122
74
8807
7066
966
3962
573
3874
7170
5574
8754
356
4013
676
5221
7186
1634
8893
4770
1612
6754
3045
844
4466
8599
6426
4730
8481
2074
5557
5562
780
6355
2949
3909
8668
2661
3362
1156
2322
8648
5218
8048
7202
722
4991
8421
2199
1228
298
8681
7200
5946
4730
6120
8861
1598
2412
7777
6112
4914
3138
7973
1982
2709
4073
6202
1490
8226
4898
1018
1649
4033
7600
3386
4338
1649
2636
5665
2066
3387
7794
4896
1988
2682
2134
4338
4002
2898
4089
6018
3450
2264
8738
7098
4978
7108
8206
6065
1231
5044
5669
802
2274
1266
7681
4346
5893
8473
4844
6208
6754
4517
8847
5233
4038
6021
7220
556
1573
1213
5919
493
2236
841
7610
1316
8925
1042
619
942
8345
3936
2362
6809
6842
2609
8250
2574
3987
2853
4815
3353
6425
4970
6087
6900
4770
2826
2950
4386
8467
8737
1314
8513
8449
1169
6269
7730
3554
1778
3633
7200
64
2618
8434
4234
8186
1156
4261
3109
2816
6001
486
3249
4507
6213
4926
3570
