61 48 1000
M 60 49 61
M 61 53 68
S 3 9 10
S 40 42 43
M 29 26 31
S 1 2 3
S 11 13 14
M 31 24 32
M 8 9 15
M 52 65 66
M 68 66 69
M 59 69 70
S 55 56 57
S 20 28 29
S 16 36 37
M 7 6 8
M 51 58 60
S 5 6 7
M 32 19 38
M 27 33 39
S 12 22 23
S 57 62 63
S 50 58 59
S 23 24 25
S 4 11 12
M 30 38 41
M 67 62 72
M 36 34 45
S 37 50 51
M 54 43 55
M 72 71 73
S 17 26 27
S 18 20 21
M 70 56 71
S 2 4 5
M 39 41 44
S 15 18 19
M 64 45 67
S 48 52 53
M 25 28 30
M 46 47 54
M 14 22 35
S 63 64 65
S 10 33 34
S 13 16 17
S 42 46 47
M 21 35 40
S 44 48 49
6 7
28 3
12 2
67 5
57 1
18 5
29 4
69 31
18 6
35 8
58 1
24 1
56 2
48 5
18 15
73 52
61 7
15 6
12 1
73 11
63 1
48 8
42 1
33 2
73 22
41 2
57 1
54 6
7 7
43 1
8 11
47 4
30 5
17 1
41 7
22 4
32 4
9 12
31 3
4 4
37 1
44 27
64 2
6 5
64 1
28 2
8 12
5 10
53 5
40 12
54 8
41 21
38 13
23 2
64 2
48 10
55 6
43 3
28 3
9 3
14 3
71 14
37 1
25 2
64 1
35 3
31 5
60 1
55 7
38 6
49 7
14 2
29 2
61 18
10 9
57 6
24 2
60 1
43 1
19 15
13 1
50 1
29 4
40 14
63 1
33 3
38 2
69 32
68 27
37 1
22 3
15 2
42 5
50 1
66 8
47 3
21 2
12 5
16 2
35 5
30 6
9 8
65 1
64 2
36 1
2 9
62 4
35 8
61 19
37 1
40 7
28 3
53 8
43 5
70 12
13 3
36 1
13 4
23 4
41 28
2 27
21 2
66 11
52 4
50 1
26 1
49 4
17 2
24 2
20 4
62 4
70 10
41 2
28 2
28 3
22 3
8 4
43 4
9 6
55 9
69 26
10 11
9 9
33 4
21 6
9 12
47 1
19 3
37 1
7 3
7 4
56 8
28 3
53 6
39 1
16 2
24 2
13 1
69 30
56 2
38 18
55 13
20 5
73 39
70 39
14 3
33 2
62 4
57 2
31 4
53 2
61 5
35 3
72 11
73 1
60 1
56 6
8 2
24 1
26 1
12 1
52 3
49 6
18 6
16 1
5 8
3 21
23 3
16 2
30 6
20 8
71 34
66 11
42 4
44 3
61 13
73 18
11 1
52 9
72 1
27 1
68 12
52 9
56 1
45 4
41 14
34 1
28 1
15 16
27 1
29 2
20 3
26 1
65 1
34 5
62 4
65 1
11 2
26 1
18 9
67 9
60 1
7 7
56 4
23 3
70 13
36 1
32 4
61 7
14 2
32 4
60 1
31 5
4 12
48 19
11 5
71 22
58 1
43 6
43 1
42 2
61 16
12 2
41 23
27 1
14 1
13 2
57 2
23 1
35 6
35 6
24 2
42 2
29 1
27 1
25 1
19 12
18 3
65 1
64 1
25 1
64 2
44 2
36 1
34 3
69 5
17 1
67 9
19 12
15 8
8 3
35 8
37 1
62 2
34 7
47 3
56 7
35 4
68 1
55 8
19 5
24 2
63 2
60 1
15 10
6 1
67 8
55 2
3 6
60 1
36 1
17 2
47 3
71 45
32 3
54 1
27 1
69 35
33 3
17 1
47 3
23 1
18 5
66 1
58 1
23 4
52 9
31 5
53 8
38 4
43 3
32 2
44 26
35 4
70 38
66 11
55 9
18 5
56 2
25 1
19 10
18 15
49 15
55 6
27 1
26 1
8 6
45 5
71 46
68 27
17 1
49 10
39 2
12 2
28 4
11 7
40 12
30 1
54 5
24 1
57 7
70 17
66 11
56 4
15 5
36 1
35 7
35 5
32 2
21 1
25 2
48 4
14 1
58 1
66 7
14 4
58 1
13 3
38 2
57 7
24 2
57 6
48 10
58 1
58 1
24 1
65 1
54 3
72 12
10 12
6 8
50 1
62 4
25 1
55 3
22 3
14 4
18 9
60 1
61 19
33 6
29 4
11 6
69 6
68 20
9 15
8 3
50 1
73 31
65 1
30 2
37 1
9 5
24 2
71 47
3 15
69 34
35 8
50 1
65 1
37 1
17 2
16 1
52 8
36 1
3 30
52 3
29 4
16 2
64 1
67 4
8 8
63 2
62 2
55 5
28 2
44 15
38 18
49 8
15 29
2 22
34 1
41 1
7 1
34 1
46 2
28 4
58 1
17 1
23 1
25 2
49 16
20 2
20 7
2 28
37 1
12 1
25 1
53 9
29 3
35 3
14 4
35 4
37 1
56 2
46 2
32 1
55 14
43 2
10 1
58 1
31 2
60 1
39 3
8 7
39 8
17 2
35 8
10 15
47 3
13 2
7 1
63 2
73 11
19 13
31 4
45 6
12 5
14 1
7 6
62 3
41 19
25 2
42 2
24 2
7 4
7 6
52 9
60 1
17 2
62 3
44 33
35 3
11 5
48 10
67 8
65 1
55 2
49 10
35 6
17 1
2 2
24 1
54 4
37 1
24 1
67 3
44 13
65 1
71 17
40 8
48 16
46 3
61 18
18 6
64 1
15 11
28 2
70 9
48 17
56 4
23 4
29 1
28 2
28 1
48 3
16 1
28 2
17 1
5 5
11 1
20 1
48 17
67 6
32 1
23 2
8 9
9 10
65 1
23 4
49 5
23 2
19 3
52 1
55 2
14 1
16 2
44 5
30 2
16 2
54 8
42 7
52 7
19 4
27 1
73 61
68 13
43 5
5 2
43 4
62 3
67 9
33 6
62 1
28 2
32 7
28 4
57 7
27 1
60 1
47 4
33 8
13 3
39 4
15 5
44 22
42 3
34 1
66 2
41 8
56 8
43 2
3 15
34 3
29 2
2 14
45 7
69 22
58 1
25 1
14 3
46 4
28 3
7 3
70 9
57 4
41 14
49 7
33 5
35 1
50 1
50 1
40 11
60 1
33 7
24 1
20 2
70 1
58 1
4 15
7 4
46 3
34 4
38 3
73 37
71 31
60 1
35 3
4 2
25 1
7 4
60 1
71 42
58 1
66 7
7 6
27 1
44 1
66 10
36 1
26 1
20 4
73 31
56 5
41 17
37 1
19 8
42 6
30 3
54 5
32 7
19 10
7 1
17 2
52 2
53 7
72 6
23 3
62 3
15 5
37 1
42 3
62 2
47 4
71 7
42 8
65 1
61 16
43 2
27 1
9 10
20 3
48 18
67 6
5 4
63 1
31 3
46 4
63 3
63 3
39 9
11 3
72 3
71 23
67 2
70 17
5 1
3 14
54 1
12 4
62 2
27 1
44 4
32 2
65 1
25 1
29 2
36 1
57 2
50 1
9 1
3 20
61 8
9 10
28 1
12 5
9 6
15 30
70 11
30 6
7 4
60 1
60 1
2 8
34 1
25 2
36 1
21 3
14 4
57 3
38 3
58 1
66 4
12 6
57 4
2 18
47 3
6 7
64 1
67 8
4 2
69 15
40 13
32 7
58 1
24 1
58 1
52 1
29 1
56 8
56 4
50 1
68 11
69 10
32 4
46 2
3 6
24 1
63 2
34 1
55 6
54 7
17 1
7 4
67 8
72 3
19 1
47 4
69 11
54 6
8 5
31 4
52 7
52 10
73 46
29 3
5 5
11 2
19 3
41 4
57 6
44 23
45 4
21 1
54 3
61 7
43 7
55 15
25 1
37 1
47 3
3 17
34 1
67 2
46 2
31 2
16 2
49 8
8 9
32 4
42 8
67 3
61 6
63 2
11 7
39 3
69 36
68 28
37 1
23 2
37 1
13 4
35 4
6 1
2 4
16 1
62 3
20 7
10 12
20 4
70 7
5 9
18 5
25 1
40 2
69 24
70 27
53 4
50 1
65 1
46 4
68 26
38 3
15 16
58 1
6 8
38 8
9 2
63 2
36 1
40 7
2 7
67 6
64 2
37 1
65 1
46 4
56 6
48 4
42 1
55 14
69 26
18 11
40 9
46 4
62 2
39 9
64 1
71 13
47 3
61 8
12 8
18 4
10 15
14 4
55 15
30 6
39 2
56 6
48 19
39 7
2 26
45 2
6 4
66 5
21 3
22 4
9 7
32 3
37 1
37 1
46 4
6 7
12 3
15 5
61 7
62 4
27 1
42 5
25 2
62 1
42 5
61 12
38 3
40 6
11 3
21 2
67 3
56 5
53 8
9 7
4 13
48 13
5 12
9 1
52 3
60 1
47 2
10 10
38 3
37 1
63 1
71 28
63 3
8 15
32 2
36 1
68 22
36 1
58 1
15 4
38 12
7 5
4 6
10 6
63 3
49 12
20 5
18 3
2 24
10 1
60 1
24 1
16 2
40 10
10 9
31 1
35 1
26 1
72 3
38 10
53 8
33 4
36 1
9 7
72 7
41 5
32 5
20 3
73 27
71 15
12 6
27 1
19 3
9 13
67 1
22 2
55 14
39 6
64 1
19 4
24 2
22 2
15 12
65 1
52 1
3 11
39 2
15 24
33 6
4 10
17 1
73 30
50 1
65 1
24 2
18 12
42 4
48 2
70 12
8 8
9 3
70 11
26 1
36 1
27 1
34 6
42 2
47 4
60 1
56 1
58 1
4 11
13 4
32 1
71 3
17 2
9 2
3 23
43 4
5 3
18 7
10 6
32 6
56 5
70 16
33 1
34 5
18 4
12 6
49 1
11 8
48 3
8 1
8 15
42 4
68 22
4 2
57 2
53 1
9 14
72 13
5 12
57 6
56 6
70 39
22 3
11 1
40 15
48 1
