289796858
716399575
705832164
180286236
127575222
151407700
706832300
308797798
276858235
592771670
197523118
679648986
203737421
386416101
11147202
157982583
161616302
136587577
721287752
487314094
114446860
696269527
556222903
39271525
347991137
156778506
322677217
587625785
3733975
31740394
615023700
82358929
99305325
440431009
57909876
194794
720117941
113232689
211008338
405098495
207096221
503869463
165523642
734843506
644358063
341944936
56669646
280983623
634504787
448108499
286666903
179113601
162924537
212980501
206213322
559286855
700496691
635937169
140774858
446054635
663946041
638173230
584551743
278638673
273552797
280808860
674107822
724930429
472151182
738288628
384007778
169240159
161449121
353542488
409866622
329022244
733965160
115121690
147761244
335322755
275033042
20712299
192687972
38419474
229499921
99896204
567683715
243559145
518091373
93943412
286166172
231538772
503127966
208958163
520038300
441135796
430609788
698172509
730848710
178400283
249921449
452137883
500819004
689441398
74386136
155168109
652266613
314164930
606156274
553084527
1141572
486088108
41396951
696697578
472435141
678968653
487809797
637273546
240074938
48501377
26128222
429109389
111985898
231116305
290827366
237921828
661720482
96682348
259051053
338121600
511760039
258637174
481998423
247911473
480883302
237892864
261474078
313639466
679234852
646023146
415803802
370271757
715490283
705267239
344024269
714842587
493010705
59548748
563970479
282391970
354469189
220080256
556570348
654215270
498861075
105446488
181711417
251853230
678330729
731815314
297346178
539208087
335937840
355686709
123559446
117810194
86101313
452013827
59552802
599650735
420082583
248565704
204739890
462396770
322109865
50957283
263587380
626228616
185927741
68865174
177759457
99646663
209081122
669418970
388371474
555093550
702651087
661311414
539801185
726632321
249004154
349426260
51985721
148100829
202133234
518734331
596918117
85205781
244329529
736488815
366664869
38223280
101903605
459792482
720280253
116660036
505518565
323447236
222690503
636681285
214228171
319477742
84349827
718577038
549232874
335623347
19800689
335809606
658810138
609753807
688299109
603283440
410289680
307052767
339963382
247583482
380876702
230820226
341566897
410941593
281667943
206635007
111163561
577443780
229406205
60035103
26542718
284175412
354551056
158409019
577311380
426579721
736456967
440910587
575990773
341980797
35849969
368755789
339415113
296404343
675606349
591524182
309843739
598036833
408105262
92458954
710707784
640008402
424973372
269733301
10620088
716514714
681412547
417981171
419382368
154133181
15760678
615509860
240607038
30747499
532036814
245847823
611514528
129373726
345236785
422498562
190074598
112272315
557911895
82604640
8664133
715098963
173118508
510078387
355516233
61230131
82403776
124308783
398690901
48357794
623630442
294760891
273295639
541984730
105153097
235737010
711988959
477809791
132037983
383185774
42758024
111919991
677375618
635364569
475414993
290768445
632063810
188455496
237322054
321884873
475410239
160518173
4405487
217512728
353533688
394925909
696437946
682700782
733601281
14616582
616807166
515713995
49867136
303913856
440656839
504790775
294206841
123736681
103136556
35335017
663885587
614005527
173909230
66608661
344830329
360655533
42435545
233615904
24641332
534822605
385582864
582221671
165602674
668424629
50152466
554084744
708527543
615277018
264993026
424929539
461676832
597940377
522525068
490688277
23455207
620150852
114519669
345763858
377752038
177051925
652296052
116716345
307410886
255230198
145054588
722408884
538563349
21846887
155569671
482619790
138691506
306667093
9183278
683129547
421479062
268137381
663187134
260486774
173282092
409512404
135627009
397597587
28883897
377402627
224383105
524552163
200565324
270469895
415038472
48765829
649376971
276675001
410299985
249444436
215401579
6213971
353994898
316140948
56238764
134557448
684299038
677208270
392084319
213971243
685328496
683114953
184481478
530048713
620697391
32228724
132816285
400198106
253701976
143976337
28859375
142546304
474098162
459612986
717736587
216532993
113714949
316480456
532551437
333296452
449571886
150718515
255593075
84344954
266247963
135649960
129212702
46175693
309007380
6965575
332558510
406867265
635283189
597232426
535107175
613955225
669560481
248426581
514974701
221641880
194455337
361675072
183833204
704934205
521882388
292345725
592655051
120117135
70385076
169116115
475252992
347678108
29407142
39509452
297661161
89912937
513219804
46725960
483582826
218425853
420399841
217554040
510004843
159833225
238448009
372169422
542155069
32966909
245591050
657181983
215017409
260635423
140154127
657566707
653692565
597757386
163135248
86217491
710959262
654586374
672583026
467303530
58258666
314258701
482090182
118975414
181825474
699341176
299492250
590942332
32505797
370506290
447089957
313771715
341962209
518779826
560466155
379175701
507688351
376192932
60612532
10624579
157458491
425579383
216072230
667260303
597651306
406893797
597279491
271428107
27943234
137044972
503271875
413088967
351300149
150591946
215087647
655543230
304903007
385501406
560332951
494848541
404640779
103622729
207913406
328619078
394995639
316898950
247847718
461782969
684843050
338288574
615657218
78996697
195110985
316129439
322223350
176415604
351970320
101706326
432177351
368820923
460306166
640353880
374954317
175638296
129868669
71209047
89552858
301487049
140297722
263075132
553665184
75026267
669830122
125850267
320892481
98566
239669705
530200409
30144467
61191968
550816609
104129525
8959039
392067482
602400246
243760168
108826130
36970743
48417418
544353148
44686787
104828508
328241807
248507950
483840462
151485730
719092118
350154178
668462647
157935434
347073981
695545050
174865642
531483818
283106857
326382986
720971848
472161215
463448577
215336856
56969167
582662629
232552008
555888432
641835965
90523202
86780575
193297965
500504878
28692236
711159931
318548162
702553122
244979980
472695154
1749479
221459105
524061934
283005336
516186592
381664687
649794671
190074223
457761996
222731985
132977371
187691585
205704097
111001635
53277275
459875166
713655457
412943013
449421220
456914050
310497269
451290545
452972278
154630684
327079783
484856518
582475511
71038972
590289744
329830638
299204423
731719699
149283390
200961489
562002857
652113622
676805286
727903910
302743052
151032960
224780728
590698214
321367581
5
322233545
149031575
514054357
273862076
66557888
85240130
657617929
596573842
134962176
371012017
234691978
540939978
653607766
90768490
521505261
109071065
674231482
247971544
16699356
35721950
58663646
67302695
573922244
575886906
253892727
123213027
494364149
506098177
380749468
201468141
514633341
466566502
1699050
339736124
553395286
160571428
112266082
493962945
528945307
557265014
443966360
74168263
633277198
521305320
459210617
112921610
162067608
597031571
396032950
199042104
16771092
618421133
39017818
583263931
736211378
499698630
259544136
604587247
569635077
23218975
416333012
165763062
584769180
305599188
639637958
592700581
555635723
566271473
692797801
445467694
401056101
413405586
700650056
120602080
251889633
597840065
655703706
104345288
61296943
253183211
286827303
728699239
584827391
112394187
571290495
582683234
207170007
722544209
310740352
548597543
323446099
94613214
413826311
418676793
207038481
709270507
451297069
161950699
250158091
42362600
515459302
204448507
161070881
325376921
218733657
326341572
557984193
551507614
527615199
211682524
367611874
147194445
694650746
414550377
215868855
541541707
94453799
717002376
124008855
242088701
510599226
14756754
586324033
95667421
612258923
658888753
133588416
529514396
77932177
386631653
155157102
432322946
615438016
676722881
177421690
13722669
473091130
640910241
388764241
203632380
348036191
425239960
387490095
348702762
95309002
475459433
62044644
145868862
423863742
566274676
555305114
337799400
22874933
266437753
188589645
71726457
659262214
719637687
433275956
174427626
413957609
314993067
235866846
423035617
223734270
167800749
737891185
696099363
630391295
23137881
70227881
711200620
241929508
632418697
733543347
479623914
262708787
233975889
246034274
231018617
735657410
117213364
645725973
370535902
463615635
126149147
560603807
732246706
628248689
425697228
234184800
435803862
501005692
322698855
536782346
267522039
555189253
28158488
86208281
269338061
655423418
111947825
408635667
523309952
103313642
706126177
539439794
467001497
529723874
108739611
658033358
699124393
317556101
432557495
320039752
453643535
518207943
625307456
195066665
166193769
672512934
359056966
661886582
454509370
10306585
250347283
665058914
48224761
144423525
653689738
615684917
280879427
76224223
446721218
2053830
204056287
365034106
249234663
514700043
643973174
265178242
85561073
87051283
352980570
514696205
350398206
165845017
434202274
660291087
668759077
679935831
484916071
659618878
518835645
375854898
610411409
106735791
99801949
204281234
212423858
730886002
79805480
196141642
228908779
532802870
80745800
547078329
328752773
561841879
538153053
494815111
301095256
273023772
697190816
106520723
198289869
386611671
143645153
386372985
662783409
24408968
369440363
303516021
303046695
306394001
232159544
582379167
567931904
607648237
403170994
35282434
524959919
499644777
343193497
500356249
288331022
397582078
101180328
286521008
556538995
666364041
106549050
280692856
595777601
144813097
482320757
687881045
650482658
213091251
358919294
185973069
684264354
645993095
4975457
643756956
248911194
551733805
33021250
239452166
212901918
176182012
424407725
597407522
385404600
67909034
290121535
735291107
25017053
314369895
195692358
515423401
445486722
17568162
370832930
551624162
90879585
398486585
304701215
623103168
172308425
445017040
165009853
425039351
214186793
251765725
