212
152
170
210
224
583
330
62
456
12
549
135
49
24
54
496
378
257
520
255
252
320
264
468
410
598
230
403
462
368
237
670
128
42
119
506
358
520
580
196
56
500
146
405
30
607
640
414
622
14
388
547
58
227
118
156
211
399
668
484
352
368
666
412
288
580
155
638
417
304
52
468
422
258
422
523
296
208
598
305
530
656
28
198
643
540
246
636
24
327
130
18
392
612
598
279
462
200
258
488
400
446
56
660
19
265
568
192
369
292
20
413
370
351
304
146
510
357
94
538
278
22
600
520
524
131
644
308
324
459
184
72
232
672
542
162
440
140
140
262
140
420
224
621
668
530
118
510
270
114
681
28
437
632
40
596
558
654
606
412
274
110
114
628
366
648
520
68
241
141
564
4
621
442
652
456
143
346
330
576
129
480
420
58
209
528
287
659
156
508
138
516
132
100
32
264
639
533
488
186
603
16
406
484
420
52
130
376
38
401
344
58
401
246
538
10
330
626
64
136
94
436
72
488
236
175
444
98
670
664
32
22
390
308
364
32
636
216
388
266
578
91
190
550
272
650
497
142
312
448
14
388
332
152
630
354
68
564
548
112
318
202
215
410
337
70
223
191
136
24
295
380
104
418
525
418
192
636
240
392
421
180
442
446
474
164
105
248
594
195
416
252
324
361
652
456
468
440
580
380
644
664
186
64
222
145
350
459
100
79
484
352
156
120
450
444
100
80
610
618
386
56
80
416
359
504
380
25
456
166
446
2
632
219
667
177
392
312
152
446
555
29
514
532
236
260
389
508
520
26
8
20
664
162
422
136
240
74
200
64
650
424
390
428
326
487
300
496
658
4
348
234
116
244
364
472
640
70
384
342
24
421
257
10
348
184
154
450
356
577
244
650
537
84
556
240
44
452
540
352
356
466
336
402
663
60
377
480
494
188
104
274
68
158
17
180
189
3
224
280
483
606
298
152
236
547
548
220
42
398
128
252
422
377
588
532
84
234
388
540
466
450
684
120
495
126
414
181
528
592
12
466
437
602
286
284
386
168
64
43
588
536
360
148
668
60
492
332
78
402
388
116
78
324
466
450
292
570
488
508
284
639
640
214
100
368
524
130
116
146
392
516
50
396
664
80
18
146
62
304
394
468
193
514
614
100
450
184
663
44
388
204
96
636
548
452
637
564
540
534
612
154
506
168
7
511
648
150
368
234
576
97
144
440
484
580
100
389
584
460
228
46
482
128
292
412
160
224
672
499
604
47
410
570
32
276
374
116
620
460
442
584
236
153
386
336
336
430
484
361
116
176
247
456
310
172
269
32
79
60
80
10
32
463
180
288
620
588
220
122
137
178
533
263
404
604
464
609
523
104
450
296
238
180
150
106
152
535
358
354
111
520
152
74
338
646
648
236
651
456
248
136
188
77
589
676
351
4
419
528
166
48
500
432
334
518
42
438
36
2
280
424
184
686
104
46
612
8
492
40
8
460
588
334
438
580
600
583
406
326
460
462
284
568
632
190
533
36
506
280
686
628
380
600
142
244
680
430
632
355
32
240
619
554
522
502
585
302
572
654
247
641
192
668
132
624
348
455
326
684
82
558
314
484
388
112
212
96
650
590
39
14
628
637
577
604
234
558
649
678
546
372
598
348
488
685
600
50
379
620
178
504
667
372
632
64
44
368
110
552
2
78
334
374
686
368
16
142
354
69
104
222
364
518
428
108
340
517
336
396
530
364
335
338
20
74
416
448
602
324
346
416
668
473
404
582
482
77
275
388
682
623
616
489
442
312
658
554
560
124
412
552
308
438
264
407
94
530
466
270
438
684
380
576
282
517
384
274
400
244
686
264
680
217
468
276
234
500
308
141
296
562
158
30
486
328
276
516
10
424
498
619
506
33
522
516
296
199
148
86
326
154
140
423
490
406
36
184
137
668
482
344
352
122
258
496
682
344
232
207
206
526
203
490
432
424
148
543
426
326
455
335
150
670
484
542
344
8
253
532
642
22
666
208
325
546
344
78
512
163
611
438
655
364
382
35
58
325
88
505
176
380
308
540
326
340
502
420
364
104
26
288
150
640
590
532
559
10
430
628
400
105
630
620
444
404
308
656
160
378
168
52
234
90
468
192
92
646
534
676
172
469
648
324
656
180
208
120
674
316
516
440
314
124
202
366
148
240
296
74
180
207
118
214
8
495
622
312
570
638
670
126
613
473
573
296
676
251
470
327
404
487
180
258
254
408
538
18
90
590
586
362
326
422
528
475
166
604
494
92
