18
34
27
34
10
35
10
6
22
18
29
2
25
18
28
1
27
8
26
26
29
6
22
26
2
36
2
2
26
21
4
23
30
22
2
32
19
13
10
5
3
2
19
8
19
15
35
34
14
10
1
32
6
10
27
36
34
32
40
30
3
40
32
22
19
27
22
19
26
15
11
6
19
33
37
20
29
23
28
1
19
38
30
37
36
24
2
34
2
24
28
35
7
26
10
10
37
18
34
39
23
12
36
10
26
9
24
4
18
34
38
36
26
22
34
11
2
8
5
8
15
33
20
2
26
15
22
27
25
24
26
26
14
10
16
22
30
7
30
14
18
28
19
3
19
38
33
39
24
25
6
6
21
4
40
2
6
11
8
34
18
14
22
35
31
30
37
20
18
5
21
19
19
23
25
4
30
29
39
36
2
10
2
19
39
12
5
28
17
10
31
20
33
22
26
26
31
12
23
21
8
18
1
18
26
11
24
22
36
2
2
8
23
31
30
30
35
2
38
10
8
14
13
3
40
15
25
2
10
24
22
13
11
34
26
18
2
2
26
26
10
33
35
14
28
5
13
19
30
24
39
29
2
2
17
5
2
38
22
31
10
25
38
30
40
23
22
5
18
26
12
24
34
30
8
4
10
2
10
23
22
9
10
4
32
28
19
10
18
27
10
18
10
34
26
30
34
11
30
30
38
38
29
23
19
33
16
40
7
19
10
18
3
31
7
40
9
38
23
26
23
2
1
36
10
12
26
15
18
10
15
10
17
20
1
1
30
4
31
22
1
6
20
13
22
35
15
30
2
39
25
20
26
32
13
29
10
29
1
18
16
40
18
6
14
16
34
23
40
35
35
34
23
10
14
28
18
26
27
10
26
2
7
39
10
33
34
26
16
38
26
18
18
26
11
10
4
17
2
2
26
38
18
39
16
7
17
34
34
20
11
24
10
24
17
5
10
19
14
18
19
18
23
12
22
29
10
8
7
2
16
16
14
2
20
27
18
30
33
27
30
16
25
26
6
7
9
35
15
27
1
6
18
24
10
2
31
26
34
14
25
40
18
10
2
23
39
4
32
29
39
14
22
40
2
32
15
28
21
13
14
28
16
1
15
28
24
36
8
31
30
38
12
35
6
2
34
18
34
29
26
32
34
1
29
2
2
29
26
13
22
10
10
6
12
34
29
29
2
34
34
37
18
11
26
26
13
26
35
27
26
18
19
38
38
10
8
38
18
34
5
39
36
14
1
16
28
28
20
7
28
14
10
10
11
10
5
18
6
10
34
10
3
18
17
30
34
8
19
11
36
39
4
34
26
38
8
14
11
16
10
11
15
6
10
20
16
30
38
20
38
34
18
10
29
15
34
29
8
2
14
39
30
5
21
23
17
6
22
3
27
3
18
10
10
8
5
31
30
13
28
31
20
9
38
22
19
18
22
18
27
2
15
2
9
26
13
10
30
8
3
15
28
38
4
37
12
26
26
2
13
14
6
11
12
24
12
26
27
34
11
26
24
36
29
4
11
16
38
18
30
40
18
23
10
36
27
2
10
16
20
35
28
10
30
13
6
24
26
31
10
39
25
31
15
14
26
38
11
15
19
18
35
16
34
30
34
28
16
3
19
24
2
2
28
16
36
30
23
25
6
6
15
19
10
34
34
2
8
2
27
35
14
34
11
10
34
7
2
26
22
7
34
30
22
21
36
27
12
18
32
14
7
14
20
18
10
11
18
35
11
3
18
38
16
31
17
3
40
32
38
32
12
1
40
25
1
10
38
14
29
19
32
7
3
28
11
21
6
4
32
39
15
14
30
30
21
7
26
28
25
8
30
26
38
36
3
7
27
1
10
9
34
11
19
11
26
2
19
30
31
22
36
16
26
11
18
21
39
28
2
2
17
4
15
26
26
8
34
26
18
31
40
33
28
14
30
26
9
24
15
19
23
34
26
26
18
27
28
6
29
15
22
19
32
4
18
16
39
13
26
28
36
27
18
14
34
18
5
5
26
18
18
10
35
21
28
19
17
28
34
26
30
22
17
11
10
23
23
6
27
16
40
2
3
8
30
40
16
2
18
34
35
13
27
20
27
13
10
14
35
22
33
38
8
21
17
38
3
30
30
15
11
7
12
2
35
33
23
29
32
30
15
22
34
26
37
3
36
23
9
9
22
20
40
27
13
2
22
37
20
18
17
1
31
5
2
23
18
1
2
29
2
27
22
10
7
18
6
26
26
10
2
23
2
9
30
9
39
3
26
19
18
2
23
14
30
22
14
18
