2899
1865
1884
2758
4782
2672
4927
147
4730
4425
2286
3480
5569
5347
4368
4873
5330
2385
3269
285
2188
4781
3677
4733
3791
4870
1661
1392
3866
4921
4543
4809
2465
2484
5289
4546
5469
3947
3578
5230
788
5441
1353
877
2980
5753
3175
3977
5456
5577
3108
3423
1833
1841
4105
307
564
4810
5020
2735
4486
1639
4793
238
3856
2360
4794
968
4090
4447
2850
5446
3971
4617
5126
1228
201
3094
4038
2665
469
2222
393
5124
2352
1225
1904
1314
3317
1742
1164
2717
5175
1872
683
633
3801
4767
1432
1341
3752
230
2514
2165
1815
5
2473
2258
796
5205
792
2822
582
3873
3732
1693
5569
51
2121
4602
988
3593
2349
1836
4662
5570
3586
4454
2591
4829
1240
985
4621
2312
4728
61
4886
3098
609
1529
3132
4821
4894
704
4152
3002
4069
860
3734
2864
5468
4849
5257
5449
3139
803
4019
5166
2533
4582
724
4276
5490
5894
4270
1961
1193
1271
328
1338
3824
1746
1117
5593
5787
4892
845
1120
5753
2628
477
5629
2812
395
213
4873
4197
2281
5069
4778
5461
716
5441
3716
1197
4742
5102
5173
2372
788
1473
1430
892
1807
4080
1677
2479
968
812
2789
481
5382
649
4781
1292
3206
4620
5702
892
2733
2345
3514
2623
776
653
3522
3314
3632
2148
1290
4932
5277
1616
3433
2585
5076
4380
3832
3401
973
1976
4059
5241
886
5191
3538
4321
1604
2239
3496
2729
2841
4322
5077
681
4107
220
1694
1197
910
639
722
4382
2480
2125
5047
1385
5244
5849
3762
2153
4921
1269
4585
2013
1839
63
2702
558
1269
4401
4847
1512
3043
993
5202
4705
2598
490
889
5054
2437
943
4888
704
552
440
5840
3500
1024
4297
2440
2960
1450
5433
2329
4190
1829
3857
4615
611
4492
4338
533
5153
2169
4415
3897
5042
3611
5658
4247
3015
3968
3557
3238
4638
387
1741
393
1197
2322
3282
4206
2835
4626
5171
1542
3577
1614
2057
5876
4663
5196
2911
2373
905
3379
565
627
1471
3720
4096
5678
2848
2930
2551
5641
24
2552
3008
1359
4457
171
4297
5091
687
4050
3042
1124
830
2329
5401
2005
4940
3351
897
3920
1017
4137
2351
3619
5495
5080
2493
416
2058
555
2033
1176
384
5377
4522
4853
4265
351
1024
2820
155
3384
3812
4865
4978
2253
4073
4489
2894
4621
2862
4683
5637
191
1720
5690
3636
4934
2372
4452
3314
1153
3998
4297
5205
4156
2057
4097
2274
3893
4932
1838
3992
4042
2738
3265
3349
4722
2973
223
5077
4511
5462
3128
1967
2457
5322
4014
2519
1798
1560
5801
3360
3204
3037
2625
5678
5566
3986
4757
2685
4016
1081
765
4073
1411
632
5765
4850
5705
3669
4135
3811
249
4953
708
3768
2256
1317
430
660
4065
1813
3142
3992
5004
4205
5514
4586
1371
140
5876
3740
4258
1537
290
711
5045
1985
1313
5672
2085
3337
153
3733
3472
3654
1604
4012
4290
720
893
2617
4137
1767
24
3749
1145
667
3249
2221
700
2717
2546
3053
457
4794
3257
4764
2614
479
2860
2957
3102
5184
552
2281
5264
2945
3969
1181
500
5206
2158
1916
3184
3512
429
2634
5429
3947
905
165
2197
5254
4533
2788
4304
3724
4048
180
586
520
4070
2711
2133
2572
176
4774
612
469
1619
2157
4338
828
4820
5710
1153
5641
4586
2704
1388
5517
4447
5362
5759
726
5565
2746
2409
2061
633
2252
2141
4078
1474
2309
2150
3673
1417
540
2347
2082
3230
4408
3440
41
4206
860
1131
2531
4222
3225
950
4232
1016
3852
2060
5730
89
4003
1880
2281
396
3937
4193
3060
2015
3083
4716
1259
1622
125
708
2201
2362
4546
2034
3334
1496
5717
65
1625
844
2797
4733
4290
3691
85
133
1033
1437
1901
4227
5210
452
560
5783
1390
5349
1037
2653
445
2742
2113
4174
1777
20
3377
5685
3262
4833
4058
3292
2057
3266
1920
459
5207
776
4764
591
4710
5434
2824
4588
4840
2313
2169
771
191
404
3512
1077
4833
2837
2993
856
2579
5638
616
1015
5062
4794
3290
2147
3868
1233
3513
3916
1935
2457
3027
4782
2788
5353
3348
261
636
1668
729
1165
3260
3388
3486
604
4968
5056
2418
4557
5529
1866
2970
1496
2709
3897
4980
382
951
769
4272
887
655
905
2553
4814
3830
3711
777
2889
3577
813
3760
3637
2247
1747
3716
5546
1369
3514
3760
983
825
2168
2223
2477
1609
4015
5678
1356
5591
669
3682
3265
3410
4457
2653
990
4905
1161
2880
3728
1007
4690
5324
1080
2503
65
644
634
4432
2952
4405
4649
455
3497
389
557
2060
5778
3746
109
5469
2573
681
64
317
3855
3287
360
5615
1362
4036
5537
4097
4760
4139
1593
4102
3575
3666
3560
5474
3208
5481
5741
2241
4382
5464
4021
2448
2232
3216
3377
2385
1289
4123
2608
4645
2054
2872
4462
4597
3534
2348
1938
2862
3213
1685
954
3166
3269
2397
1921
4151
4538
2521
404
3163
2945
2288
2376
2631
1769
1741
4978
2221
5735
4846
1294
3333
1939
4392
4091
2017
3767
3945
2552
722
1193
599
5403
3088
2253
807
3696
2746
4793
2305
2734
5689
4909
408
1212
2465
2701
4271
4880
2021
4838
1005
3480
2996
633
3273
812
732
1177
620
1676
2681
3489
5744
2436
5510
4418
3330
1591
4148
229
4169
3521
66
5449
797
2953
3626
5129
2320
1376
3846
4520
4209
1277
553
5233
5532
4993
744
3724
111
2233
4974
101
3048
1219
1680
5130
2473
2983
186
5245
4035
2989
4817
5871
1177
678
2111
1351
2344
3321
3990
4024
5173
461
225
2742
2983
4783
4242
1874
1045
1053
3329
5129
21
5333
1977
4324
2760
4582
3716
506
3714
3424
4577
4370
4366
5263
1903
4509
682
1373
5305
982
759
4293
4873
682
4771
4306
