51
39
13
16
9
23
59
55
19
53
33
13
11
28
59
39
13
10
5
41
5
52
3
12
12
15
9
43
55
9
47
53
39
17
23
53
45
46
31
13
33
22
37
35
5
23
43
39
17
37
53
30
59
29
37
17
25
25
39
10
41
51
33
61
5
25
59
33
27
10
23
25
31
46
36
37
45
33
9
58
1
33
59
57
5
20
2
45
46
33
37
2
35
33
18
43
11
37
33
41
55
30
21
37
1
17
57
53
54
33
27
39
34
41
60
33
1
49
61
58
53
11
58
44
33
17
2
49
45
31
57
44
15
23
39
37
11
21
22
35
23
44
34
28
43
46
11
10
33
23
31
53
39
14
49
33
45
1
39
11
42
51
39
2
54
41
12
57
5
47
20
2
25
32
5
33
43
3
13
17
5
28
13
19
1
31
42
45
33
55
59
23
58
27
4
31
29
1
42
5
49
14
42
3
24
14
8
7
30
49
31
23
17
21
40
57
21
9
17
39
48
33
55
27
45
7
1
45
13
25
45
33
59
45
58
33
10
33
37
9
11
30
13
38
49
9
17
5
13
37
37
45
11
15
49
29
46
15
21
5
29
37
29
1
24
29
17
48
46
14
15
53
33
25
56
43
51
21
33
21
18
45
21
33
18
3
40
9
12
33
1
49
43
38
17
3
49
59
20
17
43
13
23
49
33
61
42
59
34
6
25
13
47
21
46
58
35
23
11
29
38
59
30
25
49
17
19
32
46
46
17
55
4
13
55
49
37
29
35
13
57
2
58
27
15
1
57
41
13
3
61
20
9
33
10
57
33
33
2
57
45
37
17
33
33
13
21
19
40
48
59
33
57
29
11
37
57
39
33
54
44
59
41
12
55
58
15
33
15
21
7
33
18
45
54
30
47
53
33
21
33
49
1
26
1
60
28
59
33
5
8
27
21
25
19
23
52
42
6
59
43
8
29
7
8
19
55
33
17
13
61
38
15
55
55
33
5
29
50
47
25
57
21
33
11
19
15
57
5
4
33
17
33
12
31
52
49
53
60
43
17
7
21
41
50
47
40
37
9
47
41
59
61
11
45
31
47
42
33
49
41
42
25
33
17
40
21
9
55
37
17
3
13
27
33
13
37
44
21
15
21
34
35
46
19
5
19
23
15
42
27
61
15
23
7
12
1
23
17
19
1
7
42
24
15
29
39
38
21
61
61
29
10
49
9
9
33
12
7
33
53
51
18
14
49
54
13
41
7
21
41
48
44
9
23
59
55
57
49
33
53
60
33
20
15
45
19
8
21
6
53
5
30
24
31
27
48
58
33
29
41
51
39
23
15
21
14
23
36
9
33
33
43
33
52
13
15
33
33
57
31
35
32
13
52
14
33
25
5
29
31
33
47
33
10
47
49
49
42
1
17
31
15
35
47
33
30
43
61
35
59
38
7
49
12
22
41
45
41
15
33
19
25
53
21
53
21
30
5
49
38
23
50
24
15
5
31
51
37
37
60
17
1
52
1
2
3
28
3
29
25
49
15
13
21
29
31
1
5
33
2
40
23
38
7
37
22
58
36
55
31
33
33
15
8
61
1
19
57
25
13
33
28
45
21
35
43
51
5
40
5
52
51
59
33
13
33
49
15
53
27
33
61
44
45
19
12
13
21
8
25
51
17
31
40
1
2
53
36
43
23
47
18
58
13
47
19
9
10
2
37
14
24
3
19
13
57
53
29
33
43
34
8
1
19
17
33
6
39
45
53
37
61
21
49
12
30
54
33
29
33
49
21
3
7
1
41
55
48
31
20
35
23
29
9
13
34
52
33
21
51
38
13
30
33
59
14
6
21
1
27
13
24
37
33
21
51
43
20
3
57
23
47
35
51
25
60
5
20
43
23
61
11
60
57
53
55
4
43
58
44
51
8
27
44
19
53
26
17
33
33
51
51
21
15
13
57
49
35
61
9
35
45
13
25
17
11
37
35
34
26
49
18
47
2
28
33
27
40
13
33
5
42
37
59
13
1
31
1
33
6
22
39
21
24
37
31
39
15
47
4
33
13
33
41
36
15
9
17
1
18
34
28
1
26
8
61
31
23
56
28
45
49
10
50
5
21
57
36
5
14
45
21
22
21
49
22
4
46
44
37
17
53
33
21
45
43
27
4
60
27
10
36
17
1
49
48
11
53
33
3
33
41
49
15
49
49
6
46
21
11
31
24
47
35
18
4
40
11
45
29
57
12
7
59
27
31
5
5
4
54
48
47
37
43
54
37
1
53
49
