56
48
47
69
9
25
18
46
30
14
26
28
23
56
1
66
27
34
16
40
5
17
37
25
24
58
13
33
54
60
46
71
16
51
13
63
69
22
13
35
10
35
70
64
36
26
15
67
56
50
31
40
7
36
50
17
49
71
66
66
1
59
9
36
20
38
58
52
25
54
69
3
9
41
13
6
25
58
35
29
2
49
29
31
26
60
55
63
11
58
18
66
29
17
67
54
6
31
43
56
19
55
32
17
68
68
68
38
6
58
50
23
3
5
56
33
24
17
34
46
41
26
28
49
8
12
54
64
61
38
21
34
32
44
28
13
55
30
27
9
32
54
49
37
67
68
52
58
60
9
28
17
13
19
50
11
35
69
47
37
57
26
15
38
59
28
42
59
1
55
19
22
32
71
46
53
34
50
22
11
51
33
32
41
25
55
12
26
33
2
8
45
42
39
27
36
47
40
2
19
26
22
37
46
71
70
10
21
32
19
56
18
29
67
17
31
69
7
64
30
35
25
34
5
6
37
52
65
50
34
53
2
53
5
62
3
69
26
51
31
66
3
50
68
67
60
5
3
20
44
51
12
26
34
24
1
38
53
14
51
40
41
34
13
38
49
71
57
54
37
59
20
30
12
38
9
36
42
51
24
4
31
17
11
41
9
1
23
20
14
55
34
35
31
17
51
42
21
58
43
47
63
43
26
70
6
41
22
2
45
17
54
67
56
29
47
62
55
23
1
18
8
55
50
17
55
24
40
31
69
56
21
14
33
60
28
41
37
48
24
59
13
7
45
52
61
3
24
6
47
17
8
35
69
58
42
42
2
62
70
54
24
61
25
24
56
57
64
52
49
44
41
24
14
14
33
39
25
24
16
29
66
68
58
57
20
53
8
29
24
14
26
39
52
37
47
24
9
21
63
29
7
47
15
11
47
45
12
5
15
59
9
40
6
14
53
13
45
52
44
49
31
46
71
41
18
38
51
46
54
39
31
46
15
15
3
58
49
56
1
71
26
65
37
65
37
38
5
20
60
52
71
24
54
20
29
27
70
49
35
36
65
68
51
68
45
18
12
5
60
37
69
65
61
17
13
60
37
46
58
17
6
61
27
64
66
65
1
56
19
61
34
13
67
24
18
20
4
13
50
56
36
38
55
40
60
59
13
59
1
48
56
26
36
29
25
14
32
6
58
47
3
54
21
18
25
1
15
68
34
14
27
7
36
18
38
45
65
8
59
22
5
11
34
18
68
34
26
8
56
13
62
70
65
67
65
51
60
34
25
32
66
6
55
27
30
23
45
7
54
17
17
11
31
32
44
17
55
58
56
16
37
9
45
44
52
43
36
7
64
30
34
29
68
21
13
43
42
39
24
8
25
1
20
39
39
49
65
3
17
22
22
41
49
63
33
65
68
38
70
63
9
3
10
36
10
42
14
14
11
6
28
24
50
65
24
16
23
56
43
55
39
43
62
55
5
22
40
12
41
55
29
32
34
10
60
64
6
69
51
20
18
20
65
9
41
26
7
51
31
6
26
13
18
25
54
16
4
48
7
5
34
53
54
66
2
12
31
26
54
5
48
69
24
59
68
57
2
22
9
10
17
61
8
36
57
56
57
55
55
36
29
71
12
61
70
21
28
45
53
58
61
45
31
34
19
35
46
42
27
40
33
1
17
25
14
34
61
68
46
18
24
30
61
27
61
12
50
39
30
40
57
55
4
36
18
69
34
23
34
15
67
1
53
26
71
32
37
57
7
59
6
54
34
3
17
45
38
25
71
9
32
29
37
34
36
49
13
31
18
30
31
6
65
58
17
4
64
37
3
25
47
62
32
34
14
18
39
18
2
63
56
53
68
36
36
14
36
28
71
15
32
36
70
35
29
48
47
8
10
31
26
62
56
33
5
38
12
5
60
5
54
26
61
23
18
5
44
34
69
70
45
60
22
33
18
43
19
57
51
32
65
47
69
37
5
34
55
1
31
31
61
6
51
53
50
30
67
67
7
11
26
64
6
1
63
70
16
50
65
1
59
40
50
14
67
10
17
47
31
21
61
57
33
20
35
8
60
68
38
26
48
55
36
60
30
22
22
44
54
1
2
33
19
58
65
22
34
22
11
22
34
2
18
51
59
14
68
59
65
65
47
34
50
31
66
70
47
53
22
40
42
6
36
21
18
69
13
41
14
62
8
59
38
58
18
32
5
9
20
54
28
54
6
49
2
64
66
17
18
1
22
1
56
2
70
5
6
12
31
20
29
20
34
53
34
16
69
10
35
