77957119 65 1000
S 1 2 3
S 55 65 66
M 58 36 67
M 60 62 69
S 71 82 83
M 14 9 15
M 90 84 96
M 51 44 57
S 47 48 49
M 69 70 79
M 76 66 85
M 52 73 78
M 97 87 98
S 29 42 43
M 95 98 99
M 19 11 23
S 49 70 71
S 17 29 30
M 46 54 60
M 96 88 97
S 45 52 53
M 79 89 92
S 32 34 35
S 8 13 14
S 43 46 47
S 50 58 59
S 30 50 51
S 77 80 81
S 80 88 89
M 86 85 87
S 18 20 21
M 81 83 84
M 26 24 31
M 56 57 63
S 35 40 41
S 4 5 6
S 22 24 25
S 53 54 55
S 15 16 17
S 12 27 28
S 92 93 94
M 21 13 22
M 27 34 38
M 61 68 72
S 72 73 74
M 74 67 75
M 59 63 64
M 2 3 4
S 6 7 8
S 7 18 19
M 38 25 39
S 10 11 12
M 41 23 45
M 39 78 86
M 94 93 95
S 82 90 91
M 40 37 44
S 75 76 77
S 33 61 62
M 48 42 56
S 28 32 33
S 5 9 10
M 65 64 68
M 16 20 26
S 31 36 37
84 1133986
61 1184618
64 20740340
92 3321276
51 1729480
90 57155
96 4466385
89 3028384
42 2652754
5 38733029
82 169799
73 13825203
79 2661896
34 909195
39 9885790
37 12564482
89 115567
34 473986
17 766950
53 8995685
79 3281106
29 5915080
86 36274486
71 247045
24 6165475
76 9767587
38 4338838
78 20544455
68 26307576
86 20279321
52 904113
90 2930
46 1199361
25 1851814
91 73832
72 23107958
30 6891220
23 2895899
50 3562355
86 32092633
93 4893116
71 141768
40 464174
51 2084069
95 5542361
7 6490757
93 4677618
29 4239424
84 3546396
68 5095105
65 2466492
12 9217870
32 550629
9 9294927
43 3212890
26 3265453
7 7218957
25 3160105
71 212982
73 4563532
76 5936158
40 7985
14 9356704
54 1822894
34 152273
60 4967661
34 517645
59 76873
81 226387
25 3153551
22 2390472
87 12974658
63 8133864
84 317473
93 1301583
18 342641
46 293862
34 679750
88 3350562
54 567337
23 2351176
29 7042239
83 108166
68 12867728
91 6817
62 468251
96 1236778
25 4360055
99 75202706
81 1122697
64 10628224
74 4471789
19 5939626
83 153529
27 1398570
22 756926
50 1249480
51 3472300
69 4071877
89 20197
42 1354949
6 5511731
78 20047073
9 16355643
19 2890394
44 9583381
52 4532316
2 22485586
89 1568258
25 999802
21 3663990
89 1058503
18 4170138
51 270874
93 3307533
77 11484535
93 2454490
25 956800
93 2859116
24 4931570
78 1401932
81 3703445
89 3368747
66 1700062
36 5096368
58 1507978
31 3652859
42 960943
4 60771622
95 7895589
42 824020
43 2420479
28 1532164
35 423323
91 24693
54 1368870
51 1046520
97 4706387
22 12133439
95 10229621
95 11400837
38 5273618
32 1732234
30 621644
38 1195581
79 5125956
24 2056312
26 10256323
70 214943
9 11711369
15 827753
70 226976
16 2753419
49 459070
60 4600588
2 24869076
38 5733844
15 26680674
41 67939
23 1710279
81 6836250
2 38663883
26 9071540
31 25469035
20 1734046
55 1201209
4 64211357
42 1449104
17 348992
87 69152
46 628175
38 3616219
40 261611
87 48466145
77 8978006
40 89159
4 6729319
59 561281
89 551288
44 9672914
3 19189019
88 1317250
98 7435424
53 9632920
42 3135715
94 5403890
91 53818
75 23010618
36 2201421
78 17348290
29 6196763
11 8824810
72 18551823
23 9079277
50 1349606
93 3429904
29 2793892
95 11455761
26 9930421
17 10665447
29 5476653
93 1473618
51 1393221
88 1768838
42 1604753
60 3787558
17 5270433
23 2008209
60 795412
59 699888
36 12054049
14 2878381
12 4356168
23 11440487
85 5503920
71 273077
88 1566073
2 6340977
46 646233
73 4246054
30 1694535
97 4399205
25 5341852
61 91165
22 7362484
35 128856
87 50116073
3 19353595
73 400834
71 19021
73 3440891
10 16688752
58 775081
99 38921462
62 44110
91 110318
37 1947403
22 10815196
28 2066482
74 11583464
81 3974890
9 1534174
6 6941389
12 4944787
9 18598278
5 23281723
98 20399706
64 6630254
50 2892374
81 6771904
41 102816
37 275211
57 12360466
69 6086493
23 18463410
43 3527478
20 1616989
33 2233447
16 12207610
94 3961750
76 12307010
68 22035379
39 12950579
80 1408223
8 1361743
22 2388341
15 11176309
93 5932218
51 2091694
43 1922567
41 209261
88 3605707
72 17911295
57 4477206
2 28399746
74 309647
46 1136231
13 3221490
12 6527539
9 1752315
16 961369
94 4273264
91 14968
2 9912964
97 6932530
78 7838603
98 35091548
88 256093
20 2194274
25 2019527
65 230833
88 2499982
95 9946733
88 3136072
41 191178
5 10089665
83 57640
99 73746029
77 11721140
56 3975819
55 1928098
49 250027
96 4802790
7 16268370
93 4958411
82 171603
26 7767358
40 395101
95 6865390
95 6170548
62 1990
56 2831404
98 41098135
66 1493600
55 4959524
70 183814
42 2435435
28 1294408
5 19289423
6 32800990
80 5543951
34 60959
66 739602
50 2472452
71 24751
60 2126833
51 213447
59 231572
86 33416177
90 9244
52 3617720
99 77842924
82 198499
39 7908288
41 579392
18 1679902
11 3419259
25 6566719
60 606487
56 1141000
87 30179872
35 139844
11 9592531
38 1442159
97 10199172
29 6203246
85 16427205
62 136179
21 4026924
30 3424249
93 3437701
30 5839459
22 9135149
79 7028410
82 145482
38 3504725
43 742243
35 270363
73 22673
74 12451985
71 996
82 9389
80 4219181
51 42007
96 4808297
10 15908866
54 4543199
80 4297127
56 3994311
82 133003
30 3731195
31 7424981
75 15595425
44 13644204
49 604645
21 4351311
4 10504077
59 1327430
95 7410932
59 1380123
90 33759
55 2082882
22 12070706
37 6347794
45 3618864
36 8196644
48 762368
26 2723119
40 330425
89 1983889
21 1190517
9 16516491
75 8896641
77 8698423
56 3829505
45 5068516
63 11843449
95 6799326
80 6127021
10 19326638
11 4450728
97 10267632
25 4026731
54 2844082
99 54242686
59 236886
28 3706961
81 4955013
60 6720590
69 1714825
45 8178979
9 3940396
86 12028702
90 70552
61 77752
60 3308943
39 6570050
38 3864145
27 2412329
95 1149732
56 2243557
92 7959284
23 18630404
10 17701654
91 4026
32 383198
63 230038
16 14444974
78 23524734
58 1377283
83 17486
84 393362
40 74609
93 4889042
99 40142992
75 9562144
2 10194596
92 1069956
29 7075173
99 2761827
98 61146540
9 5853320
13 1872716
66 1507597
56 1216911
12 8063696
20 1128754
31 9104723
86 18847829
96 779371
36 4796853
96 5011214
53 8646984
39 8669532
52 338116
41 471048
38 3416704
20 3944387
56 4532746
13 7772222
34 29792
96 4911473
3 1485599
43 1938278
20 3106472
14 7753325
65 1847728
92 7414016
19 6086890
74 2341038
82 76247
96 4475921
84 1067919
93 2006991
69 4982200
82 142595
82 69845
5 20076094
20 3078350
62 282912
59 1376047
56 2444968
75 15194843
43 2270857
60 3512231
42 3492282
31 2122161
95 9372025
7 11222980
77 9742266
13 1173218
79 4987048
53 1849882
80 3590080
17 11308617
64 9340077
58 1712988
69 6154998
25 5381521
71 190303
25 1852655
53 2601877
91 91016
22 12781836
87 27860177
5 29696209
96 2167160
52 5362148
56 3600145
81 2766502
36 7259104
53 2292575
32 730572
46 1741026
36 2411763
31 24819526
85 16886159
54 3169039
37 7017582
4 7294123
30 6796329
90 74276
43 2776645
99 49667135
17 2448182
85 5649006
92 5242035
80 4022223
18 1735935
15 4424552
25 2741055
71 353795
85 6057152
24 2918288
26 16132577
74 6415439
71 320868
19 3248066
73 9787941
50 2910306
7 4097335
37 12394933
93 925349
77 7631280
20 1130445
70 250167
91 33276
88 831091
82 69956
82 117775
61 887291
2 22813535
41 608003
18 4695012
34 852533
23 3093217
23 18200062
20 138865
53 7872579
99 67462208
60 5826218
39 2892128
67 6677522
48 669455
97 4552646
61 1138148
25 2521573
81 831194
33 1542864
12 540792
66 479122
5 36979050
69 7827939
55 4375058
92 1175996
66 2473784
97 5643055
80 3831351
3 13778100
41 580065
84 2774427
10 2453317
92 2377897
56 1496521
81 4530092
94 2703171
48 662012
15 25158537
34 10266
35 612362
67 6624376
18 637024
93 2497796
45 4975621
63 11365975
71 407391
20 4093257
98 12026325
58 1288334
34 744983
80 1501154
4 39945962
18 9025560
35 154224
32 978189
42 1686058
99 15955258
84 7268765
87 23883928
12 2598658
99 20674306
80 1522877
80 5226853
92 3740620
90 105091
61 556981
31 26737343
93 1998386
88 3210412
75 3603347
74 7140954
69 6176360
82 191894
98 21064010
35 692528
93 4134492
17 7441911
31 4523423
31 10007515
17 790581
50 1191815
21 375717
3 32819323
6 21838996
4 65319528
89 604610
10 18579251
60 6370863
40 7506
53 7073847
83 55036
85 8538210
30 4947733
42 2519833
5 6255680
4 49904166
99 2423496
48 512354
62 218964
56 3280896
51 419053
95 10399602
93 1476476
86 13416185
71 216931
90 68962
51 313307
63 1991043
63 5002904
19 9242362
21 2985215
87 15384094
28 1342872
20 2436516
22 4616490
27 1054492
12 806629
47 237872
9 15049691
72 24257883
19 6067631
75 17078008
63 20560803
67 392559
38 5919168
24 3400843
50 2090699
93 4282680
94 6001840
76 7871537
5 14129307
19 1576989
77 997382
15 28285320
55 4388918
34 1113335
67 9206610
15 23175579
41 319089
34 347252
4 66455545
83 181162
95 2443241
60 3179893
42 3431450
11 2659211
80 1454344
20 2874539
21 1719671
99 23482803
41 440942
64 4753433
60 1301421
13 8237559
62 780952
92 11128723
54 3485518
63 8799503
18 2146652
64 22685075
55 2657599
69 2280281
22 8651743
22 7612044
96 7526927
86 26694293
67 11014931
98 23008078
61 1030047
47 574578
16 5570368
43 1454011
31 26265895
9 5749750
3 32834195
16 4040995
52 4600431
80 3734346
79 2005770
17 2977891
46 887484
62 473175
2 14951271
27 3666197
60 5898643
69 14288
67 5210609
18 2516984
26 6897277
17 2578196
65 422579
97 1789623
82 198428
83 130880
39 8986680
50 2088932
39 11975000
75 9805703
11 1146156
42 1234429
66 1665491
7 2840378
95 12142979
43 1580709
78 20365160
30 322184
11 6688173
42 1492566
84 6430640
13 5546260
91 74433
44 8888414
60 76315
76 1628593
88 1786534
32 2357466
25 60482
47 1118088
2 20213450
30 3621197
59 1470478
37 6968173
69 4238591
96 1997609
18 5952161
78 5603487
89 2130831
56 4275883
37 3446804
55 1812764
83 10702
99 16181261
75 13625768
99 35981278
91 82355
65 1441976
43 93799
22 3953646
2 29930869
42 2178610
45 19561741
75 10570384
83 64966
64 18266253
33 1741784
87 40613315
11 5409285
25 5535592
4 45011554
4 31863890
96 7178382
49 780293
47 1277116
15 19997715
43 973068
23 9796008
16 7279724
33 147257
93 3424476
17 5161011
93 4980474
67 5900762
49 75204
80 5764234
91 26720
58 1248673
25 5917523
89 1195085
91 39723
52 5709486
33 2109276
86 35019464
77 11985909
79 4876293
95 9400084
39 11267094
80 1620061
33 897167
12 4863476
97 8761259
21 996905
15 2592920
32 1710298
16 8762226
37 2850953
9 6192125
91 2717
52 6871137
71 425075
10 15573474
30 3426019
16 1441338
18 7996173
65 622899
69 2034968
31 863548
62 183202
97 10102493
41 2662
13 6065834
60 4864753
23 12792069
40 372916
92 5869744
38 4221886
33 1266672
43 1695486
58 1742719
64 7048821
99 58597079
72 15249128
17 9816862
64 13536349
72 27214107
85 15729927
78 1590021
21 1638312
9 17062406
86 34563083
66 446553
50 366046
92 939621
82 39204
37 11381412
33 976612
60 3659382
8 4763748
98 50255744
99 8252502
10 1671667
96 2704872
62 852396
20 4193733
63 7894738
82 132261
13 7214052
24 4459005
79 3010828
73 2808493
51 2368175
32 561114
39 8155604
47 1789388
10 16022653
90 64915
7 4246021
87 36552863
81 5422750
32 2422289
58 708492
38 1466012
78 2900481
61 949912
79 194660
86 26732937
99 1
46 458680
59 670261
68 8742808
96 1463308
70 344322
34 445722
31 9936263
19 94227
4 52847329
38 1275757
79 6863240
24 5544121
79 5841705
66 958370
76 12027219
69 3029266
25 2153087
8 16946589
82 221030
77 12034651
62 847328
63 16902469
42 1450202
53 6623372
63 16677255
16 3577552
46 1523010
98 40380568
21 1014621
87 30940921
57 13407497
24 4954752
77 13855580
22 3151650
39 9164928
15 901667
29 449840
56 3807485
39 10569217
50 3122155
39 11938004
29 3317430
62 601725
63 14679045
54 1082760
2 10766226
93 2325423
73 13546449
78 22806675
86 21671484
13 6964682
30 3034802
32 1499799
97 7574530
5 32157676
77 3498855
34 895137
35 1181689
81 892904
6 1657726
12 3544479
96 4208095
75 4145660
81 4838794
37 4063118
27 470048
41 544317
4 74337635
74 9783232
34 906018
95 8339552
21 51967
61 683537
64 7033417
34 56825
43 1496840
68 23858607
4 47895153
55 691895
11 9350103
97 3770159
7 17713789
80 2903711
7 7313033
38 110861
16 1697616
69 1396101
12 2326899
68 16382823
82 13275
18 614719
55 3719458
61 91701
25 2640599
