2394 3 1000
M 4 3 6
S 1 2 3
S 2 4 5
3 259
3 627
3 826
2 320
2 275
6 1389
4 202
3 910
3 1090
2 1097
2 161
5 383
2 742
4 579
6 1785
4 146
6 1161
3 689
4 214
5 567
4 268
6 1796
3 852
4 188
2 78
3 327
5 585
3 717
6 661
5 415
2 846
6 1620
4 587
3 531
6 1573
2 1047
5 112
2 786
6 284
2 987
2 1105
4 429
5 339
2 999
2 895
3 877
4 45
3 84
6 343
2 280
4 86
3 193
5 45
5 190
4 244
4 201
4 147
3 97
4 588
6 1028
2 699
6 954
3 155
2 955
4 505
5 227
6 856
2 1038
2 94
2 873
5 19
2 1150
3 213
2 1061
6 254
5 351
5 211
4 563
4 74
4 189
5 270
5 557
5 589
4 203
6 550
5 581
6 639
2 623
6 961
6 203
3 281
4 57
5 495
4 522
4 28
2 4
5 328
2 276
4 574
5 27
6 574
4 473
5 125
5 581
5 245
6 1286
4 505
6 1740
5 21
4 320
6 1150
3 818
4 564
3 754
6 518
5 463
5 410
4 366
4 474
6 36
3 913
3 666
4 198
4 158
5 309
2 1111
4 384
4 64
3 895
3 547
2 1195
2 501
2 516
4 13
4 230
6 720
5 284
6 829
2 671
3 1154
3 855
3 1040
5 546
3 662
3 567
6 734
3 1015
2 1179
3 497
3 69
4 307
4 288
6 153
3 999
2 446
6 1509
6 516
2 163
5 142
3 226
5 89
4 540
2 754
5 28
6 493
4 579
4 124
3 1079
4 563
6 1368
2 419
3 331
5 367
4 476
3 954
5 353
6 651
4 420
4 439
2 934
3 259
5 126
2 727
6 1735
2 835
4 23
5 577
3 88
2 1088
3 490
4 507
3 1073
3 464
6 61
4 177
6 958
2 414
6 532
6 1033
6 898
6 1023
2 1027
2 228
6 371
3 678
5 116
3 1131
5 145
3 186
2 1022
2 1121
5 100
5 37
2 284
3 250
4 222
5 28
6 902
5 134
3 960
4 377
3 576
6 1408
6 1402
3 757
3 772
3 639
6 1
4 310
4 433
2 533
6 1530
5 366
2 764
4 597
5 295
5 239
2 463
6 959
3 693
4 178
4 139
5 90
5 28
3 674
2 974
2 205
2 63
3 203
6 1407
3 687
6 570
5 114
4 74
5 536
5 233
3 193
4 594
2 633
4 524
4 273
5 285
6 1085
2 1069
2 1163
4 474
5 552
5 79
6 293
4 428
2 841
3 284
4 222
6 835
5 299
6 1502
6 1118
5 429
2 677
6 784
5 594
6 904
5 305
5 253
3 312
3 188
6 585
6 1569
6 317
6 662
2 851
5 195
3 184
5 413
2 878
3 925
5 401
2 204
2 188
2 131
3 681
3 324
5 208
6 902
5 56
4 424
3 667
5 569
6 461
2 752
2 1179
2 1010
6 1179
4 52
5 303
2 181
3 568
2 1184
2 171
6 204
4 456
6 390
2 389
5 202
6 1481
4 256
2 1056
3 97
5 229
5 33
6 822
3 800
3 1188
4 405
6 320
5 274
2 796
4 450
4 52
6 1069
6 637
5 545
4 427
3 964
5 138
6 626
4 113
2 703
3 752
6 200
3 20
5 25
2 858
2 650
4 93
6 483
4 238
4 370
6 736
4 485
3 1070
6 1349
3 514
3 1149
5 291
6 650
4 532
3 732
2 415
6 1124
2 849
6 510
2 1141
2 945
3 661
4 79
2 529
3 206
3 233
4 262
5 284
3 409
2 634
5 402
5 174
6 995
2 623
4 169
6 1426
2 741
2 416
6 370
6 200
5 17
3 1041
5 88
4 539
6 1071
3 714
3 768
5 90
4 262
5 178
6 1060
5 515
6 1250
2 75
4 568
5 329
3 564
3 172
2 145
2 512
2 288
6 333
6 559
4 302
2 680
4 550
2 750
6 759
4 596
2 594
6 127
6 1747
5 425
6 127
5 179
2 401
5 207
6 815
6 1206
5 320
6 1262
5 30
4 129
5 91
6 797
3 995
6 143
6 123
6 923
2 635
6 1220
4 162
2 1095
3 751
2 607
6 1086
5 250
6 1674
3 445
2 133
6 971
2 112
6 1688
4 441
5 387
3 1060
5 586
2 1085
2 670
2 223
3 417
6 1166
2 196
4 230
2 656
2 843
2 1152
2 52
5 163
4 554
5 520
3 455
2 994
5 146
5 301
2 1118
2 326
5 209
6 376
3 620
5 438
4 491
5 93
5 27
6 1433
3 809
2 410
2 641
6 1334
3 1125
3 1092
5 116
3 664
4 254
3 1173
4 59
2 1166
6 55
3 675
3 787
4 43
3 1193
5 161
6 306
2 6
6 923
5 422
4 467
2 844
5 24
2 1186
2 1003
5 2
5 321
2 717
4 372
5 388
6 1427
2 559
2 513
4 422
3 333
2 29
3 1139
5 2
3 265
6 585
3 303
4 153
6 1310
5 297
4 514
2 968
5 187
2 419
2 564
6 276
5 456
4 530
4 264
3 241
5 398
3 1193
4 507
2 809
6 400
4 60
2 1091
3 694
4 502
4 253
5 2
3 860
2 1045
2 1010
6 1704
3 774
5 587
4 282
2 272
3 693
6 880
4 397
2 117
4 249
3 166
5 71
3 393
6 1057
2 1099
2 184
3 920
5 536
2 694
5 100
5 182
3 416
2 556
4 296
3 787
6 699
5 221
2 1133
4 77
2 590
3 472
5 574
3 1120
4 135
6 221
2 267
4 369
4 246
3 999
5 539
6 1361
3 178
5 293
2 119
2 314
5 263
4 407
5 324
5 594
6 185
2 692
5 547
5 342
6 782
5 513
4 358
4 575
4 230
2 789
6 1251
2 208
5 431
6 1222
3 281
2 1115
3 1179
5 403
3 453
2 97
3 247
4 266
2 351
3 1168
2 587
4 125
4 306
5 389
6 1339
2 682
2 21
6 314
4 132
6 1622
5 576
2 715
6 1337
3 606
2 525
4 229
2 730
5 342
3 266
4 337
4 141
2 1193
5 27
3 940
3 339
3 561
6 1639
5 316
4 382
4 518
5 570
3 334
5 140
6 463
4 488
4 563
4 233
5 153
2 1191
6 1176
4 401
5 224
4 244
3 507
4 369
6 1274
3 424
3 1134
5 432
4 334
4 289
5 574
3 195
2 244
4 476
4 310
4 234
6 1266
6 1614
6 112
4 134
5 87
6 622
5 6
5 292
2 256
2 60
5 234
2 510
4 468
6 444
2 24
6 421
6 710
4 581
2 318
2 163
2 635
3 1
6 1632
4 398
4 277
5 6
4 543
5 426
6 1569
5 453
4 26
2 937
2 557
3 57
2 1165
6 1139
3 29
6 209
4 316
6 1042
2 1009
3 1027
5 497
5 342
6 1574
6 1446
5 367
6 381
4 32
6 1740
2 823
6 1073
6 1182
2 666
4 494
3 68
5 82
3 133
3 943
2 114
3 886
5 555
4 205
3 1041
6 331
4 369
5 585
5 287
6 1543
3 342
4 483
2 576
6 406
4 230
5 347
5 281
4 78
4 224
4 241
5 153
4 501
4 576
6 196
4 72
4 157
5 236
6 814
3 809
5 28
5 32
6 1044
2 695
4 323
3 358
3 1128
5 351
5 173
2 239
4 279
6 3
5 543
3 384
4 490
4 571
6 44
5 20
6 1321
6 620
3 446
6 502
3 398
5 21
6 607
4 499
4 402
2 1196
4 382
4 398
3 300
2 205
3 712
3 308
6 144
6 803
5 379
5 441
3 23
4 119
2 1044
4 170
4 74
4 570
5 516
5 411
3 110
4 155
5 210
3 961
4 430
3 759
2 494
4 146
2 908
2 197
6 1178
6 1549
5 455
2 661
2 886
5 301
4 488
6 1463
6 1575
3 850
4 1
2 682
6 658
3 722
6 1386
3 63
2 521
6 683
5 26
3 474
5 175
5 32
3 222
3 591
6 300
5 403
3 216
4 415
4 355
5 237
3 1167
2 807
4 584
5 461
3 991
4 333
5 384
3 556
5 147
3 1121
5 541
5 574
5 26
6 1207
3 589
5 358
3 1079
6 342
3 83
3 950
5 1
4 445
2 38
4 435
5 91
6 733
4 383
2 31
5 289
4 513
5 458
6 1549
5 331
2 552
3 1114
6 959
5 407
2 909
3 619
5 342
3 836
3 75
2 378
2 568
3 1098
3 611
4 393
3 850
3 943
6 265
3 341
5 402
6 986
4 176
4 209
5 472
2 1026
2 446
5 333
3 544
6 385
5 79
6 545
3 1153
3 27
2 537
4 144
2 30
4 178
2 985
2 809
4 570
5 132
4 473
3 1192
3 500
3 375
4 222
5 111
5 223
6 1603
3 520
2 1104
6 389
2 1180
3 1170
5 508
6 1332
5 373
3 1047
2 6
3 535
3 627
2 506
5 570
5 472
4 346
6 739
5 54
4 338
6 385
4 131
3 1040
5 496
3 987
6 1761
2 766
5 110
3 790
6 69
5 156
4 265
5 433
3 1043
5 458
3 804
3 1156
6 516
6 1162
6 875
4 206
5 433
2 687
2 1167
3 389
6 229
3 1095
4 539
4 21
2 844
3 142
5 455
6 642
3 891
4 569
3 432
4 424
3 18
