27
57
25
9
9
5
41
73
3
77
40
68
11
56
25
47
5
77
9
57
31
19
80
10
17
25
34
9
63
39
57
41
66
27
25
9
26
75
33
31
39
77
51
23
9
3
27
7
7
41
25
5
65
68
8
57
57
41
33
41
4
23
41
25
15
57
5
65
55
41
49
10
73
61
58
51
36
6
25
73
3
57
35
41
41
81
71
65
74
14
7
81
54
9
81
49
41
60
82
41
24
41
4
71
57
17
41
53
73
17
15
73
9
16
49
41
13
73
49
26
31
41
83
41
53
61
9
43
6
73
21
56
7
74
53
69
9
58
35
48
4
75
45
16
13
59
67
48
74
28
57
26
67
73
61
40
9
20
25
74
35
36
69
33
25
37
25
46
41
57
27
74
1
31
45
41
4
37
61
49
49
40
41
73
75
72
73
2
72
1
73
67
61
17
41
57
41
30
25
23
21
49
41
23
4
41
9
41
79
9
81
73
14
73
5
17
1
63
1
38
9
9
77
14
59
57
6
17
37
18
39
33
25
12
37
57
41
27
25
44
9
72
81
58
46
81
68
9
74
81
11
41
30
45
41
73
57
17
1
31
74
21
73
73
68
41
9
1
41
7
25
41
33
65
73
45
24
80
47
9
82
52
8
1
17
55
25
7
51
29
75
7
12
52
14
65
12
67
37
82
62
70
57
39
73
57
39
65
57
81
3
49
27
41
50
25
75
16
49
39
33
10
73
46
12
57
64
23
9
33
52
11
9
40
41
47
80
65
78
48
73
36
1
33
23
9
41
68
37
31
64
68
13
15
79
66
13
9
41
66
2
41
30
37
79
9
37
37
25
59
79
57
5
75
37
33
73
8
12
32
5
35
29
26
83
61
41
74
41
69
45
39
65
57
31
73
77
33
11
45
9
55
45
22
29
79
6
22
48
13
59
25
73
41
33
15
49
25
28
17
26
3
78
23
71
37
25
32
49
39
34
46
13
17
41
54
31
62
49
73
72
69
13
41
20
13
81
41
73
63
22
75
68
1
42
49
24
34
41
53
36
25
39
76
12
20
9
41
67
4
7
33
80
26
31
34
69
65
73
23
25
33
29
81
37
41
57
17
80
29
81
39
57
42
41
50
40
77
15
81
17
7
41
57
22
41
74
22
36
49
52
63
65
41
73
83
41
25
61
49
11
11
41
54
73
81
25
49
29
70
57
65
70
49
41
60
34
38
73
72
41
9
62
81
63
13
41
1
21
9
13
15
9
41
29
74
1
30
51
10
25
73
65
59
41
73
30
45
46
51
58
67
35
57
14
65
83
64
42
11
80
41
73
65
24
25
81
76
9
69
29
35
6
9
72
41
73
53
47
56
61
41
12
83
9
57
52
41
50
43
57
41
48
47
5
25
77
4
9
1
33
11
33
55
22
14
18
37
13
41
75
53
16
16
45
41
73
57
6
3
32
57
76
23
65
57
58
41
21
20
69
69
6
25
9
65
57
21
42
41
65
6
9
33
5
25
41
57
69
17
49
49
61
69
77
74
22
37
41
31
39
77
27
68
73
33
41
3
30
73
41
11
40
20
31
33
38
42
41
39
6
21
30
7
17
25
25
53
65
76
9
38
22
73
70
48
60
57
41
19
5
31
29
18
44
79
77
25
25
1
38
41
57
9
41
77
35
59
15
1
9
29
10
76
71
49
1
81
73
20
41
35
42
69
13
82
73
25
55
83
77
9
69
59
68
48
19
58
1
80
41
41
72
45
9
19
52
25
21
67
64
37
74
63
67
46
25
33
67
6
13
42
19
54
72
62
57
2
57
19
52
41
39
41
72
57
25
7
3
20
25
9
12
9
73
19
41
57
7
49
52
9
49
56
49
57
9
57
73
9
73
2
69
18
12
9
41
69
42
62
4
3
45
38
1
61
2
15
79
41
2
13
64
53
27
47
69
67
81
39
9
73
57
68
22
9
41
63
42
65
36
9
9
41
46
21
17
18
43
9
77
56
83
16
9
52
61
73
10
25
5
35
27
30
7
9
73
53
73
43
82
57
74
10
14
56
6
74
21
38
76
45
41
22
23
3
69
37
25
8
41
28
49
49
8
63
45
65
53
17
41
13
65
4
61
17
18
11
74
34
64
9
66
9
38
19
75
45
9
9
53
65
25
50
20
64
65
57
41
57
34
73
7
70
57
71
26
83
38
73
29
5
57
49
39
36
72
44
31
73
60
80
82
52
25
83
25
25
47
7
9
29
16
71
21
82
73
73
19
73
