660068944 4003 1000
M 1386 1373 1390
S 4827 4885 4886
M 3362 3216 3410
M 3671 3555 3697
M 2598 2602 2649
S 4228 4339 4340
S 2239 2258 2259
S 5605 5635 5636
S 2986 3004 3005
S 3847 3927 3928
S 407 439 440
M 1375 1156 1448
M 2972 3110 3125
S 4121 4196 4197
S 492 515 516
M 3333 3494 3495
S 318 335 336
M 729 750 752
S 5491 5591 5592
M 5168 5123 5180
S 12 18 19
M 2150 2257 2279
M 3350 3315 3352
M 3384 3569 3590
S 3933 3961 3962
M 4005 4064 4085
S 2987 3065 3066
M 1120 1250 1277
M 1660 1646 1726
M 2617 2713 2766
S 4379 4480 4481
M 1183 1149 1202
M 5868 5822 5919
S 42 169 170
S 2838 2852 2853
M 5463 5648 5657
S 3030 3120 3121
S 2379 2483 2484
S 1207 1290 1291
M 1292 1310 1477
S 3792 3918 3919
S 3182 3221 3222
M 1187 941 1193
M 1478 1333 1489
S 4363 4390 4391
M 1134 1147 1258
M 4583 4529 4584
M 5422 5461 5478
M 3423 3438 3445
S 2442 2503 2504
S 4757 4762 4763
S 945 985 986
S 532 549 550
M 1808 1745 1872
M 5429 5534 5589
S 3997 4018 4019
M 3404 3403 3451
S 1202 1240 1241
M 1238 1070 1259
S 1326 1357 1358
S 4327 4355 4356
S 5225 5264 5265
S 2036 2373 2374
S 4200 4204 4205
S 4871 4922 4923
M 2841 2683 2851
M 3746 3767 3803
S 1443 1470 1471
S 4116 4145 4146
S 1885 1916 1917
S 403 407 408
M 3028 3018 3126
M 970 954 984
S 5853 5875 5876
M 2323 2245 2389
M 5876 5857 5970
S 1481 1544 1545
S 2184 2235 2236
S 3984 4050 4051
M 397 235 441
S 470 666 667
M 1074 1072 1096
M 1623 1551 1654
S 5188 5213 5214
S 592 624 625
S 2005 2095 2096
M 2937 2958 2968
M 4661 4709 4733
S 1634 1675 1676
M 2153 2139 2163
M 3562 3575 3598
M 3243 3189 3279
S 3352 3579 3580
M 5596 5633 5651
M 646 652 668
S 3644 3700 3701
S 44 126 127
S 1294 1312 1313
M 4154 4261 4331
S 988 996 997
S 29 36 37
S 4523 4545 4546
M 648 773 791
M 3874 3791 3877
M 4954 4738 4994
M 1263 1328 1340
S 1076 1090 1091
S 3173 3241 3242
M 2235 2432 2435
M 3288 3274 3296
S 5148 5149 5150
S 453 530 531
S 3660 3721 3722
M 4841 5002 5032
S 5580 5720 5721
S 562 593 594
S 4507 4535 4536
M 781 833 841
M 866 913 979
M 4125 4071 4185
S 3554 3652 3653
S 289 313 314
S 4600 4624 4625
S 4718 5007 5008
S 673 676 677
M 5437 5440 5441
S 5299 5330 5331
M 214 169 345
M 569 571 606
M 2705 2820 2872
M 5281 5307 5325
S 785 863 864
M 5555 5503 5590
S 5072 5086 5087
M 5775 5829 5874
S 4651 4658 4659
S 4521 4553 4554
M 3590 3467 3599
M 4010 4032 4042
S 2593 2604 2605
S 930 1100 1101
M 1628 1591 1674
M 2620 2548 2623
S 2742 2787 2788
S 2229 2306 2307
S 3680 3836 3837
M 2513 2674 2715
S 715 797 798
S 5037 5040 5041
S 4232 4256 4257
S 3788 3891 3892
M 3733 3739 3746
M 807 840 913
S 8 16 17
M 5960 5959 5972
S 5106 5121 5122
S 1521 1555 1556
S 708 741 742
S 5084 5293 5294
S 3805 3858 3859
S 2000 2025 2026
S 4913 4940 4941
S 2618 2637 2638
M 2211 2194 2215
M 2165 2459 2466
M 2479 2478 2489
M 4633 4676 4687
S 637 689 690
S 830 880 881
M 4307 4348 4357
S 5332 5334 5335
S 1554 1557 1558
S 2410 2464 2465
M 3293 3297 3312
M 895 776 928
S 2481 2606 2607
M 5725 5723 5727
M 855 848 968
M 5264 5329 5360
M 2421 2572 2591
M 5651 5629 5724
M 1335 1372 1400
S 5692 5725 5726
M 5241 5265 5312
S 4253 4327 4328
M 376 373 397
S 1100 1115 1116
M 3039 3001 3046
S 1523 1575 1576
M 4865 4839 4907
S 4898 4961 4962
M 5496 5428 5520
S 1184 1256 1257
S 2217 2241 2242
M 4938 4806 4947
M 1230 1399 1475
M 3558 3495 3582
M 3272 3225 3295
M 4678 4697 4737
M 78 87 88
M 1637 1643 1682
S 2141 2146 2147
M 587 597 610
M 4710 4665 4717
M 2008 2085 2130
S 2547 2561 2562
M 4717 4799 4854
S 3517 3616 3617
M 2520 2637 2666
S 3149 3226 3227
S 2409 2419 2420
M 4134 3954 4163
S 3924 4009 4010
M 835 760 909
S 3002 3010 3011
S 2760 2814 2815
M 4267 4255 4324
S 3707 3712 3713
S 418 578 579
M 3764 3658 3778
M 3705 3630 3771
M 4344 3741 4433
M 5694 5691 5742
S 4971 4972 4973
S 4155 4188 4189
S 2274 2343 2344
S 663 691 692
S 3661 3875 3876
M 2656 2669 2702
M 2913 2971 3032
S 5636 5672 5673
S 5743 5799 5800
M 1532 1577 1580
M 2558 2533 2639
M 4057 4063 4095
S 819 867 868
S 3198 3199 3200
S 4278 4303 4304
S 5200 5202 5203
M 5279 5311 5340
S 427 479 480
S 2559 2663 2664
M 1136 1117 1266
M 5909 5951 5953
M 1296 1288 1297
S 1139 1264 1265
S 1890 2030 2031
S 1078 1106 1107
M 1193 1131 1208
S 1454 1610 1611
S 3414 3446 3447
S 5667 5722 5723
S 2529 2577 2578
M 1355 1324 1401
M 2498 2510 2611
S 838 842 843
S 525 590 591
M 5673 5573 5705
M 3037 3046 3108
S 1932 1957 1958
M 2463 2396 2470
M 957 960 970
M 4330 4400 4416
S 1348 1385 1386
M 4335 4334 4368
M 5089 4948 5114
M 2283 2363 2394
S 651 874 875
M 3702 3783 3794
M 5151 5220 5230
S 5018 5151 5152
S 2123 2134 2135
S 3252 3327 3328
S 3825 3920 3921
S 5709 5896 5897
S 4641 4656 4657
M 4815 4997 5022
M 1815 1740 1836
S 5073 5112 5113
M 5211 5208 5218
S 3975 4055 4056
S 1615 1695 1696
M 2471 2473 2569
M 2071 2059 2084
M 1781 1830 1863
M 480 423 481
S 2485 2513 2514
S 319 444 445
S 4338 4511 4512
S 1927 1929 1930
M 2372 2374 2438
S 5382 5464 5465
S 3762 3799 3800
M 4221 4163 4234
M 4917 4790 5015
S 1991 2078 2079
S 4908 4992 4993
S 552 732 733
S 3653 3724 3725
S 712 723 724
M 2633 2619 2636
M 5289 5411 5425
S 4696 4718 4719
M 1467 1301 1473
S 4644 4681 4682
S 155 157 158
M 5766 5749 5786
S 984 1131 1132
M 3328 3345 3423
M 4395 4308 4398
S 4484 4518 4519
S 4251 4360 4361
S 5057 5095 5096
M 4495 4499 4527
S 4989 5119 5120
S 3302 3406 3407
M 4607 4599 4632
M 1924 1843 1937
S 789 823 824
M 242 209 245
S 4547 4592 4593
M 1669 1750 1754
M 2314 2362 2384
M 5668 5679 5680
M 938 817 950
M 5508 5531 5547
S 2491 2495 2496
S 2920 2985 2986
S 4758 4767 4768
S 4897 5142 5143
M 5948 5953 5981
S 4887 4916 4917
S 4493 4502 4503
S 545 595 596
M 5992 5952 6000
M 1442 1496 1512
M 218 329 456
S 1518 1564 1565
S 5288 5413 5414
M 5295 5416 5430
S 4252 4263 4264
S 3895 4083 4084
M 701 831 853
M 3572 3331 3578
S 5495 5549 5550
M 704 693 712
M 336 395 406
S 5490 5653 5654
S 213 220 221
S 5911 5936 5937
S 5068 5138 5139
M 106 62 125
M 3725 3684 3728
S 3013 3026 3027
S 4262 4295 4296
S 1011 1021 1022
S 2504 2864 2865
M 365 377 451
S 463 597 598
M 5032 5049 5125
S 4657 4671 4672
M 4419 4559 4562
S 4658 4697 4698
S 5751 5778 5779
M 3313 3337 3364
M 5622 5575 5637
M 1562 1636 1653
M 5259 5181 5272
S 4189 4254 4255
M 3098 3004 3141
S 4188 4218 4219
S 2500 2547 2548
M 2046 2018 2052
S 1410 1414 1415
M 3674 3536 3680
M 3245 3375 3378
M 3224 3282 3340
M 1592 1556 1598
S 628 640 641
S 172 217 218
S 3580 3668 3669
S 3017 3091 3092
M 3130 3153 3156
S 2675 2707 2708
M 5918 5869 5962
M 5438 5445 5453
M 1690 1702 1732
S 4640 4787 4788
M 876 1058 1060
S 3228 3254 3255
M 5100 5076 5146
M 2423 2428 2510
S 2377 2433 2434
M 4613 4575 4619
M 3797 3647 3842
M 5617 5459 5647
S 160 185 186
M 5818 5821 5839
S 4343 4548 4549
S 1140 1186 1187
M 5939 5863 5967
S 3557 3618 3619
S 804 916 917
M 1748 1734 1762
M 359 267 394
S 3539 3554 3555
S 4504 4694 4695
S 1462 1513 1514
S 4574 4720 4721
M 3519 3606 3696
S 5657 5805 5806
S 5472 5616 5617
M 766 761 773
M 5672 5910 5938
M 2219 2094 2261
M 2615 2599 2618
S 4417 4669 4670
S 3893 3903 3904
M 1210 1253 1289
M 5357 5216 5373
M 181 194 198
M 3863 3711 3867
S 5399 5411 5412
S 5433 5517 5518
M 5793 5847 5858
M 1182 1067 1229
S 1574 1671 1672
M 5388 5456 5496
M 5080 5124 5191
M 889 1038 1046
M 5566 5731 5739
M 1947 1928 1985
M 443 369 457
S 4926 5037 5038
S 1900 2063 2064
S 1285 1295 1296
M 2434 2458 2462
M 2541 2449 2554
S 1229 1234 1235
S 120 152 153
M 4480 4531 4586
M 4486 4490 4523
M 5380 5404 5428
M 1097 1098 1150
M 3150 2991 3164
M 3760 3888 3988
M 5228 5136 5323
S 1465 1479 1480
M 1701 1831 1844
M 5164 5138 5188
S 1165 1204 1205
M 2857 3138 3170
S 21 24 25
M 2862 2873 2883
S 5210 5243 5244
S 1237 1302 1303
M 3710 3547 3723
M 5505 5528 5600
S 2911 3002 3003
S 457 533 534
M 762 756 790
S 3064 3104 3105
M 3609 3395 3625
S 3389 3431 3432
M 1418 1445 1455
M 118 191 247
S 5502 5565 5566
M 1728 1681 1777
M 2874 2883 2888
M 4543 4501 4560
S 5867 5934 5935
S 5721 5735 5736
S 1859 1983 1984
S 17 38 39
M 1209 1220 1221
M 2234 2305 2310
M 962 964 1005
M 425 455 486
S 4230 4232 4233
M 4315 4337 4338
M 1986 1874 2044
S 158 199 200
M 4187 4210 4258
S 2561 2621 2622
M 4410 4432 4438
S 1370 1421 1422
M 5375 5361 5490
M 3727 3589 3776
S 4268 4279 4280
M 2772 2787 2800
S 107 133 134
M 915 1000 1076
M 2982 2988 2993
S 4260 4341 4342
S 4433 4465 4466
S 3917 3925 3926
S 4788 4814 4815
M 4536 4530 4555
S 2098 2158 2159
S 4719 4805 4806
M 2190 2272 2329
M 1146 1141 1149
M 826 946 963
S 5825 5872 5873
M 5317 5391 5405
S 5497 5508 5509
S 4706 4734 4735
S 3616 3739 3740
M 3167 3156 3215
M 5957 5977 5984
M 1849 1835 1870
M 777 542 888
M 5761 5820 5905
M 3754 3897 3946
S 4296 4319 4320
S 2786 2794 2795
S 5120 5130 5131
S 5644 5683 5684
S 2388 2413 2414
M 4085 4103 4118
S 3540 3707 3708
M 4743 4820 4913
S 2834 2835 2836
S 2343 2371 2372
M 4167 4122 4178
M 3565 3729 3762
M 1980 2260 2269
M 1762 1824 1830
M 2324 2357 2360
M 3946 3922 3947
S 1497 1646 1647
S 4588 4606 4607
S 4791 4931 4932
S 5343 5451 5452
M 1492 1501 1559
M 5873 5834 5956
M 524 493 562
M 5239 5203 5250
M 5024 5000 5068
S 19 20 21
M 5884 5930 5939
S 1685 1707 1708
M 1361 1455 1483
S 3213 3269 3270
M 4465 4438 4486
S 2253 2339 2340
M 3402 3365 3413
M 1710 1439 1713
M 450 374 500
S 4563 4568 4569
S 5213 5235 5236
M 417 356 437
S 886 1029 1030
M 616 813 882
S 5407 5446 5447
S 4707 4715 4716
S 5506 5579 5580
S 5192 5211 5212
M 3624 3611 3630
S 2692 2716 2717
S 1405 1456 1457
S 3880 3884 3885
M 3026 3063 3089
S 2060 2121 2122
S 1754 1883 1884
S 1429 1493 1494
S 130 148 149
M 4889 4821 4970
S 4899 4909 4910
M 2903 2947 2949
S 3862 3899 3900
S 144 225 226
S 619 671 672
S 57 76 77
M 1316 1247 1351
S 5 163 164
S 173 201 202
M 3257 3163 3319
S 1512 1582 1583
S 1344 1349 1350
M 243 177 296
S 3974 3994 3995
S 3772 3817 3818
S 253 328 329
S 1788 1846 1847
M 3545 3568 3581
M 5947 5931 5960
S 4769 5064 5065
S 2405 2515 2516
S 2460 2567 2568
S 626 704 705
S 1969 1976 1977
M 5916 5973 5983
M 5866 5945 5958
S 2202 2231 2232
S 4812 4849 4850
M 1166 1103 1176
S 108 123 124
S 4321 4333 4334
S 1271 1319 1320
M 5518 5624 5696
S 5562 5685 5686
S 1106 1145 1146
S 5282 5379 5380
S 198 374 375
S 2315 2331 2332
M 1304 1420 1446
S 758 806 807
S 5697 5795 5796
S 2755 2812 2813
M 2284 2154 2300
S 73 105 106
M 4498 4584 4600
S 342 378 379
M 1504 1383 1510
S 4455 4651 4652
S 2808 2830 2831
S 1832 1923 1924
M 4386 4357 4406
S 4328 4429 4430
M 1787 1799 1871
M 5014 4972 5021
S 26 32 33
M 5693 5774 5830
M 1168 1170 1191
M 5851 5819 5891
M 5118 5092 5158
S 2528 2552 2553
S 3795 3853 3854
M 2575 2556 2599
S 3998 4106 4107
S 3971 4131 4132
S 4846 4892 4893
M 5921 5896 5979
S 80 142 143
S 3642 3670 3671
S 4808 4823 4824
M 3619 3773 3801
S 122 129 130
S 2759 2816 2817
S 5212 5316 5317
S 4388 4445 4446
M 5791 5708 5798
S 3412 3479 3480
M 1812 1776 1862
M 351 408 452
M 293 275 295
M 1818 1915 1920
M 1722 1705 1787
S 5603 5661 5662
M 3240 3164 3251
M 1194 1186 1220
S 2924 3008 3009
M 2819 2967 2984
S 2111 2139 2140
S 5529 5530 5531
M 2117 2102 2185
M 472 475 521
S 2490 2609 2610
M 489 481 499
S 2084 2204 2205
M 3631 3542 3644
S 1214 1679 1680
M 3458 3452 3470
S 390 418 419
M 3488 3510 3522
S 2884 2953 2954
S 2208 2255 2256
M 1082 1126 1151
S 2014 2042 2043
S 38 46 47
M 2298 2332 2346
S 1251 1287 1288
S 3600 3678 3679
S 5434 5437 5438
S 1217 1332 1333
M 2390 2429 2485
S 4760 4974 4975
S 667 681 682
M 4075 4027 4099
S 1488 1552 1553
S 4366 4439 4440
M 4533 4542 4574
S 3534 3535 3536
S 2715 2719 2720
S 4369 4388 4389
M 1446 1339 1478
M 348 349 393
S 2969 3047 3048
S 2367 2369 2370
M 5583 5592 5629
S 2261 2335 2336
S 5757 5772 5773
M 5765 5739 5840
M 5345 5384 5419
M 1206 1113 1262
S 4777 4807 4808
S 3377 3491 3492
S 5392 5488 5489
M 4073 4044 4105
S 5808 5809 5810
M 5157 5235 5237
M 205 163 208
M 1033 1275 1285
M 5086 5066 5109
S 1545 1588 1589
S 3640 3687 3688
M 4428 4314 4544
M 1514 1432 1529
S 1080 1212 1213
M 1511 1546 1549
M 2293 2100 2325
S 4301 4374 4375
M 4147 4391 4432
S 3988 4366 4367
M 6002 6005 6006
S 526 612 613
M 940 991 1027
M 4711 4950 4995
S 4436 4496 4497
S 2852 2875 2876
S 3865 4005 4006
S 3207 3224 3225
S 5674 5730 5731
S 3032 3053 3054
M 3310 3382 3383
M 2464 2420 2471
M 4362 4397 4405
S 1779 1981 1982
S 1953 2117 2118
S 870 919 920
M 1985 1975 1992
S 5595 5601 5602
M 4129 4161 4199
M 2310 2350 2361
S 2543 2584 2585
S 3162 3173 3174
M 3237 3341 3375
M 4472 4578 4582
S 5051 5082 5083
M 1862 1868 1874
S 1369 1431 1432
S 1319 1416 1417
M 4378 4256 4410
S 3728 3742 3743
S 993 1039 1040
M 4303 4313 4323
M 3524 3514 3563
M 1002 967 1010
M 3626 3673 3704
S 256 416 417
S 2411 2430 2431
M 1602 1676 1691
M 857 852 862
S 2265 2275 2276
M 1914 1938 1975
M 2243 2222 2347
M 4582 4619 4629
S 2321 2363 2364
S 3964 4088 4089
S 3780 3880 3881
M 3416 3398 3420
S 2775 2781 2782
S 2801 2837 2838
S 30 42 43
S 3400 3458 3459
M 5565 5559 5593
S 4293 4297 4298
S 5843 5851 5852
S 812 821 822
S 2984 3030 3031
S 5027 5073 5074
M 3222 3190 3284
S 452 511 512
M 4787 4796 4804
M 703 664 751
M 4316 4368 4400
M 154 135 182
M 744 788 861
M 320 285 376
M 3095 3140 3232
M 4655 4774 4786
S 3418 3465 3466
M 5107 5055 5135
S 5054 5075 5076
M 5090 5079 5124
M 5421 5481 5486
M 995 947 1045
S 1012 1023 1024
S 103 119 120
S 5670 5769 5770
S 3505 3609 3610
M 2942 2983 3056
M 543 511 546
S 139 248 249
M 4761 4864 4891
S 5062 5186 5187
M 2397 2450 2459
S 3360 3408 3409
S 1893 1986 1987
S 5553 5596 5597
S 2889 2927 2928
M 4927 4919 4955
S 4426 4475 4476
S 3217 3332 3333
M 4149 4279 4302
S 5756 5856 5857
M 2583 2627 2633
S 5414 5431 5432
M 4802 4866 4884
M 431 446 458
S 4213 4235 4236
S 3171 3493 3494
S 5905 5920 5921
M 2878 2895 2899
M 605 590 621
M 3351 3343 3356
M 3361 3385 3389
M 2803 2842 2859
S 4838 4844 4845
S 3573 3774 3775
M 5087 5215 5240
M 537 506 567
M 399 328 401
S 2241 2319 2320
M 707 716 728
S 937 945 946
S 5401 5455 5456
S 1883 1896 1897
M 2938 2731 2962
M 982 741 1207
S 5705 5751 5752
M 2848 2918 2938
M 3856 3785 3860
M 5713 5773 5785
M 1119 990 1177
S 702 743 744
M 3161 3175 3218
S 1412 1442 1443
M 3947 3966 3982
M 4131 4130 4158
M 5946 5936 5948
S 2063 2074 2075
S 4273 4515 4516
S 4180 4228 4229
S 4271 4275 4276
M 2914 2693 2932
S 99 167 168
M 2977 2811 2978
M 4141 4110 4161
M 2550 2566 2635
M 877 931 943
M 161 25 174
M 5001 5031 5035
S 473 627 628
S 854 876 877
M 1863 1879 1894
M 659 621 678
M 2933 2917 2959
M 2216 2177 2240
S 1610 1620 1621
S 3838 3840 3841
S 5175 5337 5338
M 4538 4511 4547
M 3108 3107 3111
S 4138 4201 4202
S 157 348 349
S 1743 1782 1783
S 1169 1179 1180
S 4902 4904 4905
M 5623 5619 5699
S 3420 3614 3615
S 2 44 45
M 680 611 774
S 249 254 255
M 1150 1087 1158
S 5769 5791 5792
M 1297 1325 1402
S 4618 4660 4661
S 3827 4114 4115
M 3973 4045 4071
S 257 353 354
S 2782 2841 2842
M 5485 5444 5556
M 5005 4967 5069
S 3456 3468 3469
S 1644 1822 1823
S 4238 4307 4308
M 2931 2968 3021
M 4730 4822 4851
S 5788 5903 5904
S 3651 3662 3663
M 3133 3184 3203
S 1083 1200 1201
S 1266 1404 1405
S 4986 5160 5161
S 2703 2860 2861
S 1929 2011 2012
S 4860 4938 4939
S 3779 3845 3846
M 1860 1901 1939
M 3415 3417 3424
S 1327 1388 1389
S 1766 1810 1811
S 2734 2797 2798
M 4764 4747 4774
S 1647 1655 1656
M 1287 1276 1305
S 2387 2565 2566
M 3823 3821 3829
M 1872 1907 1956
S 4970 5164 5165
S 948 953 954
S 3929 3963 3964
S 3317 3371 3372
M 3296 3335 3357
M 2994 3048 3117
M 1510 1469 1518
S 5724 5764 5765
S 4434 4504 4505
M 1898 1861 1904
S 5805 5833 5834
M 3069 3085 3086
S 3747 3751 3752
S 2565 2592 2593
M 3318 3330 3360
M 5271 5314 5326
M 207 159 219
M 325 302 341
M 996 1084 1095
M 2214 2248 2358
M 1809 1823 1843
M 5591 5604 5608
M 2616 2472 2629
S 5166 5184 5185
S 3839 3980 3981
S 4985 5026 5027
S 1 2 3
M 4109 4065 4179
S 541 552 553
M 2331 2224 2352
M 2757 2744 2779
S 2607 2619 2620
M 3845 3796 3868
M 1923 1926 2047
S 5570 5574 5575
M 4305 4304 4384
S 1513 1539 1540
S 1626 1697 1698
M 3716 3688 3766
S 2025 2065 2066
M 3676 3587 3699
S 5112 5196 5197
S 5217 5281 5282
S 3623 3628 3629
S 2587 2735 2736
S 1704 2091 2092
S 5628 5642 5643
S 5198 5206 5207
S 1019 1102 1103
S 5557 5715 5716
M 2340 2240 2351
M 2077 2156 2212
M 3627 3655 3741
S 5659 5906 5907
S 863 904 905
M 3682 3513 3690
M 2518 2454 2540
M 713 771 787
S 2635 2667 2668
S 5152 5182 5183
S 5715 5783 5784
M 3599 3678 3763
M 5486 5330 5511
S 5131 5513 5514
M 3094 3115 3143
M 1873 1817 1900
S 2501 2555 2556
S 3174 3369 3370
M 3537 3548 3566
M 5133 5137 5171
S 5638 5713 5714
M 1855 1958 1974
M 2581 2474 2628
S 3790 3792 3793
S 989 1050 1051
S 4017 4061 4062
S 4054 4066 4067
M 4783 4702 4839
S 1673 1768 1769
M 2115 2187 2213
S 700 709 710
S 3197 3233 3234
S 3613 3631 3632
S 3226 3252 3253
M 4227 4208 4274
S 2489 2573 2574
S 2817 2828 2829
S 4405 4419 4420
M 86 202 209
S 3935 4072 4073
M 850 747 869
M 1814 1792 1856
M 4537 4596 4696
S 3967 3970 3971
S 5436 5536 5537
M 5063 5105 5153
M 5466 5535 5631
S 726 777 778
S 3521 3573 3574
S 3131 3171 3172
S 3645 3719 3720
M 1376 1366 1382
S 4568 4643 4644
M 4245 4306 4325
M 5238 5316 5332
M 5004 5081 5104
M 1520 1482 1586
M 5669 5507 5712
S 5102 5208 5209
M 3731 3745 3772
S 5550 5583 5584
S 5658 5677 5678
M 2129 2149 2167
M 3230 3206 3240
S 3698 3786 3787
S 2457 2476 2477
M 2462 2425 2494
M 853 936 944
S 657 792 793
S 4883 4898 4899
M 3090 3031 3144
M 211 258 286
M 3694 3723 3789
S 3372 3373 3374
M 539 471 588
S 1769 1892 1893
M 117 119 190
M 2847 2904 2917
M 3239 3123 3274
M 4862 4879 4890
M 1261 1235 1364
S 4114 4224 4225
S 2910 2913 2914
M 3364 3453 3455
M 3268 3300 3324
S 3279 3418 3419
S 3887 3915 3916
M 2590 2612 2640
S 114 236 237
M 2710 2695 2712
S 4544 4604 4605
M 82 76 103
M 3409 3322 3425
M 2711 2638 2740
S 5130 5154 5155
M 3244 3204 3273
S 14 52 53
S 671 686 687
S 3709 3730 3731
S 1829 1865 1866
M 4473 4323 4501
M 500 502 519
S 1282 1368 1369
M 4329 4398 4421
M 1967 1970 1980
M 2540 2643 2671
M 5886 5944 5959
M 5689 5561 5701
S 903 991 992
M 5206 5240 5277
S 127 150 151
M 1659 1603 1665
S 1185 1196 1197
M 2339 2422 2425
S 4875 4959 4960
S 4853 4976 4977
S 2201 2206 2207
M 5932 5903 5954
S 338 361 362
S 1404 1434 1435
S 1566 1700 1701
S 2399 2411 2412
M 4477 4355 4517
S 4319 4348 4349
S 4496 4570 4571
S 4765 4783 4784
M 5759 5719 5801
S 1346 1424 1425
M 4903 4943 4948
S 52 71 72
M 5183 5129 5249
S 4466 4525 4526
M 4390 4349 4426
M 997 987 1002
S 1622 1666 1667
S 5883 5898 5899
M 769 837 883
M 162 171 176
S 912 940 941
S 3104 3118 3119
S 786 839 840
S 803 825 826
S 1279 1315 1316
S 4776 4881 4882
S 221 266 267
M 1053 956 1058
S 794 815 816
S 3072 3115 3116
M 3810 3759 3820
S 5804 5913 5914
S 2333 2381 2382
M 3097 3233 3275
M 361 246 377
S 2645 2660 2661
S 5455 5532 5533
M 5482 5549 5682
S 5915 5924 5925
M 5937 5961 5988
S 1299 1412 1413
M 4231 4290 4301
M 1107 1158 1195
M 529 640 665
M 5978 5984 5993
S 4133 4155 4156
M 1645 1665 1670
S 4194 4267 4268
M 1411 1559 1567
M 3927 3815 3965
M 260 251 281
M 2545 2376 2586
M 1290 1417 1418
M 345 301 367
M 3538 3429 3546
M 2042 2108 2143
S 1581 1603 1604
M 5172 5257 5260
M 3326 3250 3329
S 3570 3797 3798
S 4240 4272 4273
M 2736 2762 2776
S 1582 1644 1645
M 5702 5614 5734
M 5781 5794 5871
M 5204 5318 5320
S 2688 2690 2691
S 3044 3079 3080
S 3247 3288 3289
S 2162 2190 2191
S 1502 1542 1543
M 3915 4148 4169
M 3469 3515 3544
M 4317 4176 4337
S 4019 4034 4035
M 2142 2090 2194
M 2698 2733 2746
S 5196 5273 5274
M 4020 3945 4025
S 3210 3235 3236
M 5476 5558 5582
S 2086 2233 2234
M 4346 4340 4352
M 1015 1003 1079
M 2369 2555 2602
M 1904 2017 2021
S 1060 1214 1215
S 517 522 523
S 3338 3349 3350
M 3490 3461 3559
M 4520 4502 4565
S 5197 5500 5501
S 40 63 64
S 5736 5767 5768
S 5187 5192 5193
M 2221 2244 2278
M 3940 4089 4136
S 92 107 108
S 3015 3069 3070
S 843 851 852
S 203 234 235
S 3905 4053 4054
M 5949 5982 5997
M 1962 2003 2015
S 4814 4861 4862
M 2130 2023 2268
S 630 637 638
M 2601 2582 2603
S 3976 3977 3978
M 1530 1605 1608
S 1135 1428 1429
M 787 772 817
M 3806 3629 3807
M 2660 2749 2767
S 2291 2297 2298
S 2922 2994 2995
M 5424 5385 5475
S 5309 5470 5471
S 5860 5861 5862
M 3036 3023 3109
M 4882 4621 4989
M 2902 2828 2904
S 4425 4540 4541
S 5025 5052 5053
S 5353 5568 5569
S 2690 2762 2763
S 3861 4079 4080
S 754 899 900
S 3367 3385 3386
M 2623 2728 2768
S 1273 1321 1322
M 4350 4322 4434
M 1138 1281 1381
M 800 779 850
S 1077 1104 1105
S 4124 4129 4130
M 3287 3191 3300
M 2953 2943 3052
S 1388 1408 1409
M 4681 4892 4906
M 5180 5256 5299
S 5763 5821 5822
M 4877 4974 4988
M 3877 3817 4015
M 868 896 965
M 5600 5613 5624
S 745 775 776
S 5319 5403 5404
M 1338 1256 1391
S 755 859 860
S 2886 2890 2891
S 1597 1717 1718
S 2927 3036 3037
S 2686 2758 2759
M 3253 3267 3344
S 5011 5287 5288
M 5890 5874 5978
M 2006 1880 2023
S 449 493 494
M 2119 2078 2120
S 2603 2624 2625
M 4021 4023 4112
M 3227 3260 3271
M 5306 5263 5358
M 2296 2308 2321
M 105 255 450
S 4946 5030 5031
M 2327 2205 2350
S 5312 5363 5364
M 1416 1470 1487
S 4508 4550 4551
M 1596 1573 1597
S 4896 4926 4927
M 4468 4518 4528
S 22 57 58
S 929 1033 1034
S 75 94 95
S 2870 2956 2957
M 3388 3605 3633
S 1842 1881 1882
S 3646 3726 3727
S 1708 1907 1908
S 608 804 805
S 4834 4865 4866
S 4880 4963 4964
S 1987 1990 1991
M 2622 2281 2662
S 5298 5343 5344
M 3802 3832 3909
S 4789 4896 4897
M 902 888 942
S 4204 4220 4221
M 2585 2608 2617
S 692 716 717
S 720 785 786
S 684 829 830
S 1110 1163 1164
S 4922 4985 4986
M 5740 5710 5782
M 2371 2355 2388
S 4168 4172 4173
S 1018 1061 1062
S 5139 5226 5227
M 5337 5594 5615
S 2329 2366 2367
S 1178 1278 1279
M 4595 4646 4723
S 4087 4174 4175
M 5698 5574 5748
S 631 651 652
M 3078 3109 3134
S 477 517 518
M 2707 2676 2718
M 405 436 438
M 1894 1976 1988
M 3755 3669 3773
M 1805 1839 1861
S 2435 2440 2441
S 4145 4164 4165
M 1227 1434 1460
M 3205 3208 3243
M 2831 2768 2832
S 4270 4378 4379
M 5685 5730 5732
M 2364 2307 2365
S 3714 3760 3761
S 2665 2684 2685
S 3241 3256 3257
M 3786 3776 3828
M 216 261 282
S 5056 5057 5058
M 4047 4156 4160
M 187 189 193
M 4178 4106 4203
M 3559 3579 3586
M 1347 1312 1387
S 433 473 474
S 2279 2293 2294
S 2444 2472 2473
S 1756 1824 1825
M 5767 5841 5842
M 3060 3187 3195
S 2853 2951 2952
M 520 530 544
M 4297 4028 4315
S 4550 4558 4559
M 5077 4805 5092
S 97 101 102
M 2508 2493 2519
M 5012 4995 5029
S 4732 4797 4798
S 2121 2172 2173
M 4979 5010 5047
M 5413 5447 5474
M 3912 3961 4012
S 4381 4455 4456
S 4164 4212 4213
M 4800 4771 4803
M 858 836 912
M 4888 4855 4908
M 1936 1903 1942
M 3493 3523 3525
M 1342 1307 1377
S 2482 2505 2506
S 110 135 136
S 2805 2810 2811
M 1857 1848 1867
S 3209 3246 3247
S 645 771 772
S 2352 2436 2437
M 5367 5373 5399
M 1807 1757 1815
M 4352 4309 4358
S 2687 2692 2693
S 273 274 275
S 5753 5817 5818
M 5599 5568 5607
S 943 1069 1070
S 3042 3058 3059
S 5377 5415 5416
M 3463 3593 3604
M 1517 1526 1528
S 5469 5497 5498
S 1359 1484 1485
M 2395 2455 2463
S 304 398 399
M 4179 4224 4239
M 3219 3242 3245
S 1365 1436 1437
M 2807 2864 2874
S 4714 4724 4725
S 1048 1082 1083
S 4060 4074 4075
M 5320 5355 5422
M 4663 4690 4736
M 4364 4445 4457
S 869 926 927
M 3721 3603 3788
S 4 6 7
S 2087 2183 2184
M 4652 4728 4740
M 5028 4874 5097
M 5571 5394 5595
M 2525 2522 2527
S 1408 1533 1534
S 315 402 403
M 4668 4725 4728
S 5431 5609 5610
S 1175 1181 1182
S 2833 2999 3000
S 185 196 197
M 5601 5607 5674
S 1663 1709 1710
M 3342 3396 3428
S 2083 2115 2116
S 1200 1273 1274
S 363 504 505
M 5627 5546 5644
M 5116 5039 5123
M 4024 3981 4063
M 3086 2908 3101
M 3794 3811 3812
S 3487 3526 3527
S 388 391 392
M 5988 5927 5989
S 1371 1444 1445
M 1747 1741 1845
S 5156 5261 5262
S 3543 3594 3595
S 4921 4979 4980
S 2093 2224 2225
M 3834 3869 3871
S 1909 1918 1919
S 307 420 421
S 1352 1353 1354
M 1030 1458 1541
S 5006 5100 5101
M 4928 4953 4969
S 5209 5267 5268
M 3087 2912 3138
S 1295 1300 1301
S 2173 2222 2223
S 5683 5717 5718
M 5467 5564 5567
S 2289 2333 2334
S 2074 2080 2081
M 5640 5666 5669
S 2118 2156 2157
M 47 91 93
M 2251 2147 2257
S 4737 4852 4853
M 743 792 879
S 317 319 320
S 3643 3657 3658
S 1979 2006 2007
M 4427 4457 4489
S 2950 3028 3029
S 2070 2085 2086
M 343 355 360
M 1600 1642 1643
S 383 448 449
M 4037 4033 4044
S 458 465 466
M 1540 1558 1563
M 1358 1362 1403
S 958 1003 1004
S 4679 4775 4776
M 1181 1174 1190
S 2877 2906 2907
M 1456 1437 1472
M 2995 2932 2996
S 3768 3992 3993
S 3127 3208 3209
M 3560 3563 3587
S 978 1055 1056
S 2426 2468 2469
S 2946 2947 2948
S 2168 2249 2250
S 1666 1770 1771
S 1438 1451 1452
M 5268 5369 5409
M 5446 5432 5527
M 5832 5720 5884
S 4876 4981 4982
S 263 304 305
M 2966 3246 3250
M 5155 5101 5170
M 4068 4038 4096
M 5520 5704 5710
S 1506 1590 1591
M 3858 3925 3938
S 1794 1852 1853
S 247 317 318
M 2157 1945 2169
S 3799 3847 3848
M 3010 3040 3042
S 3881 3888 3889
M 2993 3137 3176
S 3202 3310 3311
M 391 89 524
S 1725 1737 1738
M 3991 3993 3999
S 3949 3997 3998
M 1537 1579 1634
S 2209 2245 2246
S 4105 4186 4187
S 4411 4412 4413
M 3604 3744 3770
M 885 887 895
M 4966 5016 5056
S 2166 2460 2461
M 873 872 914
S 2678 2709 2710
S 4695 4856 4857
S 83 112 113
S 2132 2247 2248
S 924 959 960
S 1845 1969 1970
M 5711 5677 5747
M 4456 4454 4498
M 5030 5047 5077
M 625 842 878
M 3254 3265 3268
M 2659 2527 2697
M 1691 1552 1860
S 4235 4310 4311
S 4012 4028 4029
S 3214 3317 3318
M 604 573 611
M 3354 3387 3438
S 2697 2698 2699
S 1435 1438 1439
S 865 936 937
M 2609 2480 2612
S 2124 2161 2162
M 4712 4669 4771
S 366 388 389
M 3304 3295 3499
M 790 810 834
S 4046 4059 4060
S 5033 5044 5045
S 2560 2658 2659
S 2955 2964 2965
M 5634 5650 5666
M 4367 4225 4369
M 5085 5070 5103
S 770 812 813
M 5826 5842 5890
M 1968 2032 2045
S 976 1006 1007
S 1908 2027 2028
M 2228 2199 2237
M 4993 5043 5085
S 3663 3710 3711
S 2829 3024 3025
M 358 372 433
S 1226 1306 1307
S 4422 4436 4437
S 270 337 338
S 3290 3354 3355
M 5803 5986 5995
S 1274 1327 1328
M 5962 5907 5974
S 5178 5194 5195
S 2830 2868 2869
S 440 477 478
S 1293 1298 1299
S 1937 1945 1946
S 4516 4674 4675
S 3990 4116 4117
M 2112 2213 2214
S 5758 5762 5763
M 2900 2894 2909
S 3477 3567 3568
M 5104 5108 5115
S 5339 5385 5386
M 751 633 759
S 734 753 754
M 5653 5645 5668
S 4137 4176 4177
M 1509 1406 1637
M 5979 5895 5987
S 910 966 967
M 416 623 639
S 432 435 436
M 4570 4586 4704
M 1313 1431 1467
M 1493 1568 1606
S 2990 3071 3072
M 4435 4510 4529
S 482 506 507
M 1688 1587 1719
S 2043 2152 2153
S 1555 1663 1664
M 2072 2122 2218
S 4289 4417 4418
S 1789 1797 1798
S 860 865 866
M 1025 1007 1057
S 4540 4594 4595
S 465 475 476
S 3950 3954 3955
M 4441 4643 4650
S 335 339 340
S 236 268 269
S 311 365 366
M 2816 3000 3055
M 2326 2440 2451
S 1542 1570 1571
M 280 250 285
M 3816 3907 3929
S 4394 4424 4425
S 1021 1047 1048
S 784 809 810
M 234 321 331
M 3263 3232 3297
S 4553 4566 4567
S 861 930 931
M 3937 4119 4138
M 3812 3900 3945
M 5840 5815 5864
S 340 431 432
S 3357 3380 3381
M 4066 4081 4094
M 4098 4101 4120
S 2999 3190 3191
M 1721 1698 1724
S 4444 4471 4472
M 5969 5859 5991
M 4389 4440 4447
M 1086 1016 1118
S 5214 5222 5223
S 381 453 454
M 3057 3113 3142
S 50 81 82
M 5663 5671 5719
M 5923 5954 5969
S 276 306 307
S 5287 5314 5315
M 1091 1092 1114
S 4980 5003 5004
S 1308 1419 1420
M 3144 3155 3159
M 1157 1252 1255
M 5855 5925 5929
S 121 191 192
S 5150 5275 5276
S 98 177 178
S 4298 4313 4314
M 4095 4055 4151
S 5920 5922 5923
M 2724 2781 2796
M 439 332 539
M 5255 5252 5366
S 3703 3757 3758
M 4873 4832 4889
M 4333 4162 4372
M 603 613 615
S 5154 5297 5298
M 849 908 918
M 5512 5541 5546
M 4198 4014 4217
M 467 357 498
S 3778 3913 3914
M 1123 1031 1162
M 2088 2069 2097
M 5913 5940 5944
S 2809 2969 2970
S 4677 4685 4686
M 1525 1460 1532
S 3852 3882 3883
S 1961 2061 2062
S 5334 5439 5440
S 821 835 836
S 53 85 86
S 4603 4630 4631
M 2120 1994 2131
M 1255 1264 1275
M 2625 2649 2676
S 2663 2687 2688
M 1733 1697 1767
S 2052 2127 2128
S 5425 5459 5460
M 4589 4565 4662
M 483 523 545
M 5695 5682 5711
M 5253 5158 5278
M 4868 4686 4933
S 277 298 299
M 878 900 922
M 4942 4999 5028
M 4872 4828 4876
M 2738 2919 2931
S 4591 4620 4621
S 3608 3666 3667
S 5696 5776 5777
M 3685 3638 3686
M 3962 3956 4007
S 2484 2541 2542
S 2365 2386 2387
S 935 1170 1171
M 4478 4532 4537
M 1398 1378 1453
S 113 114 115
M 146 95 263
S 5058 5078 5079
S 2079 2098 2099
M 3061 3271 3272
S 1089 1108 1109
M 1682 1716 1725
M 5643 5703 5704
M 782 757 808
M 210 266 276
M 2881 2814 2910
S 3528 3548 3549
M 4206 4183 4216
M 2752 2626 2772
S 3075 3099 3100
M 1576 1450 1599
S 4229 4285 4286
S 13 14 15
S 1798 1806 1807
M 1933 1939 2055
M 5040 4727 5049
M 5245 5227 5257
S 2997 3168 3169
S 3128 3152 3153
S 3152 3201 3202
S 18 22 23
M 4050 4053 4076
M 1225 1196 1250
M 892 809 903
M 3408 3843 3886
S 5706 5760 5761
M 3919 3891 3950
M 2197 2167 2208
M 3139 2992 3160
M 801 535 833
M 1491 1490 1495
M 2892 2854 2926
M 2318 2303 2322
M 3586 3636 3656
S 1851 1902 1903
S 1593 1813 1814
M 1171 1198 1206
M 5870 5827 5894
S 2871 2971 2972
M 4837 4923 4925
M 5972 5968 5999
S 904 906 907
M 3374 3311 3382
S 1046 1077 1078
M 288 316 350
S 2134 2148 2149
M 2647 2745 2757
M 1069 925 1166
M 5099 5109 5141
M 4859 4881 4965
S 61 121 122
M 1152 1153 1160
S 2250 2285 2286
S 382 565 566
M 2813 2821 2825
M 1208 1265 1331
S 3872 3901 3902
M 4215 4197 4317
S 3784 3905 3906
M 2242 2195 2267
M 1192 1203 1222
S 4483 4532 4533
M 2514 2507 2528
S 1618 1638 1639
M 5113 5128 5201
M 2944 2939 2973
S 2300 2337 2338
M 5929 5904 5963
M 156 265 321
S 2901 2976 2977
M 2936 2863 2991
S 2012 2032 2033
S 1917 2144 2145
M 5768 5734 5803
S 2262 2314 2315
M 5173 5098 5210
M 2940 2855 3006
S 3830 3838 3839
M 4998 4940 5036
S 5410 5417 5418
M 1631 1662 1805
M 5976 5985 5994
S 2336 2415 2416
M 2546 2578 2594
S 3516 3550 3551
M 4560 4634 4743
M 3664 3614 3677
M 875 939 989
S 950 955 956
M 1997 2016 2024
S 24 30 31
M 2306 2252 2330
S 4430 4452 4453
M 1472 1641 1702
M 576 609 661
S 5162 5204 5205
M 4351 4311 4385
S 2751 2866 2867
M 4936 5036 5070
S 733 735 736
S 5165 5220 5221
S 45 97 98
S 1050 1174 1175
M 4056 4062 4137
S 2721 2744 2745
S 3475 3506 3507
S 4365 4396 4397
M 1760 1796 1802
M 1881 1800 1901
S 5296 5308 5309
M 2926 2964 2983
M 2722 2717 2754
S 4891 4918 4919
M 2691 2804 2822
S 3787 3825 3826
M 4132 4181 4200
M 3720 3601 3747
S 2007 2016 2017
M 4166 4222 4242
S 2361 2395 2396
S 3346 3496 3497
S 1727 1728 1729
M 512 459 570
S 522 547 548
M 660 730 745
M 4947 5045 5046
S 306 343 344
M 412 546 564
S 3566 3642 3643
S 1125 1230 1231
M 5810 5852 5912
S 2161 2243 2244
S 4606 4622 4623
S 5879 5941 5942
M 4039 4048 4052
S 3878 3897 3898
M 1037 1137 1167
M 2322 2344 2345
M 2193 2133 2209
M 2103 2135 2219
S 2792 2974 2975
M 2694 2725 2769
S 4143 4448 4449
M 4223 4345 4347
S 3406 3456 3457
M 4756 4722 4772
M 1765 1783 1801
M 5250 5231 5252
M 3679 3564 3735
M 683 674 703
S 767 779 780
M 4347 4453 4479
M 5563 5537 5604
M 1444 1311 1507
S 4259 4299 4300
S 5789 5843 5844
M 4437 4494 4499
S 4688 4690 4691
M 5284 5321 5350
M 233 201 273
M 1892 1963 1966
M 1331 1345 1365
M 5041 4893 5048
M 5519 5548 5576
M 2223 2325 2368
M 951 723 998
S 4973 5012 5013
M 5712 5733 5788
S 4933 5005 5006
S 3576 3583 3584
M 2899 2887 2905
M 1057 1079 1143
S 679 683 684
M 882 927 969
S 1379 1398 1399
S 4013 4016 4017
S 1421 1502 1503
S 4524 4713 4714
M 1189 1232 1284
M 2777 2776 2808
M 5372 5303 5389
S 2662 2725 2726
M 5008 4951 5039
M 5615 5626 5632
M 1940 1888 1963
S 200 322 323
S 897 1008 1009
M 4094 4153 4198
M 3615 3584 3623
M 1382 1433 1461
S 839 885 886
M 560 580 632
M 2436 2413 2507
M 3451 3383 3611
M 5726 5777 5845
S 419 468 469
M 3305 3299 3306
M 1797 1836 1864
S 1095 1119 1120
M 4804 4844 4873
M 1090 1032 1099
S 1935 1960 1961
M 4266 4248 4269
S 2066 2067 2068
M 2152 2021 2202
S 217 270 271
M 2845 3151 3163
S 2288 2303 2304
S 2200 2308 2309
S 1624 1714 1715
M 5974 5970 5977
M 5642 5621 5667
S 4680 4688 4689
M 3193 3255 3265
S 32 73 74
M 3567 3740 3821
S 4069 4086 4087
M 5983 5801 5985
M 3145 3183 3228
M 5933 5941 5946
S 215 238 239
S 1258 1362 1363
S 5230 5254 5255
M 4660 4664 4666
M 2393 2407 2452
S 3889 4032 4033
M 4004 4128 4133
M 2445 2497 2564
S 186 250 251
M 3055 3059 3145
S 2414 2537 2538
S 1387 1394 1395
M 3738 3803 3844
S 1715 1746 1747
M 2868 2935 2982
M 3426 3550 3575
M 3079 3102 3112
M 4409 4361 4411
S 3648 3940 3941
M 5530 5499 5564
M 5737 5738 5757
M 128 85 156
S 1786 1790 1791
S 1886 1931 1932
S 3273 3280 3281
M 1654 1791 1821
S 3440 3529 3530
S 1468 1496 1497
M 4772 4810 4811
M 4287 4282 4376
S 37 50 51
S 5222 5228 5229
S 2954 2966 2967
M 5745 5800 5802
M 5850 5858 5879
M 5379 5474 5487
M 2893 2844 3045
M 3726 3690 3759
S 5656 5706 5707
M 2176 2276 2284
M 4734 4720 4770
S 4093 4110 4111
S 3766 3862 3863
S 309 372 373
M 3943 3923 3976
M 297 231 315
S 1133 1147 1148
M 2681 2732 2775
M 2748 2860 2896
M 3793 3750 3802
M 3005 2998 3007
M 252 237 259
M 694 699 702
M 1951 2038 2046
M 2186 2218 2220
S 2600 2792 2793
S 5581 5640 5641
M 3325 3363 3368
S 5846 5877 5878
M 5125 4991 5132
M 327 241 347
S 2116 2125 2126
M 2328 2273 2341
M 688 746 758
S 2204 2238 2239
S 4107 4143 4144
M 4674 4569 4769
M 1891 1867 1895
S 2264 2273 2274
S 624 726 727
S 2667 2727 2728
M 5964 5894 5965
M 3808 3763 3835
M 3050 3081 3084
M 2488 2532 2634
M 5578 5532 5581
S 3286 3416 3417
S 4191 4194 4195
M 386 354 400
S 5542 5551 5552
S 3159 3398 3399
S 2579 2582 2583
M 1124 1075 1128
S 4978 4998 4999
M 5262 5341 5346
S 3439 3483 3484
M 4925 4988 5033
S 3818 3958 3959
M 4341 4375 4409
S 426 583 584
M 3073 3054 3078
S 4561 4563 4564
M 3158 3199 3229
M 464 494 520
S 2058 2072 2073
M 4952 4856 5042
S 5189 5348 5349
S 5577 5585 5586
S 2400 2403 2404
S 955 957 958
S 2979 3040 3041
M 3468 3518 3538
M 3034 3083 3085
S 4284 4288 4289
S 4539 4556 4557
S 2571 2588 2589
M 4026 3930 4036
M 4842 4833 4924
S 2384 2444 2445
S 3126 3154 3155
M 4924 4912 4928
M 4823 4932 4937
S 4414 4477 4478
S 2832 2870 2871
S 1303 1360 1361
M 2788 2790 2934
S 4683 4692 4693
S 2062 2199 2200
M 1585 1612 1617
M 5389 5442 5449
M 727 478 729
M 3789 3939 3951
M 3329 3306 3361
M 5430 5374 5499
S 2761 2833 2834
S 600 633 634
M 1528 1533 1538
M 1772 1770 1779
S 1977 1998 1999
M 1870 1943 1947
M 5752 5770 5790
M 4100 4074 4168
M 1570 1529 1616
M 5680 5631 5693
M 3035 3043 3073
S 5727 5807 5808
M 5837 5934 5952
M 763 519 770
S 598 629 630
S 1489 1520 1521
S 1093 1156 1157
S 2015 2048 2049
M 928 916 947
S 1625 1659 1660
S 3009 3087 3088
S 1062 1139 1140
S 3135 3148 3149
S 917 975 976
M 1161 1154 1203
M 643 588 664
S 3434 3564 3565
M 4086 3986 4109
M 4944 4858 4949
M 1315 1254 1324
S 2611 2631 2632
S 2747 2803 2804
M 3916 3836 3917
S 1430 1504 1505
S 4869 4920 4921
S 2096 2228 2229
M 1068 1270 1276
S 4920 5110 5111
S 687 746 747
M 1709 1679 1711
M 3581 3578 3597
S 3294 3301 3302
S 64 69 70
M 2672 2652 2711
S 2394 2523 2524
M 2496 2456 2520
S 2468 2492 2493
M 4656 4635 4703
M 2765 2851 2897
M 2446 2574 2608
S 1122 1135 1136
S 4648 4749 4750
M 4931 4901 4936
S 3525 3654 3655
M 4404 4446 4500
S 4403 4441 4442
M 1737 1738 1829
S 911 951 952
S 3195 3197 3198
M 401 414 415
M 3314 3289 3323
M 584 617 660
S 3722 3779 3780
S 4462 4589 4590
S 934 938 939
M 4612 4628 4751
M 5480 5362 5512
M 4955 5052 5059
M 2723 2664 2734
M 783 820 849
S 3179 3394 3395
S 3610 3647 3648
M 557 577 631
M 3529 3460 3531
M 818 972 1086
M 4205 4175 4210
M 1020 985 1068
S 3200 3248 3249
S 711 737 738
S 1260 1267 1268
S 778 831 832
S 2885 2886 2887
S 4654 4879 4880
S 5065 5126 5127
M 15 41 109
S 5652 5655 5656
M 4324 4429 4435
M 677 668 688
M 4207 4291 4359
S 1941 2059 2060
S 176 213 214
S 341 351 352
M 3027 2973 3068
M 3885 3951 4014
M 1638 1736 1755
M 2309 2385 2405
M 4424 4625 4634
S 142 370 371
M 2483 2237 2557
S 3259 3298 3299
M 3955 3938 3979
S 714 720 721
S 5095 5116 5117
M 3910 3963 4047
S 5473 5528 5529
S 3756 3815 3816
S 4745 4756 4757
M 2882 2846 2955
S 3379 3387 3388
M 2980 2965 2992
M 4535 4415 4585
S 5308 5361 5362
S 2295 2401 2402
M 353 410 464
M 1427 1354 1440
M 2055 2076 2132
S 2319 2323 2324
M 2758 2634 2774
S 334 395 396
M 3713 3753 3783
M 2191 2290 2342
M 3481 3553 3585
S 1191 1310 1311
S 5400 5407 5408
M 4449 4471 4588
S 3147 3336 3337
S 636 818 819
S 5449 5541 5542
M 3220 3270 3309
M 3687 3602 3695
M 1245 1013 1251
M 2438 2415 2502
M 2888 2839 2950
M 2767 2795 2799
M 3091 3234 3237
S 2989 3097 3098
M 3093 3053 3096
M 28 23 187
M 521 490 585
M 2170 2075 2181
M 4049 3920 4078
S 4692 4777 4778
M 140 131 207
S 3160 3276 3277
S 2417 2486 2487
M 2448 2342 2499
M 740 736 750
M 4458 4387 4460
M 983 969 995
M 451 389 495
M 907 832 921
S 5093 5289 5290
S 4566 4572 4573
S 5169 5233 5234
S 5276 5433 5434
S 2929 2941 2942
M 1006 1005 1031
M 1538 1686 1699
M 2131 2155 2182
S 4186 4206 4207
M 2259 2181 2280
M 4957 4911 4987
S 5342 5383 5384
S 5141 5144 5145
M 3849 3859 3869
M 2714 2595 2741
S 310 368 369
S 2773 2900 2901
S 2366 2453 2454
M 3484 3552 3603
M 1056 1132 1159
S 1349 1374 1375
M 2975 3038 3057
M 4549 4479 4673
S 4009 4023 4024
M 5543 5454 5561
M 1071 1114 1161
M 5762 5483 5789
S 3129 3210 3211
S 1918 1934 1935
M 795 739 814
S 2475 2521 2522
S 1014 1018 1019
M 2502 2499 2560
M 5278 5266 5286
M 1988 1946 2005
S 3114 3392 3393
M 834 709 854
M 448 398 482
M 2247 2226 2270
S 2019 2050 2051
M 3391 3446 3454
M 5824 5830 5850
S 509 586 587
S 2160 2179 2180
M 2451 2316 2458
S 2467 2478 2479
S 3499 3501 3502
S 4704 4707 4708
M 1400 1409 1488
M 5547 5493 5557
S 199 222 223
S 3185 3285 3286
S 2827 2915 2916
S 3596 3607 3608
S 3591 3784 3785
M 2822 2869 2889
S 3425 3486 3487
M 2963 2898 3016
S 602 718 719
M 1744 1795 1831
M 1656 1402 1673
M 2285 2246 2313
S 1516 1601 1602
S 2867 2922 2923
M 4751 4672 4810
S 1856 1925 1926
M 5917 5786 5975
M 1008 1022 1044
M 3105 3089 3196
M 3551 3719 3734
M 1064 1052 1094
S 4263 4353 4354
M 4593 4545 4603
M 2064 2159 2168
S 728 781 782
M 2945 3041 3050
M 2174 2171 2262
M 4076 4029 4092
M 3472 3447 3490
M 808 879 908
M 4184 4219 4247
M 4929 4964 4991
M 5540 5478 5548
S 5423 5467 5468
S 4519 4601 4602
M 1657 1693 1694
M 1145 1212 1239
S 1464 1536 1537
M 2056 2105 2113
M 2523 2461 2539
S 4632 4654 4655
M 1368 1340 1411
S 3634 3659 3660
S 3892 3968 3969
M 1403 1494 1506
M 3670 3649 3681
S 2258 2291 2292
M 4617 4700 4755
M 620 710 767
S 556 619 620
S 1639 1661 1662
S 5163 5172 5173
M 4294 4320 4377
M 4515 4571 4591
M 2685 2630 2686
S 2249 2301 2302
M 1827 1910 1912
S 1846 1868 1869
M 1782 1664 1803
M 411 460 492
M 3826 3875 3890
M 4626 4639 4711
S 3928 3972 3973
S 2956 3127 3128
S 1199 1232 1233
S 2430 2669 2670
S 4139 4148 4149
S 2351 2455 2456
S 4383 4427 4428
S 2382 2480 2481
S 3809 4000 4001
M 4885 4895 4900
M 2797 2750 2806
M 2158 2145 2160
S 4234 4248 4249
M 2144 2081 2151
M 3535 3507 3547
S 1753 1875 1876
M 2671 2702 2760
S 1101 1110 1111
M 4744 4687 4782
S 1413 1426 1427
S 219 230 231
S 3419 3452 3453
M 1731 1707 1739
M 2047 2099 2164
S 3884 3895 3896
S 4356 4370 4371
M 3500 3327 3539
S 4849 4863 4864
S 5302 5318 5319
M 3099 3231 3244
S 278 333 334
S 933 1129 1130
S 3278 3292 3293
S 3309 3358 3359
M 1495 1391 1519
S 3262 3290 3291
M 4830 4671 4872
S 4554 4612 4613
M 96 90 139
M 2549 2594 2615
S 825 845 846
M 5103 5111 5140
M 527 558 582
S 5346 5381 5382
M 3531 3527 3545
M 2254 2447 2457
M 429 438 447
M 1912 1897 1962
M 4113 4257 4262
M 1009 1055 1063
M 5839 5892 5951
S 323 424 425
M 5924 5862 5945
M 4969 4994 5009
M 5310 5313 5355
M 43 104 128
M 612 644 655
S 5153 5162 5163
S 3125 3139 3140
M 968 992 999
S 828 901 902
S 1479 1758 1759
M 4408 4505 4524
M 4399 4420 4454
S 2719 2732 2733
M 1821 1828 1841
S 4689 4877 4878
M 4111 4034 4147
M 5989 5987 5992
S 4792 5023 5024
M 5393 5272 5406
S 5364 5374 5375
S 292 293 294
M 3901 3853 3910
M 4217 4277 4287
S 5567 5690 5691
S 2562 2575 2576
S 4701 4792 4793
S 1793 1827 1828
S 4115 4208 4209
S 2783 2879 2880
M 196 149 229
M 5194 5350 5351
M 468 513 529
M 2441 2404 2488
S 5635 5649 5650
S 3378 3504 3505
M 484 488 592
S 197 241 242
S 5145 5269 5270
S 4011 4057 4058
M 1284 1367 1380
S 5681 5702 5703
M 447 272 551
S 3076 3129 3130
S 5143 5156 5157
M 5750 5980 5982
M 4274 4195 4309
S 4170 4329 4330
M 4525 4592 4614
S 3062 3076 3077
S 167 188 189
M 4177 4171 4240
M 4151 4003 4157
M 1984 2027 2058
M 5861 5844 5901
M 1694 1718 1720
S 2297 2379 2380
S 1505 1572 1573
M 1035 1042 1052
M 4816 4809 4822
S 51 89 90
S 1047 1168 1169
S 3448 3473 3474
S 2836 2843 2844
S 1619 1756 1757
M 100 59 131
S 1309 1329 1330
M 1655 1680 1684
M 2796 2880 2894
S 811 847 848
M 5938 5971 5976
M 3994 3801 4008
M 5082 5117 5118
S 259 287 288
M 3371 3401 3467
M 515 578 607
M 1916 1930 1959
S 2232 2251 2252
S 2521 2533 2534
M 2320 2268 2357
S 4807 4868 4869
S 2292 2295 2296
M 4659 4698 4722
M 5448 5405 5450
S 1239 1281 1282
S 1594 1618 1619
S 3 4 5
M 3926 3914 3949
S 920 1223 1224
S 4850 4901 4902
S 5492 5670 5671
S 71 99 100
M 5875 5872 5895
S 3012 3238 3239
S 528 653 654
M 5340 5371 5445
S 650 695 696
S 123 309 310
S 5224 5247 5248
S 2391 2428 2429
M 2476 2398 2598
M 5464 5479 5515
M 291 362 387
M 572 586 626
S 3886 3974 3975
S 2799 2960 2961
M 3700 3842 3852
M 1950 1960 2029
S 5611 5659 5660
M 2294 2227 2349
M 150 125 232
M 4961 4945 4966
M 681 695 734
S 3181 3185 3186
M 2040 2045 2102
S 224 243 244
S 999 1080 1081
M 5078 5021 5166
S 1811 1910 1911
M 880 816 887
M 3944 3982 4002
M 1302 1306 1334
S 2712 2751 2752
S 466 487 488
S 3706 3744 3745
M 1878 1751 1936
M 4218 4280 4284
S 337 693 694
S 1959 2355 2356
S 3283 3462 3463
M 5232 5218 5339
M 3071 3014 3083
M 4443 4421 4467
M 676 706 708
S 5784 5823 5824
S 69 83 84
M 4851 5019 5051
S 4636 4914 4915
M 5797 5717 5812
S 5226 5231 5232
S 5275 5392 5393
S 2537 2654 2655
M 2383 2203 2407
S 132 180 181
M 3471 3444 3503
S 2818 2826 2827
M 1240 965 1263
S 1249 1260 1261
S 3264 3435 3436
S 5620 5638 5639
M 4817 4900 4903
M 3541 3598 3689
M 4482 4528 4579
M 5912 5833 5961
S 180 215 216
S 422 462 463
S 2495 2497 2498
M 3855 3908 3922
M 5402 5443 5472
S 5877 5882 5883
S 3860 3934 3935
M 3170 3428 3450
M 4572 4579 4583
S 3203 3216 3217
S 5283 5341 5342
S 2916 2979 2980
S 4878 5215 5216
S 4555 4699 4700
M 4485 4601 4676
S 112 165 166
S 4489 4509 4510
M 1164 1172 1209
M 2492 2570 2572
S 4605 4842 4843
M 641 627 648
M 2509 2535 2644
S 669 730 731
S 4843 4894 4895
M 4982 4916 5020
M 2368 2335 2408
M 4406 4423 4490
S 4281 4364 4365
M 5776 5742 5811
S 1877 1885 1886
S 322 383 384
S 891 924 925
M 5807 5878 5900
S 5798 5828 5829
S 1981 1994 1995
M 1283 1318 1339
S 4001 4020 4021
M 1228 1269 1304
M 5981 5902 5986
S 3284 3411 3412
S 3067 3102 3103
M 1218 1234 1238
M 5655 5746 5756
S 3662 3691 3692
M 501 594 616
M 2220 2287 2305
M 5718 5618 5733
M 4372 4275 4387
M 737 764 872
S 1485 1491 1492
S 3995 4026 4027
S 1499 1560 1561
S 3736 3753 3754
S 926 1084 1085
S 791 870 871
S 4904 4911 4912
S 1671 1763 1764
S 1330 1366 1367
M 435 442 510
S 192 256 257
S 5396 5484 5485
M 4748 4649 4766
S 5511 5558 5559
S 2452 2511 2512
M 3020 2921 3060
M 4300 4360 4473
M 1148 1176 1194
S 1717 1730 1731
S 2577 2641 2642
S 922 1012 1013
S 4413 4450 4451
M 5387 5273 5429
S 49 59 60
M 2505 2524 2563
M 2653 2641 2665
M 3312 3229 3367
M 5229 5176 5259
S 2378 2500 2501
M 1109 1073 1124
M 5199 5305 5327
S 5358 5394 5395
M 3748 3681 3819
M 3743 3782 3851
S 3003 3157 3158
S 2163 2170 2171
M 4416 4336 4474
M 2596 2655 2689
S 3196 3315 3316
M 4144 4182 4266
S 326 714 715
S 4185 4293 4294
S 1956 2009 2010
S 2304 2326 2327
S 2225 2282 2283
S 5701 5745 5746
M 1911 1925 1971
S 2959 3094 3095
S 190 205 206
S 1159 1308 1309
S 4146 4237 4238
S 63 79 80
M 2183 2196 2281
S 3814 3855 3856
M 1390 1426 1433
M 1696 1692 1712
S 4283 4343 4344
S 5280 5321 5322
S 898 948 949
M 1906 1864 1909
M 5160 5354 5357
M 1838 1876 1879
S 2928 2945 2946
M 2189 2109 2203
S 5780 5793 5794
S 1129 1152 1153
M 81 138 171
M 829 864 889
M 1001 1085 1127
M 2433 2506 2597
M 4031 4203 4241
S 5412 5491 5492
M 313 298 332
S 1441 1468 1469
S 46 48 49
S 5686 5774 5775
S 5177 5295 5296
M 5889 5955 5966
S 3672 3705 3706
S 485 542 543
M 5122 5064 5253
M 5525 5523 5526
M 238 378 390
M 370 551 558
S 4384 4414 4415
S 4247 4250 4251
S 4513 4542 4543
S 3474 3488 3489
S 1575 1614 1615
M 2010 1990 2022
S 3813 3932 3933
M 4246 4212 4259
M 510 331 513
S 2806 2847 2848
M 2897 2651 2898
M 3498 3491 3509
S 305 413 414
M 4867 4907 5011
S 533 537 538
S 3833 3849 3850
S 5477 5494 5495
M 420 282 428
S 2957 3019 3020
M 3595 3798 3843
S 3332 3334 3335
M 1414 1392 1423
S 5144 5168 5169
S 1869 1950 1951
M 3466 3585 3596
S 5612 5618 5619
S 141 358 359
M 822 841 873
M 4914 4852 4997
S 1611 1630 1631
M 2753 2735 2845
S 3668 3716 3717
S 2418 2426 2427
S 499 525 526
S 4767 4870 4871
M 2907 2909 2933
S 4684 4741 4742
M 271 281 330
S 2791 2920 2921
M 1457 1424 1587
S 1826 1848 1849
M 2312 2233 2362
M 4503 4447 4628
S 4870 4874 4875
M 3422 3359 3464
S 136 144 145
S 5687 5688 5689
M 5928 5950 5955
M 3070 3045 3133
M 1632 1678 1681
M 3101 3168 3175
S 11 26 27
M 2592 2610 2694
S 2856 2857 2858
M 3390 3442 3516
S 5813 5848 5849
M 4638 4602 4639
M 2050 2039 2069
M 195 228 246
S 2650 2679 2680
M 5269 5304 5313
S 5569 5570 5571
M 4312 4254 4483
S 5435 5534 5535
S 4623 4640 4641
M 682 635 685
M 126 129 132
S 2057 2176 2177
S 4244 4245 4246
S 346 442 443
M 314 287 409
M 4412 4392 4431
M 3212 3277 3294
M 2604 2538 2630
S 1224 1242 1243
S 3319 3477 3478
M 1584 1620 1633
S 4242 4270 4271
S 5754 5885 5886
M 5207 5185 5217
M 5646 5675 5676
S 1640 1752 1753
S 3410 3426 3427
M 2277 2286 2328
M 2798 2614 2807
S 4645 4678 4679
M 5132 5015 5148
M 4097 4006 4119
M 4610 4662 4730
S 2406 2558 2559
M 4691 4854 4858
M 601 638 680
S 3373 3433 3434
M 5344 5347 5356
S 561 576 577
M 2067 2041 2114
S 3489 3576 3577
M 649 589 663
M 2629 2677 2706
S 4370 4407 4408
M 4724 4811 4812
S 5261 5328 5329
M 5075 4949 5084
S 622 656 657
M 3459 3485 3500
M 894 918 929
M 4598 4620 4726
M 3979 3959 4011
M 3686 3758 3769
M 5406 5419 5424
S 4096 4222 4223
S 5676 5743 5744
S 3033 3074 3075
M 1804 1854 1933
M 1173 1222 1246
M 5684 5699 5700
M 1396 1363 1511
M 3936 3985 4040
S 2915 2935 2936
S 961 1088 1089
S 102 117 118
M 1732 1761 1816
S 3436 3439 3440
M 1572 1595 1596
S 2178 2197 2198
M 3068 3084 3090
S 4746 4760 4761
S 5590 5633 5634
S 1616 1750 1751
M 1547 1536 1579
S 2212 2263 2264
S 5026 5093 5094
S 3932 3985 3986
M 3692 3588 3698
S 4733 4738 4739
M 498 554 573
M 4331 4396 4493
S 1993 2107 2108
S 1934 1972 1973
M 3820 3911 3948
M 1534 1451 1566
S 2551 2645 2646
M 5292 5258 5359
M 4201 4080 4231
S 1190 1594 1595
M 5397 5510 5521
S 3903 3923 3924
M 942 901 978
S 4675 4795 4796
S 5074 5105 5106
M 1966 1922 2020
M 796 749 811
S 3504 3640 3641
S 4500 4521 4522
M 5654 5661 5679
M 2866 3006 3051
S 5514 5538 5539
S 2850 2918 2919
S 5817 5837 5838
S 567 635 636
M 1484 1726 1839
M 4078 4214 4230
S 3413 3475 3476
S 1802 1837 1838
S 1314 1406 1407
S 5792 5915 5916
M 1667 1588 1678
S 3992 4048 4049
M 5291 5251 5365
S 2487 2531 2532
S 883 892 893
S 3066 3122 3123
M 3840 4199 4214
S 5700 5854 5855
M 1819 1714 1842
M 4002 3854 4004
S 3340 3401 3402
M 5363 5325 5371
S 1179 1188 1189
S 3980 3990 3991
S 4752 4764 4765
S 3844 3864 3865
M 759 719 803
S 2812 2818 2819
M 3366 3421 3422
S 454 460 461
M 3732 3775 3872
M 223 239 265
S 1508 1530 1531
S 31 61 62
M 998 1036 1064
M 923 867 962
S 1899 2000 2001
M 565 742 757
M 5587 5582 5627
S 4452 4530 4531
M 4269 4264 4281
S 570 603 604
S 1608 1657 1658
M 3544 3465 3553
M 1244 1221 1254
M 3512 3441 3513
S 2756 2770 2771
M 66 67 104
M 4935 5029 5062
M 1144 1127 1165
S 4326 4345 4346
S 2720 2722 2723
M 5381 5403 5410
S 932 971 972
S 4461 4487 4488
S 1661 1733 1734
S 2810 2854 2855
M 2576 2517 2601
S 5460 5480 5481
M 4785 4831 4883
S 1613 1650 1651
M 2949 2976 2989
S 2470 2474 2475
M 179 428 467
M 4768 4736 4773
S 3457 3471 3472
M 2823 2934 3001
M 1010 1028 1049
M 3301 3386 3430
S 3899 4139 4140
S 2348 2353 2354
S 1039 1125 1126
M 2127 2128 2129
S 1971 2036 2037
S 1978 1996 1997
S 4685 4701 4702
S 1461 1464 1465
S 225 227 228
S 3749 3808 3809
M 3882 3800 3887
S 16 54 55
S 1763 1854 1855
S 2605 2713 2714
M 5602 5664 5681
M 5919 5881 5940
S 2632 2647 2648
M 3717 3620 3718
M 2591 2563 2613
M 3080 3134 3223
S 4975 4983 4984
M 88 232 258
M 2597 2642 2643
M 3462 3431 3485
M 4193 4249 4316
M 5277 5186 5324
S 2206 2253 2254
M 1384 1374 1476
S 4226 4277 4278
M 1422 1440 1454
M 5323 5331 5378
M 3612 3829 3873
S 4118 4141 4142
M 1246 1233 1314
M 1847 1784 1873
S 3122 3135 3136
S 469 644 645
M 300 283 346
S 1364 1383 1384
S 1519 1526 1527
S 5849 5892 5893
M 4573 4577 4587
S 1259 1293 1294
M 3522 3437 3528
S 1034 1112 1113
S 1054 1071 1072
S 1385 1396 1397
S 3136 3150 3151
S 1834 1857 1858
M 222 212 224
M 5999 5994 6001
S 1563 1685 1686
S 2148 2188 2189
M 5247 5274 5283
M 5457 5468 5469
S 1730 1850 1851
S 4150 4190 4191
M 4160 4174 4180
M 4286 4299 4318
M 3454 3443 3498
S 5071 5088 5089
S 2004 2040 2041
S 5201 5224 5225
M 4793 4786 4841
S 4442 4468 4469
S 2519 2525 2526
M 5545 5536 5560
S 3503 3560 3561
S 3757 3767 3768
S 871 932 933
M 845 921 977
M 4611 4517 4645
M 434 352 455
S 774 788 789
S 2030 2123 2124
S 629 658 659
M 2408 2349 2422
S 1081 1133 1134
S 404 496 497
S 3176 3230 3231
M 3455 3496 3508
S 1965 2100 2101
M 3077 3065 3165
M 2631 2784 2809
M 1223 1195 1227
S 5465 5502 5503
S 1852 1890 1891
M 2311 2236 2375
M 5223 5286 5398
S 3368 3510 3511
M 2718 2542 2724
M 2267 2270 2299
M 4977 4976 5002
S 4826 4837 4838
M 3256 3336 3351
M 4487 4514 4534
M 479 476 483
M 295 284 316
S 4376 4443 4444
S 4798 4820 4821
S 7 10 11
M 3082 3119 3137
M 5806 5831 5841
M 2341 2302 2348
M 3358 3427 3429
M 1952 1882 1955
S 4848 4929 4930
S 3132 3183 3184
S 2029 2082 2083
S 3348 3404 3405
M 2431 2345 2614
M 5707 5760 5804
S 4463 4610 4611
M 1777 1790 1804
M 3999 3965 4043
M 3248 3074 3278
M 1377 1291 1474
S 5462 5504 5505
S 4594 4608 4609
M 1219 1213 1447
S 1360 1392 1393
S 1381 1524 1525
M 2198 2180 2230
S 2648 2748 2749
S 2770 2929 2930
S 220 426 427
S 2516 2529 2530
S 5811 5815 5816
S 2640 2785 2786
S 5441 5482 5483
S 3285 3307 3308
S 394 502 503
M 5688 5584 5692
S 5690 5749 5750
M 2097 2026 2154
M 1617 1614 1629
S 384 422 423
S 3353 3362 3363
M 4117 4083 4150
M 5050 5044 5098
M 4587 4604 4633
S 5091 5128 5129
M 153 94 179
S 2890 2924 2925
M 3953 3978 4003
M 847 802 915
M 4739 4742 4780
M 1317 1423 1490
M 1549 1564 1683
M 1992 1964 2013
M 1389 1474 1498
M 3347 3235 3400
M 35 74 75
M 5521 5527 5540
S 2780 2823 2824
M 5140 5293 5307
M 2486 2424 2491
S 4058 4090 4091
M 5159 5202 5263
M 5338 5182 5367
M 4965 4959 4971
M 1949 2073 2077
S 2754 2777 2778
M 2238 2215 2266
M 2737 2568 2747
M 2704 2743 2750
M 1177 1188 1249
M 618 634 675
S 1337 1346 1347
S 3667 3674 3675
S 4509 4538 4539
S 2544 2677 2678
M 5597 5556 5603
S 2346 2449 2450
S 333 429 430
S 4960 4967 4968
S 721 795 796
S 655 669 670
S 20 91 92
S 3380 3460 3461
M 4694 4803 4817
S 3635 3693 3694
S 4342 4392 4393
S 1059 1317 1318
S 2666 2674 2675
M 3983 3913 3989
M 3691 3742 3750
S 1995 2002 2003
S 3121 3131 3132
S 3291 3330 3331
S 1550 1568 1569
S 5127 5245 5246
S 1560 1627 1628
S 2835 2839 2840
S 5828 5867 5868
S 294 302 303
M 4159 4036 4182
M 4615 4564 4653
S 3970 4030 4031
M 3909 3941 3960
M 60 68 116
S 3143 3313 3314
S 2255 2409 2410
M 5538 5533 5555
M 2644 2654 2721
M 1231 1320 1373
S 487 489 490
M 2095 1942 2119
M 1104 1115 1138
S 2358 2535 2536
M 3479 3659 3822
M 5333 5193 5352
S 966 982 983
M 5439 5365 5444
S 248 277 278
M 1453 1471 1562
M 1954 1896 1993
S 3321 3443 3444
S 4847 4859 4860
S 1380 1773 1774
S 5167 5303 5304
M 1066 1061 1098
M 5993 5990 5996
S 1151 1244 1245
M 4650 4622 4677
M 2740 2769 2937
S 654 699 700
S 2646 2656 2657
M 5494 5458 5516
S 5451 5462 5463
M 2557 2553 2579
S 1204 1271 1272
S 2271 2287 2288
S 168 203 204
M 505 503 514
M 2930 2962 2990
S 1649 1775 1776
S 9 12 13
M 5069 5191 5219
S 5845 5869 5870
S 4332 4350 4351
M 4705 4753 4781
M 2503 2511 2587
S 1720 1740 1741
M 4627 4491 4712
M 3987 3737 4082
M 3486 3483 3519
S 1771 1799 1800
S 3848 3878 3879
M 240 182 272
S 3092 3106 3107
S 4310 4362 4363
S 424 560 561
M 3607 3520 3622
S 2526 2580 2581
S 3141 3206 3207
S 4061 4097 4098
S 4939 4957 4958
S 1746 1795 1796
S 1447 1500 1501
M 5246 5234 5251
S 124 140 141
S 4237 4252 4253
S 5048 5107 5108
M 1425 1476 1486
S 5020 5054 5055
M 1096 1040 1097
M 2960 3180 3258
M 4983 4886 4990
S 615 622 623
S 1652 1688 1689
M 5386 5576 5630
M 5560 5475 5614
S 5409 5442 5443
M 4099 4090 4126
M 178 147 183
M 5417 5254 5479
M 3482 3506 3537
M 70 55 87
S 686 973 974
M 4476 4506 4561
M 2031 2049 2104
M 1102 1130 1228
S 1561 1788 1789
S 3526 3612 3613
M 4840 4906 4956
S 3574 3636 3637
M 775 642 794
S 421 484 485
M 1590 1515 1600
M 4541 4380 4552
M 4460 4469 4470
S 4481 4705 4706
S 595 697 698
S 5632 5697 5698
M 2778 2896 2958
M 5649 5641 5658
M 5022 5042 5043
M 5882 5997 6002
S 3530 3540 3541
S 559 568 569
S 1241 1252 1253
M 2985 3016 3067
S 1569 1625 1626
S 5771 5780 5781
M 2175 2022 2187
S 3734 3781 3782
S 3675 3732 3733
M 1919 1875 1949
S 2028 2089 2090
S 3683 3684 3685
M 1278 1268 1283
M 4653 4667 4684
S 1850 1927 1928
M 5747 5729 5753
M 4475 4558 4575
S 5034 5060 5061
S 2739 2742 2743
M 5509 5484 5519
S 2443 2446 2447
S 1044 1172 1173
S 5501 5611 5612
M 4956 5013 5014
S 2164 2216 2217
S 1931 1940 1941
M 400 380 412
S 3397 3414 3415
S 2531 2545 2546
S 1063 1236 1237
M 5963 5956 5964
M 1739 1687 1772
M 5060 4915 5099
M 2465 2746 2753
S 1257 1378 1379
M 3096 3192 3287
M 2136 2138 2155
S 5489 5553 5554
M 2766 2789 2805
S 5783 5888 5889
S 1674 1692 1693
S 5219 5291 5292
M 4780 4699 4791
S 3112 3179 3180
M 2068 2020 2087
M 4580 4557 4642
M 3502 3693 3738
M 5242 5348 5370
M 3774 3689 3827
S 36 40 41
S 596 642 643
M 564 599 647
S 4629 4648 4649
M 393 286 411
S 5270 5300 5301
M 364 441 491
S 5812 5865 5866
S 4126 4153 4154
S 4608 4615 4616
M 3977 4459 4520
S 3473 3517 3518
M 2013 2061 2088
S 4439 4458 4459
S 3011 3017 3018
M 1407 1415 1441
M 2110 2104 2133
M 1706 1764 1880
S 3280 3282 3283
M 324 330 342
S 3532 3672 3673
M 1567 1629 1652
M 705 579 711
S 1043 1198 1199
M 371 392 410
S 3918 3936 3937
M 3449 3652 3676
M 5854 5914 5928
M 553 497 662
S 5426 5522 5523
M 980 977 1059
M 4794 4703 4834
S 2185 2271 2272
M 137 54 160
S 1544 1550 1551
M 4041 4108 4152
S 672 673 674
S 3307 3376 3377
M 77 79 96
S 72 137 138
M 84 514 557
M 507 406 532
M 2375 2266 2378
M 1606 1675 1761
M 4576 4682 4794
S 4723 4744 4745
S 2771 2801 2802
S 3948 3966 3967
S 994 1065 1066
S 4693 4746 4747
M 2114 2146 2150
M 2230 2231 2277
S 4497 4507 4508
S 4512 4513 4514
S 2774 2892 2893
S 678 762 763
S 1216 1218 1219
S 188 194 195
S 1871 1914 1915
M 1672 1531 1690
M 5088 5035 5102
M 5408 5453 5473
M 4142 4072 4193
M 3275 3215 3305
S 312 363 364
S 1820 1877 1878
M 799 698 800
M 1004 1143 1144
S 3637 3664 3665
S 3424 3448 3449
S 1118 1122 1123
S 5179 5189 5190
M 1668 1825 1826
S 4059 4121 4122
S 5887 5932 5933
S 1503 1522 1523
M 145 175 184
M 4123 4285 4290
M 2974 2925 2981
M 5094 5061 5174
M 229 184 233
S 732 764 765
M 5880 5816 5887
M 1541 1397 1622
S 3501 3532 3533
S 2764 2881 2882
M 3008 2941 3012
S 1023 1092 1093
M 3269 3166 3343
M 4825 4845 4855
M 5782 5785 5797
S 1833 1834 1835
M 4775 4797 4827
S 2373 2390 2391
M 2092 2065 2094
M 2182 2140 2195
S 1535 1546 1547
M 1768 1724 1786
M 4382 4239 4383
M 4202 4236 4244
M 3864 3851 3866
M 3960 3989 4041
M 350 347 381
M 1051 1094 1117
M 959 905 1028
M 1767 1742 1792
M 5110 5243 5266
S 5067 5177 5178
M 2606 2586 2652
M 798 689 844
M 1844 1813 1859
S 3298 3321 3322
S 2580 2755 2756
S 3868 3983 3984
M 824 963 964
M 4067 3902 4077
M 574 518 600
M 4169 4120 4183
S 3478 3520 3521
M 5996 5995 5998
S 2670 2682 2683
M 5366 5368 5372
S 2861 3038 3039
M 4157 4088 4215
M 1635 1651 1687
M 4773 4735 4816
S 2402 2417 2418
M 2785 2815 2877
M 575 591 713
M 5083 5135 5159
S 697 1041 1042
S 3594 3645 3646
M 5322 5315 5333
M 5714 5722 5759
M 4863 4835 4867
M 1449 1466 1548
S 2169 2192 2193
M 4770 4829 4840
M 5967 5958 5971
S 4407 4491 4492
S 1197 1210 1211
S 979 1014 1015
M 2280 2275 2318
S 1841 1921 1922
M 5324 5328 5347
S 4754 4830 4831
S 5147 5238 5239
S 4963 5000 5001
S 3511 3523 3524
M 5290 5359 5448
M 1108 1180 1183
S 4339 4401 4402
S 844 890 891
S 3339 3390 3391
M 3866 3894 3952
S 2727 2764 2765
S 3879 3930 3931
S 111 146 147
S 856 1053 1054
M 2101 2044 2138
S 724 896 897
M 1065 1111 1121
S 1395 1462 1463
M 4609 4721 4809
S 1648 1668 1669
M 1242 1236 1280
S 299 355 356
S 2126 2226 2227
S 3221 3325 3326
S 3582 3601 3602
M 666 647 701
M 4000 4007 4093
S 5383 5387 5388
S 5516 5622 5623
M 4467 4464 4482
S 115 172 173
S 656 739 740
M 3934 3777 3996
S 4813 4835 4836
M 722 893 1020
M 768 806 820
M 367 379 380
M 2589 2554 2596
M 5942 5965 5973
S 5764 5831 5832
M 3118 3169 3213
S 3476 3571 3572
S 2876 2943 2944
S 1201 1247 1248
M 3355 3411 3437
M 5885 5865 5980
S 1507 1623 1624
M 2996 3049 3189
M 3841 3870 3939
S 4211 4260 4261
M 3154 3178 3320
S 1920 1967 1968
S 2515 2517 2518
M 4035 3972 4037
S 230 261 262
S 4079 4134 4135
M 3146 3142 3212
M 2826 2891 2895
M 1703 1598 1716
S 3996 4038 4039
S 1973 1978 1979
S 4373 4422 4423
S 396 540 541
M 3952 4070 4081
M 1889 1974 1989
S 3824 3830 3831
S 2865 2939 2940
S 606 649 650
M 3394 3399 3421
S 2684 2820 2821
M 1913 1853 1948
M 1689 1356 1722
S 1729 1748 1749
M 899 862 923
M 5544 5579 5594
M 752 632 784
S 2192 2210 2211
M 4102 4084 4104
M 2437 2392 2439
M 607 296 614
S 3405 3441 3442
M 3111 3052 3124
M 5336 5352 5461
S 3157 3204 3205
S 614 706 707
S 1735 1784 1785
M 1803 1785 1833
M 2317 2359 2383
S 4894 4943 4944
S 93 154 155
S 3533 3542 3543
M 4136 4127 4159
S 3025 3081 3082
S 1027 1035 1036
S 2952 3014 3015
S 4801 4887 4888
M 814 675 884
M 1029 1026 1032
M 890 859 961
S 3007 3043 3044
S 4091 4124 4125
S 5360 5390 5391
S 5522 5620 5621
M 4040 3957 4108
M 5897 5898 5902
M 1989 2048 2076
S 1267 1648 1649
S 4030 4127 4128
M 3697 3639 3709
M 5205 5248 5271
M 254 244 260
M 2825 2849 2856
S 1428 1449 1450
M 3369 3303 3379
S 2716 2730 2731
S 5418 5457 5458
S 851 857 858
M 952 1041 1067
M 3218 3211 3259
S 4258 4305 4306
M 696 670 725
M 1351 1341 1352
S 5823 5846 5847
S 375 385 386
M 3292 3320 3384
M 3724 3771 3810
M 581 583 589
M 5755 5744 5766
S 4233 4282 4283
S 5174 5241 5242
S 4353 4380 4381
S 3883 3907 3908
S 5121 5136 5137
M 1289 1243 1323
M 2843 2679 2846
M 1723 1778 1818
S 1211 1325 1326
S 1112 1154 1155
M 1695 1752 1778
S 1583 1612 1613
S 5326 5353 5354
S 2689 2737 2738
M 582 402 599
S 5572 5587 5588
S 165 211 212
S 2282 2289 2290
M 3393 3349 3403
M 1487 1498 1515
M 3281 3316 3365
S 3969 4100 4101
M 5647 5616 5648
S 4708 4709 4710
M 4740 4759 4785
S 3433 3514 3515
S 2763 2790 2791
M 491 496 509
M 183 245 308
M 4996 4763 5025
S 5356 5401 5402
M 1749 1810 1812
M 1627 1586 1723
S 815 837 838
M 5908 5935 5950
M 4968 5007 5034
S 1684 1703 1704
M 2380 2416 2467
M 5735 5662 5771
M 4749 4726 4829
M 227 174 290
M 3051 3056 3093
S 2125 2141 2142
M 4354 4377 4386
M 3958 3846 4013
M 4818 4715 4828
S 5922 5930 5931
M 805 585 828
M 1895 1905 1913
M 2412 2403 2421
S 1486 1508 1509
S 3236 3266 3267
S 5799 5835 5836
M 1480 1543 1554
S 3906 3911 3912
S 5835 5859 5860
M 2337 2386 2448
S 3657 3702 3703
S 5809 5908 5909
M 1630 1578 1641
M 2824 2872 2908
M 339 269 357
M 4590 4647 4663
S 5741 5754 5755
M 5610 5630 5694
S 3633 3823 3824
M 1167 1155 1178
S 4937 4950 4951
S 3549 3591 3592
M 415 387 434
M 2477 2588 2590
M 5779 5848 5863
M 944 1045 1073
M 5606 5551 5613
S 204 283 284
M 495 504 508
M 2035 2091 2093
S 3712 4166 4167
S 5598 5728 5729
M 4631 4713 4748
M 1887 2001 2004
M 6003 5998 6004
S 3165 3187 3188
M 4905 4981 5018
S 2961 2997 2998
M 5297 5267 5336
S 116 161 162
M 1452 1609 1640
M 5427 5470 5493
S 538 571 572
S 262 324 325
M 3695 3677 3736
M 3666 3715 3737
M 1999 1996 2014
M 975 1049 1087
S 2334 2397 2398
M 4474 4488 4495
M 268 290 297
S 1162 1225 1226
M 3308 3323 3353
S 4402 4626 4627
S 2636 2650 2651
S 5838 5880 5881
M 981 971 990
S 5195 5198 5199
S 1305 1458 1459
M 4750 4729 4752
S 738 748 749
M 5009 5046 5050
M 5471 5515 5545
S 3546 3605 3606
M 3188 3186 3214
S 2301 2316 2317
S 4552 4635 4636
M 690 881 898
S 1334 1337 1338
M 3896 3857 3953
M 5796 5795 5827
M 1448 1459 1466
S 5728 5740 5741
S 3890 4068 4069
M 568 536 605
M 4556 4527 4599
S 3828 3832 3833
S 5249 5284 5285
M 4209 4220 4326
S 5452 5476 5477
M 2981 3022 3049
S 1248 1269 1270
M 508 550 554
S 4616 4617 4618
S 170 279 280
M 2584 2639 2653
S 1088 1141 1142
S 5500 5572 5573
M 547 555 563
S 2569 2570 2571
M 1286 1321 1370
S 914 993 994
M 5975 5856 5990
M 474 549 555
S 1944 1953 1954
S 4642 4646 4647
S 2143 2165 2166
M 1557 1393 1574
S 1982 2038 2039
S 5608 5625 5626
S 1353 1355 1356
S 1699 1705 1706
S 3088 3177 3178
S 193 252 253
M 1719 1755 1760
S 5335 5396 5397
S 3618 3626 3627
M 5161 5114 5167
S 4302 4321 4322
M 1116 1099 1137
M 2037 2107 2196
S 548 601 602
S 360 404 405
S 2794 2849 2850
M 2188 2256 2265
S 1539 1592 1593
S 4731 4753 4754
M 1837 1774 1887
S 3266 3347 3348
M 2536 2389 2681
S 27 34 35
S 5300 5310 5311
S 1357 1371 1372
M 4741 4778 4779
S 3019 3034 3035
S 226 311 312
S 5588 5645 5646
S 2210 2311 2312
M 5891 5906 5947
M 2053 2113 2201
M 1401 1350 1410
S 691 760 761
S 3898 4102 4103
M 2089 2137 2186
S 797 801 802
S 1277 1344 1345
M 685 731 783
S 5802 5813 5814
S 5327 5506 5507
M 3464 3480 3534
S 5420 5426 5427
S 4192 4291 4292
S 3324 3341 3342
M 610 725 766
M 2951 2923 3013
M 4359 4470 4506
M 2658 2661 2696
M 2207 2034 2221
S 874 934 935
M 5023 5171 5181
M 2668 2534 2695
M 4288 4295 4373
S 3407 3481 3482
M 4374 4401 4462
S 3665 3748 3749
M 1300 1163 1359
M 5301 5260 5302
S 3201 3263 3264
M 5134 5236 5258
S 4371 4484 4485
M 1589 1553 1607
S 4824 4832 4833
M 5665 5748 5787
M 5524 5398 5628
M 2709 2730 2780
M 2567 2370 2600
M 531 662 722
S 5097 5133 5134
M 2011 2033 2103
S 3508 3557 3558
M 4272 4077 4382
S 1017 1074 1075
M 3276 3392 3397
M 4581 4448 4683
S 5370 5420 5421
M 5146 5378 5400
M 5126 5115 5147
S 953 1037 1038
S 4243 4403 4404
S 3752 3795 3796
M 1599 1633 1642
S 2696 2703 2704
S 3617 3714 3715
M 4779 4782 4813
M 1902 1884 1938
M 2330 2263 2385
S 5814 5926 5927
S 3435 3620 3621
M 4173 4158 4243
M 3561 3577 3600
S 4522 4576 4577
M 5003 5096 5179
M 1280 1142 1286
M 2466 2453 2551
S 2978 2987 2988
S 534 574 575
M 3249 3223 3260
M 5017 5059 5063
M 4451 4418 4494
M 5390 5376 5466
M 2179 2106 2260
S 3628 3634 3635
M 3058 3100 3110
M 5244 5233 5256
S 563 617 618
M 4637 4670 4727
S 5554 5562 5563
M 1700 1650 1721
S 658 768 769
M 4534 4673 4680
S 5552 5577 5578
M 2970 3029 3033
S 2313 2423 2424
S 3871 4064 4065
M 5943 5893 5968
S 5294 5376 5377
M 48 56 78
S 4890 5016 5017
S 2624 2700 2701
M 3356 3106 3366
M 3376 3492 3512
S 4766 4945 4946
M 2726 2729 2739
M 2701 2779 2789
M 3804 3781 3870
S 3120 3146 3147
S 1858 1898 1899
S 2858 2902 2903
M 1329 1121 1376
S 4431 4463 4464
S 4022 4045 4046
S 909 910 911
S 5539 5598 5599
S 5351 5435 5436
M 1343 1332 1348
S 4318 4394 4395
S 5053 5071 5072
S 4781 4799 4800
S 2539 2543 2544
M 486 308 559
S 1866 1943 1944
S 2840 2862 2863
M 5900 5772 5957
S 1816 1819 1820
M 2793 2800 2878
M 2552 2494 2616
M 4135 4165 4211
S 2024 2070 2071
S 3735 3790 3791
S 3116 3193 3194
S 4630 4637 4638
M 3172 3148 3192
M 1711 1436 1727
M 1571 1527 1605
S 2278 2508 2509
S 3650 3813 3814
S 4043 4170 4171
S 264 291 292
M 4624 4526 4729
S 10 28 29
M 166 206 210
M 456 461 501
S 5498 5605 5606
S 4716 4758 4759
M 1024 780 1043
S 3047 3181 3182
S 3103 3113 3114
S 4987 5080 5081
M 4325 4450 4461
M 1272 1205 1292
M 1983 1998 2008
S 2427 2442 2443
S 2080 2136 2137
S 3822 3956 3957
S 1801 2105 2106
M 4051 4112 4181
M 143 152 159
S 2356 2399 2400
S 2082 2109 2110
S 4910 4952 4953
M 2706 2837 2873
M 1463 1565 1581
S 2354 2376 2377
S 1394 1516 1517
S 4216 4226 4227
M 5637 5609 5665
M 2401 2353 2432
M 3837 3708 3857
M 5625 5504 5695
M 2564 2530 2595
S 4358 4580 4581
S 65 110 111
M 1323 1336 1343
M 4016 4008 4022
S 3194 3219 3220
S 2002 2018 2019
M 1483 1522 1535
S 2905 3022 3023
S 2628 2884 2885
M 3867 3718 3874
M 133 208 240
S 5871 5910 5911
S 5864 5917 5918
M 2299 2269 2359
S 1548 1577 1578
M 1822 1775 1840
M 3445 3470 3624
S 2338 2392 2393
M 409 444 459
M 4836 4819 4846
M 540 516 556
M 3751 3701 3811
S 3622 3649 3650
S 1128 1184 1185
M 1322 1419 1430
M 3873 3831 3894
S 5778 5825 5826
M 3625 3621 3651
S 4762 4789 4790
S 4492 4825 4826
S 4918 4934 4935
M 884 765 894
S 1215 1216 1217
M 2347 2360 2406
M 344 368 382
M 3696 3704 3729
M 3765 3656 3777
S 2512 2549 2550
M 1477 1473 1499
M 5787 5836 5853
S 1475 1481 1482
M 1621 1670 1677
M 793 823 827
S 3641 3682 3683
M 413 385 446
M 661 665 679
M 2419 2381 2482
S 1262 1341 1342
S 2613 2626 2627
M 4172 4052 4184
S 5285 5305 5306
M 3583 3571 3593
S 1972 2034 2035
M 2708 2682 2761
S 5038 5066 5067
M 2469 2439 2490
S 1780 1793 1794
M 5593 5513 5652
S 919 980 981
M 5349 5395 5423
M 2680 2699 2729
M 1712 1773 1832
M 4152 4082 4162
S 58 67 68
S 4597 4667 4668
M 6004 6001 6005
M 3761 3876 3893
S 846 1000 1001
M 639 566 646
S 3597 3638 3639
S 2009 2056 2057
S 4795 4847 4848
M 4015 4018 4113
S 3632 3764 3765
S 1865 1905 1906
S 3430 3569 3570
M 4140 4190 4192
S 3117 3161 3162
M 1948 1921 1952
M 3921 4042 4070
M 3258 3381 3556
M 2151 2054 2178
S 3931 3943 3944
S 445 471 472
M 134 164 264
S 3124 3166 3167
S 544 580 581
S 279 300 301
M 3432 3556 3562
S 3261 3303 3304
S 2657 2783 2784
S 1683 1742 1743
M 3699 3819 3834
S 5119 5368 5369
S 6 8 9
S 5488 5737 5738
M 437 462 470
S 1298 1335 1336
M 2802 2906 2911
M 3177 3370 3396
S 1957 1964 1965
M 4884 4962 5010
S 974 1025 1026
M 653 735 799
M 5237 5221 5345
S 2051 2111 2112
M 5487 5450 5510
M 4857 4909 4954
S 2172 2174 2175
S 109 527 528
S 430 535 536
S 5149 5279 5280
M 1160 1105 1192
M 5888 5926 5943
M 274 148 289
M 4546 4562 4578
S 5170 5175 5176
S 1713 1735 1736
M 4025 4104 4123
S 303 326 327
M 3968 3942 3987
S 3730 3755 3756
S 4755 4818 4819
M 4861 4992 4996
M 2741 2700 2773
M 39 33 56
M 753 718 756
M 2879 2948 2963
M 1604 1500 1632
S 3238 3338 3339
M 1806 1758 1817
S 5660 5663 5664
M 5716 5732 5758
M 5190 5415 5454
M 4385 4393 4399
M 1524 1601 1609
S 1607 1635 1636
S 4276 4335 4336
S 5526 5543 5544
M 5991 6000 6003
S 1677 1765 1766
M 2673 2573 2705
S 1955 2053 2054
S 34 65 66
S 4585 4664 4665
S 3024 3063 3064
M 4567 4548 4596
S 827 855 856
M 748 717 755
S 5517 5524 5525
M 3769 3654 3804
S 4666 4731 4732
S 5585 5708 5709
S 4984 5090 5091
S 3021 3061 3062
M 2875 2859 2912
S 4551 4597 4598
M 3344 3592 3661
S 1840 1888 1889
M 4990 4941 5019
M 3509 3450 3552
S 1653 1808 1809
M 4614 4930 4942
S 5790 5819 5820
M 5901 5899 5949
M 5589 5586 5675
S 2621 2672 2673
S 1658 1744 1745
S 3251 3261 3262
M 973 986 1011
M 3904 3850 3942
S 593 608 609
M 4292 4265 4332
S 1580 1584 1585
M 4934 4958 4978
S 3497 3588 3589
S 3770 3805 3806
M 3807 3835 3861
M 4092 4241 4265
S 949 1016 1017
S 3334 3345 3346
M 101 151 175
S 1759 1780 1781
M 5142 5184 5200
M 5678 5639 5687
M 4250 4196 4312
S 906 987 988
S 4784 4801 4802
516 34288791
5867 3105
5085 4038286
2277 6913483
4677 1153249
5410 1879383
912 5205607
2684 1482326
225 73708
2100 45021
3318 1001364
4830 72692
3745 303600
298 189274
3168 514172
4059 4943328
379 1536126
970 397230
3717 89730
1480 110290
2651 2015788
3647 2531651
4816 41354001
2756 771712
3409 4266150
5909 2510304
3476 3519927
1940 1832269
4464 9939973
374 20084380
1961 2761421
2874 24647120
1913 21558537
2819 354207
5263 5644664
287 6087454
3410 12189413
1625 132792
5768 6201
2914 4407709
3953 7194684
5935 106787
952 3884253
2295 60351
498 12525912
670 82944
3418 16993905
5025 1438738
1272 1711875
301 7344
4875 17454
3612 125677
5415 1079160
664 12230875
4394 4637238
2178 20314897
1580 9847520
3794 4679945
1852 427247
2959 57664026
319 3094695
3878 806194
5791 277112
3935 983752
3358 753895
3932 3568450
1685 139486
2527 881935
3032 5432821
743 226574
3325 107030
495 165469
4999 237312
1167 3005891
3140 5600619
2455 1896353
796 235014
4985 4605
766 1300454
2483 4076
2723 1603125
4006 9416092
309 268478
3103 8679695
4973 522305
5436 5276960
1319 548877
3109 6604939
2523 755298
5545 508226
5438 1581286
3476 7113634
5577 1131601
3500 9140552
4887 4365805
774 15479230
114 35922
2263 8305624
1454 9562166
3165 3613409
4747 1255553
3674 2521952
2845 45861942
246 147013
5951 2493579
44 18885595
5676 944650
4076 994901
5992 20833577
3939 10052319
1186 334905
3721 199240
5436 341253
1984 2265197
4859 45455
2605 126921
4140 406837
5993 61066916
1678 1939430
765 7863
2188 7131
2126 339732
1529 1181104
4736 25216595
381 72265138
3923 160451
1577 10704992
1868 1300100
4377 16127
2927 7540663
2393 9855924
3633 4080116
1193 3620284
4784 18730032
502 120277
2341 7134370
5079 2327686
2652 5075626
1239 1990408
3171 54829
602 2586
2781 15358399
2005 32038744
1533 1268
4710 117629
339 1563473
694 2956
4542 1880017
3654 1284508
5259 492896
346 222396
3109 8618102
2941 174163
2221 8695567
1000 1328490
5605 4514870
1568 258066
5397 205385
2667 149888
1346 466026
3886 11287967
2228 6988025
2376 1355242
6006 321774202
4000 207522
5432 3979574
785 54047
778 266550
5147 6887564
542 712841
109 5486134
3533 1504910
1708 1067779
5760 652928
2215 2278465
3109 11792954
3904 268190
394 428869
3138 4825754
5936 429890
3147 5734
2649 12648325
2990 11775937
615 1946938
383 121355
976 52068
2141 239701
150 23108190
187 18468082
4795 27259
91 2008026
3392 2397346
2239 209338
5361 1444
2097 25509556
2569 3109444
3766 1608182
4206 717851
2528 1590328
5310 109972
35 7369853
1353 3978071
242 1371793
4825 254
5773 2663115
3281 7811461
259 5482497
1819 13083030
3688 4858701
3189 6854306
4791 10430824
5923 193001
2920 310276
4336 77383
1815 1688189
1361 462496
2626 120646
4005 603304
2827 99429
4269 18681654
5300 13290
5065 1113601
1549 13336668
3538 1178530
2101 116348
4134 2249028
1894 21830890
3102 8971537
858 10169
859 3806683
1736 884012
3387 1497880
2147 115890
40 4015951
2143 1792003
5549 699
3994 4741673
1714 160662
2257 965193
5636 1715092
2830 18762589
786 270296
3681 10618093
5121 427
3289 384109
5591 497993
5672 9970
4254 2372242
2762 532765
3661 2715616
2115 321725
4475 13850
278 201269
299 38801
1684 3939578
1493 203276
2793 2127735
4382 5930686
2868 7181033
5778 50691
1717 232587
4139 305874
5237 598011
5951 12865320
5991 12065854
125 3032288
1310 122321
5447 36180
4487 5145295
2711 4477713
1735 582286
5199 3975
1280 3919563
1023 1280882
2724 27414574
254 1218632
4773 20509378
454 7307619
2821 4999421
1478 19023509
3018 81126
144 537179
4704 1127308
5257 1010929
3800 9880556
3416 30049
1937 7715129
1363 646734
5734 18736652
4510 8796304
1739 1088178
1905 21436835
4772 1839533
2845 32987308
5271 248740
835 5522886
809 416080
5836 123355
4995 2079375
3086 3338197
823 90998
4053 314221
2094 2168352
1066 1597117
437 328652
1822 778436
1871 27057404
70 1077613
1822 827755
5255 1415344
1335 1111400
1177 2767621
3757 288078
4802 2237452
596 1317469
5277 4396607
2494 11799213
3939 15387226
2249 2647024
11 41123641
4545 5817060
404 1430988
2196 756816
5137 178
4551 485692
1972 1213100
5559 881786
1872 5005953
1958 424424
5429 935
5050 10012664
929 57695120
1051 51449
5052 36411
5346 67945
4092 1992033
1794 290138
4955 4810848
3347 369180
5790 443310
2376 3745977
4096 5725350
568 42484266
1660 206247
848 449362
3398 885996
2143 4485026
4938 39762
2178 10183045
548 1340
3242 232974
3946 2890886
4558 211978
2693 1248132
573 6858066
217 10603
108 604681
4806 1951580
4183 16282296
1755 1763171
2787 358691
1220 5491315
1156 2153
4538 1833864
5432 1469408
4826 227
3087 216097
5555 907540
3279 12323483
902 2335918
2919 435254
333 106750
1611 2556569
1212 1307866
4774 38612795
1243 1182221
3558 6698665
1170 27711
1952 1502543
3936 68987
3270 265195
3510 2523238
3423 26697
5517 5444478
4787 917951
4591 852347
5673 508203
398 1802031
2284 3371959
5723 14947555
3862 1931994
409 25889800
3874 3967052
4783 5673461
3063 67854
5471 1860
2840 396494
2563 1809313
5223 877206
3923 410385
4581 10594165
4760 1892960
3338 98044
3508 17752699
4798 98290
1975 18382520
273 6357148
2318 8310017
3909 53074
2739 10419288
397 1912305
407 711197
1576 148974
5484 605503
1076 2494865
902 733641
2963 2000722
320 3935620
3463 2096498
1557 3815620
892 125992
1130 2741666
5201 97434
335 2481667
4816 25099869
2172 50099
4650 7402459
2109 1127373
681 86082
2478 321593
4574 1780004
734 2553170
3547 12111160
893 217819
531 9298073
706 6282964
2194 366033
5648 1489973
2180 403610
5276 16069159
1660 19646
3218 4879291
673 6192824
2435 12088195
3460 990552
2808 32606316
490 1096804
2861 2224975
5077 15961876
15 9121881
34 6850728
1487 245128
2169 684144
1545 1217440
2504 1107
1712 2734302
1404 1013843
1541 7305025
1830 6565906
6006 643548404
5781 1194156
2937 20755796
4032 5496
537 12553
4197 1263781
313 20060513
1603 1880034
1408 5305
2085 439997
4368 184528
3825 25222
627 72362
1815 1872785
1275 1449535
308 25642291
3484 39880
1255 445230
963 7632386
2875 24306
2501 4077086
3927 2383790
3720 353851
1948 8336688
2570 917807
969 38064473
3237 995958
5365 3433322
1742 15701442
4609 102539
5972 16212562
6006 1
727 436491
3691 1025736
2196 4360429
5284 593828
5911 1395221
3459 210266
5114 2119006
3090 1389747
2533 367874
795 277932
1902 4171
5880 194278
5951 4114879
5594 968627
4053 116316
2064 5213663
837 313940
3096 22117674
3414 2555888
1223 1654727
1316 221103
5151 1009561
273 42704887
5983 42587503
757 97266
770 32506649
1630 2291044
1990 714062
5583 1680
914 37748990
4651 55
113 239850
5898 152937
5963 7210906
1556 6375493
5162 6199980
4055 2866372
3869 949756
5879 776341
2524 211512
1681 4264724
1829 17937585
2506 1046915
5313 4067833
4953 13520
5029 14682427
2303 2544179
582 96518449
449 28218
5610 1925360
2046 1318706
243 175586
5775 234513
3880 7804
1622 14287582
3209 1692098
3283 448151
5268 3135794
53 1015245
3322 6371587
3119 11724
1233 3389711
737 880500
5559 4163226
5064 4180082
5800 1283137
4929 31590
3256 72435
2142 109963
5488 1872644
2312 1049459
5181 865149
677 1400868
6 76005040
293 13741263
5255 1459264
3520 12867025
2151 92111
4593 4049593
5819 281119
1233 143049
4901 2707380
1075 14002
3716 101659
2078 40462
5630 117263200
4312 3992396
590 509108
714 1175863
4452 1430
174 3549430
793 1550418
4141 11122337
2369 228659
3035 1158027
1080 192434
4550 221310
2155 10686766
4955 1911957
251 742804
2209 7470224
3424 105558
37 7248876
1615 95986
4498 6840180
3877 1761393
5714 40947
989 178383
977 5400699
1864 6844168
2932 4428423
5795 1488956
150 27788484
1344 23785517
901 2194691
1046 4555654
2513 183713
1302 911230
388 32147
4057 769826
5804 1689502
799 946733
591 104079
1772 4671965
3678 813859
3246 901637
684 4789597
5439 833868
5231 123731
2 248743171
5988 13122065
4221 134780
87 4265251
3549 4823288
5160 211
4165 7152
970 253962
1077 2982597
1960 2346455
210 7643167
4049 89415
2156 91752
2030 117458
5350 13990591
5076 279624
1942 13917395
3700 3416270
2120 23430646
167 189845
1828 261879
2171 426668
2547 25159
15 5161727
1584 7300900
4164 29566
3870 9928281
2516 12911878
5691 15897994
430 173940
3661 226347
3421 15209031
904 102893
1020 15404288
2784 55174
4500 3240980
2004 11001646
2945 2396291
4214 10796731
1391 1083737
4191 51441
3450 17617782
5226 1411414
3149 467541
4088 336413
608 541078
5295 1855
1358 6501189
1448 9579449
5261 50451
1958 1106476
3658 2878675
3355 353368
3190 334565
5506 11347
5192 3178783
32 7204065
3296 4665637
4461 12944412
1678 2199174
4284 4242417
4663 7379176
3331 94602
3771 17126876
628 19659
868 134942
5588 66
4960 4609
816 989192
5182 242259
661 499699
2153 801433
1069 1184590
2089 34326
3506 4186181
5336 535539
3646 979722
3607 2054295
5804 1382767
1962 921192
5710 57395694
958 35996
705 1360159
1920 52085473
5857 3952997
286 19299865
3293 5896259
1890 129280
390 3728814
1472 23597958
4436 2444131
4910 141506
191 69166
2005 38202020
4445 1232097
243 66474
4830 23296
5743 1129862
3406 2928942
1074 332377
5437 3892341
96 673890
1001 4981216
5356 11259489
3195 3979226
3716 42934
5023 369859
56 5462216
2583 4460843
3791 24056
4063 302120
5450 10111304
565 1244667
5487 16963895
4890 16021274
4132 514
5010 11225264
4048 56431
1246 17586946
4656 1600101
602 12458
2013 29207052
611 35677815
5592 694899
2253 8781803
4612 744618
1637 5092588
4433 2197687
1472 5437311
3608 4026721
3130 4933662
4525 1500944
5985 12332031
2454 418370
2806 31068712
574 56308
5610 1379479
2758 4183841
2125 131270
3600 716687
4456 328
95 6560449
4295 12694366
3410 5066042
1853 367198
3585 11880284
2512 40160272
1959 3726855
2171 402070
3426 3827443
1163 903904
4711 15833
741 16606392
4383 32224235
4394 1797282
1016 461012
485 1224160
4253 6934
3799 6134557
2776 6895947
5168 4942
681 85422
2878 601531
3707 17653
5941 3110380
2673 68014
1011 2317307
3689 14257528
5929 2922023
5664 1
822 10138207
4754 278924
5718 3024018
859 3191289
3820 32624748
5694 106816156
5692 633407
5018 3100637
5328 24712
1854 209719
3785 1036474
4268 14825
4098 501229
4524 849498
266 349717
3940 2356638
5461 17592047
2531 330
3334 892055
4639 294189
2042 1463285
3610 7876450
643 694957
565 799481
666 143995
3427 5159646
5874 671123
3499 4107134
4234 15855561
1861 6186993
2807 5541683
1507 1144699
936 1024963
4120 3065264
4905 1231470
2284 2224661
5277 2390312
277 894570
4648 13040456
4801 5735467
5536 884720
267 134386
2008 7002092
773 13733863
5970 2631119
1681 14436126
5734 25926849
5824 3820409
4098 461232
2594 2221631
5988 13029477
2911 9892313
1807 1351390
1814 57343
2310 1364511
2445 779071
4386 12999864
2380 19739
4718 694016
1887 23564
5625 455584
1504 177267
4661 24612
4405 355672
1868 529046
939 68930
1521 4924223
2641 362309
2606 32852
5860 10968
424 22579
2560 36142480
4309 21424432
1782 1475065
277 450567
250 1973352
3604 2725001
214 841129
5770 406371
3380 1143689
3510 5923564
5684 7486930
3920 418600
2438 639242
2428 95975
4892 3463142
4670 385292
4963 7969046
5243 3889932
2950 28831109
2762 779986
328 6274745
343 2443209
135 1038959
638 5111
2746 18402846
5744 2473805
3825 348862
4113 11404059
4938 44585
2855 6673552
1681 15747417
2874 12681843
5815 50710005
1296 7248253
4177 2900352
515 45079094
3960 7029902
2963 594681
99 244965
3015 12319
4646 11315910
3112 12806032
5203 6819660
4559 192270
2828 226662
2954 984143
4870 29881
4834 4339502
1574 385817
2368 2551117
4762 609962
3823 3614760
1993 623623
3486 3403573
5838 373739
2295 28725
4559 160376
599 70115838
2090 59030
1771 1319960
2778 1437490
2388 1491390
5783 9289137
4906 3501449
4478 739628
2022 2251088
2432 11772415
1968 1141017
3414 3305354
1990 380250
1177 7242237
1318 166766
5649 794645
5616 4481799
4722 112
2635 39730178
4912 1333051
4056 386389
5210 12670773
4633 14317116
4049 35518
1581 11178646
3163 68529440
4110 426710
4571 861999
3258 8678065
5726 105942
3795 491508
2060 541833
870 6008634
684 1417942
5952 1812015
97 32507502
5188 1134973
1901 1177006
5906 4
2085 46048
5559 636311
4297 2198705
2638 14432154
3268 2658419
3360 3081900
5899 233358
2656 666607
1261 2446847
2139 60275
2672 279252
1310 220835
52 564968
578 300397
4926 155774
3756 1458512
5874 791409
3394 330027
4040 1659347
5020 431109
1382 7130560
2077 21770152
537 25906
2577 2755315
5874 896170
2323 361393
578 2231688
1364 6191062
2330 9033032
2125 86061
5411 2037188
1425 1042432
1644 2477932
1709 532344
5136 289
11 2070076
2202 8034918
1617 9954924
528 4845801
3195 447281
3979 25044851
1261 2369450
293 13125574
