1
999999999
3
999999997
5
999999995
7
999999993
9
999999991
11
999999989
13
999999987
15
999999985
17
999999983
19
999999981
2
1000000000
4
999999998
6
999999996
8
999999994
10
999999992
12
999999990
14
999999988
16
999999986
18
999999984
20
999999982
2
999999999
1
1000000000
4
999999997
3
999999998
6
999999995
5
999999996
8
999999993
7
999999994
10
999999991
9
999999992
2
1000000000
4
999999998
6
999999996
8
999999994
10
999999992
12
999999990
14
999999988
16
999999986
18
999999984
20
999999982
1
999999999
3
999999997
5
999999995
7
999999993
9
999999991
11
999999989
13
999999987
15
999999985
17
999999983
19
999999981
1
1000000000
2
999999999
3
999999998
4
999999997
5
999999996
6
999999995
7
999999994
8
999999993
9
999999992
10
999999991
