7244754
75815519
63867856
19261728
27671677
29262969
51363826
67136232
45909545
77466057
47958265
75764413
70563711
58188431
40107756
64606749
7396261
30335055
3067797
69529315
10413795
55662713
43804189
31621753
59669028
43367108
49932119
66653748
73768429
61628007
4796742
1499769
38379529
14814508
37801849
42063824
71280961
11583598
75016785
72338854
39872403
18146297
59414191
33345101
50675240
25963026
32976467
33915385
38471122
43671537
76491563
73742959
17620111
37179705
63833913
13061816
28875826
25280836
27261689
75247801
25259309
1021999
74853632
26730131
9745423
47812483
33129231
2459925
905552
25228404
9561884
38281391
22790810
634952
1689606
2741122
9403561
43503951
48777029
6641219
9404699
73697257
27690489
34113277
3490169
29968063
3576776
34880436
71427250
4490792
25459770
6772170
47517006
39628281
22377111
3027700
19991669
72135041
52342937
1292581
21679169
11023462
77752134
65422569
23123150
46143056
33822366
44971171
17783648
7998412
58623834
9627568
33361098
4333981
26122761
57072232
63926719
7654396
76874751
39926548
44861791
44638146
49940901
51965819
40770930
57531985
14611426
15375073
60771622
43605913
13184305
38727657
24514623
27092655
12642681
19465747
16744317
17552770
58088948
46966659
65706115
64888599
55431471
4973149
9564647
25172595
32900986
43072024
27512633
46845473
3311016
29052857
22027352
29380473
41939315
49738151
72252215
67744137
8696175
6841118
53101109
77327765
72572306
67327317
27744722
16783179
64211357
23185649
1395965
276603
20101577
38370215
33486127
69544294
57207074
11412271
6729319
17960981
35282405
47575584
38378038
13767512
27305531
74627195
61364297
56217187
27554681
57404616
8805688
76589441
60169641
70598475
66612058
36317110
21593685
11604179
22351129
66584899
40464808
46345017
48647881
32538815
22291533
20992920
25676033
28930835
21081729
8032838
3927123
22396405
56439813
23027048
34849343
45761950
4765169
34953849
17748680
12681953
20679433
54929209
13556277
15095314
46491068
5834527
29449932
8246767
76144006
38707190
25653343
2434681
61866609
66755007
24802565
40044363
2823039
73986809
31158442
47543004
33063711
43007344
48981266
6136693
13882778
39558295
74393109
46563445
10199852
19212541
53577393
51042037
13160431
4403370
71087138
46224515
73853635
73900729
25871810
71470303
58682317
44499033
66160816
44391840
70784300
51147665
5446972
19106730
44705240
73123667
33467101
30761065
26785391
73571925
56363610
26073002
56799491
2518187
36359369
25771916
52220311
7009257
7690952
64435929
7663481
19825927
56182021
28918254
70654666
16389893
35108370
16156212
4950475
36148520
42440451
74028232
24470767
20179329
14755833
48340148
60857912
59013705
28413403
16001721
56746306
65073478
41961843
48881913
62138850
50572847
28125353
8847139
127359
30685489
29835652
45359035
76916219
23528121
38966945
20710527
38578845
65601980
50726088
3901327
21231099
40139889
3168121
34029321
3415149
7410293
77633030
4732537
26505598
77957117
62652665
31633148
74162159
13439210
27354067
66088940
9703785
9127985
74821168
8949999
76740243
11537271
72251544
60273369
57318789
8715455
64430778
27393989
28205449
54452785
73081194
53986707
37243257
36586311
11875881
17303215
1451039
70800016
127481
2403449
26444968
672109
56834418
63635463
70255011
27068536
59605449
34048633
29849557
14849968
34016442
72137661
38697273
69620970
10504077
45976945
14332675
49349297
17284217
30889947
57587084
62586132
12039291
36339232
58604473
10892480
42294319
24433744
19048266
66065961
6678298
27485216
54331657
17837899
77431841
27596841
69384328
77306551
35605819
74442264
32213844
43069139
34334873
7580341
59311375
35429328
75859347
13718601
30279758
15761581
21621246
36122233
4976095
66907609
26280196
42337031
38597255
36791353
21279937
45644121
74521611
70806615
2061177
12262319
920157
76581229
64576285
49167505
4476409
61722105
9549871
39742035
16713991
23631602
20389191
34238565
74224201
2761833
41412724
23413277
14981724
45806939
38941145
64509567
18060050
36418882
55902039
3494274
19187416
30847184
66739707
34678124
43278831
60294127
35177975
63110178
76835369
62177772
1906639
29251328
2971198
31012441
49703538
62026600
56691115
33587049
48695118
3463985
19519097
51516402
3358120
3764675
28555827
36504185
17880185
40152187
49253586
18106367
49088433
24502513
30811786
36333705
73412825
72774441
4244328
33245123
44891918
34087248
9385740
24061331
12362891
21412160
51490377
51994825
70652625
47320595
47125772
24358777
14821236
18378851
54221561
63276124
36231079
59392417
7298304
40461022
46992137
29647058
58072818
15904435
23378287
72447065
9647056
62131245
72005317
48268451
73302740
7294123
69762705
38028921
49874073
70221092
9792725
5086113
69255615
24869304
13887474
8849101
21928436
51592953
26874841
46692602
51103493
19348906
43163641
25984526
44018420
54151217
16389338
61893965
3748553
46433266
18087106
32021305
17037177
67400977
17908601
30150265
56786591
45627069
77824367
37560090
54562063
12372870
72800243
2221826
60544467
51812518
61549395
11568508
38803202
46711609
29112680
72841439
20172580
6649538
49371647
4326335
12895739
73958099
74087651
67564763
37631845
76724923
25046114
23342328
27556200
74248303
26119618
9813267
5857353
56798777
57864498
46322600
45758905
61655589
656975
39191151
38378034
5096186
65312511
17466326
69792257
65313529
65492098
28006978
43474769
47678863
57095249
39945962
72204474
9870319
31302031
26976913
6607296
62625525
71532458
20789263
21250290
58485521
40578952
22616480
68633849
35646751
77473781
49331391
39807429
9541081
34897677
47662387
59270905
10532004
44321775
21197091
29767641
18093682
40030050
3162321
19069029
6011466
65638646
43677992
65319528
38695013
74317003
70263715
960687
54154611
14089209
25977405
40185169
41656073
12511359
49904166
1211747
32790617
14013695
37877361
6704845
49686323
32630271
34175463
27767161
35308153
5012909
7964161
10266970
73938894
47763434
9604042
21485951
38984242
18465956
16871863
6453031
7611897
60198761
60462624
48541046
53695058
51250621
6280933
75217399
54413482
33451173
23568099
75351587
35197626
28258613
12615910
1994768
74162721
67786523
71253391
29802000
53723757
40843375
22224079
66455545
53776377
12237456
62778009
70827817
21273683
54099409
45992610
27514730
71155123
56440559
54663481
20822729
65900468
49980927
61352275
53332115
72579561
17173210
56005053
40085419
18242249
69213946
30448172
71839413
77129388
49558568
5981281
65922975
18386489
44562944
23264169
73702197
22998997
65668390
32327960
34367286
22566288
49567679
11911561
28399465
30283199
29902541
58659143
62708195
457215
13533960
20135866
27589112
10312781
11086347
2208912
62616313
33505273
35946716
33422901
56821436
16992861
9169243
19750849
50859547
11361510
77580387
25291337
60916308
2577469
53505379
23881041
71791672
44370076
38109561
74002130
1221033
16312853
21276056
75438895
483852
35778809
40426899
28969573
55132017
72512196
57677785
13240178
47617282
19977790
26784816
68615753
55148858
26568059
2739705
49847257
39886098
28283627
45352697
43707051
1500777
15814580
59861737
34857745
75810806
27664562
16631289
63261010
55737087
55186092
43274275
49590908
45011554
31863890
53086613
60898937
42756857
41012301
15569081
39184027
58237792
4712223
11560755
20644041
42667859
32589122
4813049
57775144
13680505
40936465
55701804
11812880
20338041
43239726
67496831
42622048
65094216
63467289
33694035
51158188
64705297
28709343
38907807
32608448
15950474
5185837
54729519
70097808
45615242
24768497
1390969
52532934
69840633
62293895
27408149
11530704
63969378
17496587
65118975
6908378
11724927
69157816
340719
48526668
46165955
51168278
47733167
61151464
48060887
40533503
27127769
72555409
27156641
72716473
31246058
39556337
75284321
68783645
56322317
3923926
26212986
68249621
66996402
11853531
5856725
7516991
10036089
45677629
31251583
26880019
19054992
41406062
9196520
6686667
23179618
54553343
67099714
31578957
33858681
57712412
71344074
8251571
67946315
37890797
17955631
32622412
75542265
64090611
33236089
16984082
38961420
46847672
77513231
22671717
46912335
9165766
60794335
12458169
77438540
37
14677737
21448341
17613597
4482896
49167737
28526159
39745042
753814
52847329
10206055
51343987
49727364
34999427
28231675
57207504
12053315
17224692
67786356
74188537
65874088
54228991
70674386
23203217
50550811
67070962
28620416
58494041
57832592
16233930
42392567
48861088
40297460
56030389
12606596
36659708
3606672
3598713
53627017
65064455
60930385
56525468
26539433
38510399
54588884
14887987
21532451
5038403
66844285
41598397
27609041
55717452
24278413
47993551
42854690
64315351
72984785
57288719
75628079
7143218
3315452
28355831
47231186
4145664
33569824
65009882
7520759
69672559
74337635
43867748
57985103
21761635
831466
43746335
27033409
3636751
23949433
73563488
47895153
8634155
74800819
6169984
70855154
15921208
29252130
886887
13580928
11168809
18615191
51397338
3398265
4917746
57075163
5868831
21124788
