995272436 2151 506
S 2097 2529 2530
M 2550 1866 2807
S 628 778 779
M 1526 1318 1570
S 1429 1647 1648
S 2221 2235 2236
M 851 585 915
M 1090 1601 1968
M 896 886 962
S 181 212 213
S 3068 3175 3176
S 2337 2870 2871
S 187 203 204
S 1046 1154 1155
M 1497 1636 1795
S 1694 1848 1849
S 852 863 864
M 355 362 369
M 715 706 842
S 356 399 400
M 2070 2149 2562
M 2854 2147 2948
S 1675 2328 2329
M 238 241 428
S 302 359 360
S 304 309 310
S 134 146 147
M 3121 2983 3215
M 2784 2280 2901
S 140 154 155
S 1180 1265 1266
S 460 503 504
M 1971 1865 2134
S 892 1045 1046
M 1565 1113 1662
M 3322 3344 3390
M 2271 2255 2368
S 1075 1113 1114
S 1261 1834 1835
S 1061 1089 1090
S 1539 1548 1549
M 2120 1545 2183
M 2037 2128 2200
S 2025 2039 2040
M 1479 1777 1866
S 877 1277 1278
S 1003 1312 1313
S 2533 2959 2960
S 919 921 922
S 111 117 118
M 784 675 826
S 2228 2337 2338
S 1872 1956 1957
S 2055 2653 2654
M 2774 2716 2859
S 2400 2906 2907
M 883 722 1018
S 349 449 450
S 2216 2351 2352
S 1174 1223 1224
M 2808 2762 3036
S 2865 2883 2884
M 1571 1173 1592
S 2614 2805 2806
M 610 724 780
S 2198 2525 2526
M 591 656 675
M 968 1126 1146
S 2878 2998 2999
S 2746 3020 3021
M 1902 1931 2415
M 861 554 938
S 2867 2919 2920
S 281 283 284
S 284 289 290
M 148 176 187
M 2806 2151 2966
S 286 324 325
S 520 550 551
S 744 801 802
S 1789 3027 3028
M 1145 1200 1374
S 661 1128 1129
S 481 515 516
S 2825 3086 3087
S 50 64 65
M 2073 2194 2254
S 2162 2511 2512
S 2961 3113 3114
M 2672 2912 3059
M 2954 2196 3319
M 740 871 995
S 2489 2527 2528
M 1301 1529 1599
S 1805 2062 2063
S 474 524 525
S 2947 3012 3013
S 2679 2759 2760
S 933 951 952
S 613 679 680
M 31 30 34
S 915 963 964
S 415 714 715
S 515 519 520
S 2638 2780 2781
M 1991 1598 2155
S 1437 1486 1487
M 1891 1747 2143
M 1824 2023 2389
S 2922 3147 3148
S 2052 2109 2110
S 2532 2996 2997
M 1277 1656 1942
M 573 491 605
M 2708 2283 3022
S 1187 1495 1496
M 1009 1203 1329
M 765 578 769
M 77 73 78
S 795 799 800
M 19 20 26
M 1131 1120 1203
S 1738 1796 1797
M 739 786 815
S 1800 1938 1939
M 2315 2753 2766
M 1786 1768 2027
M 694 678 749
S 217 229 230
S 1150 1465 1466
S 2041 2285 2286
S 717 756 757
M 788 1027 1076
S 2331 3424 3425
S 1672 1812 1813
S 49 50 51
S 878 896 897
M 2705 2686 2775
S 2985 3427 3428
S 1448 1917 1918
S 1754 1800 1801
S 307 326 327
S 239 243 244
M 1833 1325 2140
M 2223 2002 2492
S 3421 3431 3432
S 2067 2168 2169
S 1204 1936 1937
M 1104 1808 1850
M 2168 841 2220
S 1892 2080 2081
S 1451 1748 1749
M 1117 910 1227
S 582 606 607
S 1908 1970 1971
M 1214 1182 1340
S 254 266 267
M 1053 891 1056
M 1041 1127 1147
S 1026 1503 1504
S 1696 1912 1913
S 548 784 785
M 1268 1287 1759
M 121 136 137
S 391 467 468
S 663 788 789
S 2470 2514 2515
S 996 1162 1163
S 1483 1632 1633
M 197 232 238
S 2775 3008 3009
S 3007 3341 3342
S 1660 1686 1687
S 2408 2663 2664
S 513 688 689
S 655 692 693
S 1315 1726 1727
M 102 125 144
M 1294 1799 1964
M 1578 1392 1671
S 695 712 713
M 2429 2931 2975
M 2349 2651 2732
S 1133 1185 1186
S 2526 2971 2972
S 2022 2103 2104
S 1499 1699 1700
M 1802 1344 2364
S 2238 3082 3083
S 1162 1254 1255
M 368 312 398
M 2368 2443 2900
M 2383 2895 3081
S 934 1100 1101
S 1251 1331 1332
S 56 61 62
S 497 600 601
S 2578 3040 3041
M 1699 1352 1751
S 2384 2823 2824
S 612 656 657
M 467 586 612
S 7 8 9
S 980 1350 1351
M 1238 1197 1326
S 1136 1198 1199
M 2205 2681 2916
S 742 809 810
M 237 207 245
M 552 296 591
M 2081 2047 2102
M 1334 1169 1514
M 3179 2944 3198
S 1455 1543 1544
S 1901 2113 2114
M 2448 3099 3237
S 2036 2042 2043
S 2253 2792 2793
M 2963 3039 3126
S 2700 3238 3239
S 1827 1851 1852
M 1107 1192 1218
S 2197 2508 2509
M 1279 1311 1426
S 670 718 719
M 566 459 631
S 875 892 893
S 398 422 423
M 1047 946 1169
M 2514 2782 3035
S 682 707 708
M 2110 2797 2827
S 3268 3416 3417
S 1345 1398 1399
M 712 668 761
S 1914 2145 2146
M 1170 1328 1339
S 545 770 771
M 1508 1516 1758
S 1819 1923 1924
S 1956 2296 2297
S 1130 1393 1394
S 1682 1766 1767
S 2152 2346 2347
S 1304 2159 2160
M 2591 2582 2710
M 2126 2076 2177
S 3315 3391 3392
M 2445 2353 2459
S 2831 2832 2833
M 1084 976 1260
S 1744 1889 1890
M 1992 1899 2046
S 1166 1213 1214
S 561 563 564
S 1475 1557 1558
S 2274 2516 2517
S 190 241 242
S 1593 1960 1961
M 1716 1684 1745
M 2807 2601 3091
S 453 469 470
S 2366 2405 2406
S 18 19 20
S 685 874 875
M 510 503 549
S 826 829 830
S 1258 1454 1455
M 2202 2440 2491
S 498 588 589
M 1705 1454 1720
M 1217 1045 1388
S 408 498 499
S 2598 2867 2868
M 2605 2539 2928
S 646 699 700
M 120 76 125
S 85 86 87
M 1412 982 1429
M 84 88 90
M 2503 2173 2616
S 539 541 542
S 1411 1519 1520
S 772 816 817
S 1775 1940 1941
S 423 430 431
M 1999 2481 2547
S 2386 2838 2839
M 2945 2406 3076
S 1523 1578 1579
M 1099 2078 2318
S 1375 2427 2428
S 973 1049 1050
M 1671 1355 1732
S 762 930 931
M 3133 3174 3252
S 353 356 357
S 2569 2938 2939
S 1242 1370 1371
S 1725 2099 2100
S 771 1475 1476
S 2185 2399 2400
S 3314 3365 3366
M 1149 1059 1311
S 2873 3105 3106
M 1568 1459 1678
S 2497 3371 3372
S 517 579 580
S 616 618 619
S 969 1095 1096
S 3188 3274 3275
S 2552 2835 2836
M 243 227 275
S 1818 2165 2166
M 1790 1700 1817
M 2645 2695 2702
S 1951 2343 2344
M 1160 1110 1402
S 100 108 109
M 3116 2590 3348
S 1098 1219 1220
M 3049 3102 3166
M 1496 1398 1550
S 165 169 170
M 748 761 818
M 1686 1428 1690
M 211 199 214
S 604 638 639
S 2311 2620 2621
M 2939 2790 2955
M 833 733 841
M 773 812 865
S 1859 2466 2467
M 274 255 282
S 2469 2741 2742
S 2288 3367 3368
S 1030 1261 1262
S 1509 1709 1710
S 1910 2053 2054
S 770 1053 1054
M 559 374 562
M 2658 2579 2875
M 1806 1849 1857
M 66 62 68
S 1356 1469 1470
M 1858 1889 2116
M 601 611 748
M 1458 1357 1682
S 522 751 752
S 1465 1473 1474
M 499 516 521
S 1976 2248 2249
S 583 586 587
M 1413 1712 2197
M 2482 2079 2791
M 2367 1724 2438
S 775 795 796
S 41 43 44
S 2618 2677 2678
M 1185 1620 1776
M 2892 2657 2925
S 1043 1206 1207
S 2415 2501 2502
S 987 1005 1006
S 2088 2413 2414
S 1156 1379 1380
S 781 872 873
S 981 1208 1209
M 1967 2113 2179
M 593 798 888
M 2843 3157 3273
S 1078 1200 1201
S 2156 2206 2207
S 2627 2650 2651
S 1372 1741 1742
S 1105 1643 1644
M 1960 2013 2112
S 1477 1588 1589
M 1973 2056 2503
S 2231 2281 2282
S 657 827 828
M 2799 3030 3079
S 2272 2443 2444
S 1673 2003 2004
M 506 445 674
S 1835 1999 2000
S 2282 2727 2728
S 986 1091 1092
S 589 684 685
S 3067 3077 3078
S 609 1216 1217
S 416 461 462
M 806 825 890
S 1655 1896 1897
S 3222 3277 3278
S 191 196 197
M 2623 3022 3426
M 3180 3075 3347
S 240 272 273
M 1433 1321 1607
S 487 682 683
S 1487 1925 1926
M 174 152 177
M 2486 2736 3283
S 1954 2310 2311
S 721 824 825
S 2178 2380 2381
M 2019 2356 2585
M 2396 2461 2782
S 1547 1693 1694
S 2649 2670 2671
S 2584 3063 3064
S 1421 1565 1566
S 3025 3089 3090
S 2540 2560 2561
M 2058 2154 2167
M 2423 2768 3069
S 2941 2949 2950
S 261 319 320
M 989 1034 1099
M 3206 3216 3253
S 1703 2723 2724
S 617 724 725
S 1011 1410 1411
S 2460 2696 2697
M 1023 1001 1025
S 723 811 812
S 2937 3369 3370
M 530 454 534
M 752 839 889
S 2702 2895 2896
S 2721 3377 3378
S 2962 3188 3189
M 175 164 180
M 1998 2549 2622
M 2380 2397 2611
S 2014 2506 2507
S 1420 1628 1629
S 2393 2659 2660
M 1151 870 1189
S 2921 3267 3268
M 2426 1923 2456
S 1275 1346 1347
M 2656 2599 2729
M 321 325 332
S 2143 2257 2258
M 666 853 884
S 155 166 167
S 949 1031 1032
M 2860 2583 2869
S 263 287 288
S 2309 2719 2720
S 595 846 847
M 2419 2225 2637
M 2871 2561 2989
S 377 403 404
M 383 417 445
S 1679 1907 1908
S 1640 1645 1646
S 1637 1743 1744
M 158 166 168
M 1877 1900 1919
M 257 249 265
S 253 295 296
M 1491 1330 1637
S 1871 1928 1929
S 194 201 202
M 741 814 1173
M 2869 2155 2912
S 1812 1872 1873
S 1665 1760 1761
M 2689 2876 3100
S 1302 1342 1343
S 1968 1978 1979
M 1761 1546 1773
S 967 1041 1042
M 856 884 920
M 3192 3108 3254
S 23 30 31
M 1621 1010 1731
M 3054 3363 3401
S 3171 3375 3376
S 1245 1287 1288
M 1839 1721 1856
M 1235 1336 1392
M 1218 1220 1246
M 1327 1300 1449
M 2295 2061 2323
S 913 1071 1072
S 1414 1482 1483
S 3385 3437 3438
S 3105 3160 3161
M 117 118 119
S 457 463 464
S 2864 2978 2979
S 2418 2825 2826
S 1691 1802 1803
M 796 815 849
S 2080 2481 2482
S 1210 1372 1373
M 341 580 590
S 627 949 950
M 2277 2059 2798
M 2089 1919 2314
S 490 653 654
S 1191 1257 1258
M 704 711 1014
S 2035 2226 2227
S 1019 1087 1088
M 2575 2543 2722
S 1394 1537 1538
S 466 650 651
S 396 442 443
M 1087 1014 1383
M 469 669 690
S 413 414 415
M 2092 2186 2205
M 2631 2562 2721
S 1190 1396 1397
S 1829 1904 1905
S 1822 2175 2176
S 563 616 617
S 210 216 217
S 2103 2216 2217
S 2990 3293 3294
S 1504 1545 1546
S 461 537 538
M 2625 2541 2681
S 244 260 261
S 1911 2259 2260
M 1735 1719 1922
S 3161 3255 3256
S 342 407 408
M 72 75 76
S 532 640 641
S 1219 1294 1295
M 2057 2064 2308
S 280 346 347
M 2189 2256 2460
S 2515 2625 2626
S 2249 2872 2873
S 1213 1234 1235
M 652 599 655
S 411 488 489
S 1748 1893 1894
S 829 1012 1013
S 2142 2188 2189
S 2008 2092 2093
S 979 1029 1030
S 251 255 256
S 3208 3408 3409
M 3070 3094 3123
M 908 1577 1962
M 2098 2647 2841
S 567 634 635
S 1215 1568 1569
S 1613 1717 1718
M 1557 1988 2089
S 248 314 315
S 1365 1624 1625
M 862 955 967
M 689 679 735
S 808 1043 1044
S 1505 1512 1513
M 1480 1360 1539
S 260 307 308
S 161 224 225
S 957 1047 1048
M 1100 1006 1118
M 1996 2190 2365
S 1108 1422 1423
S 2424 2844 2845
S 317 354 355
S 258 276 277
M 1490 1106 1518
S 2487 2981 2982
S 1528 2221 2222
S 225 227 228
S 2053 2464 2465
M 2750 2726 2822
S 3198 3261 3262
S 2974 3383 3384
M 703 719 790
M 170 171 172
S 1677 2028 2029
S 1530 1534 1535
S 1856 2019 2020
M 687 501 743
S 2376 2813 2814
S 2104 2130 2131
S 2210 2312 2313
M 2714 2509 2748
M 542 535 555
S 420 625 626
S 2303 2396 2397
M 2038 1890 2086
M 2816 3131 3436
M 543 654 764
M 3004 3165 3209
S 1263 1323 1324
M 2409 1764 2488
S 299 386 387
S 2499 3071 3072
M 1729 1701 1838
M 1847 2099 2119
M 605 514 636
S 1250 1424 1425
M 587 750 758
S 504 598 599
S 2643 2910 2911
S 1363 2306 2307
S 64 71 72
M 2325 2827 2879
S 153 156 157
S 435 478 479
M 475 451 500
M 414 395 418
S 2258 2518 2519
S 455 726 727
S 1541 1704 1705
S 1377 1386 1387
S 1236 1241 1242
S 1159 1337 1338
M 1594 1737 1784
M 1137 1122 1157
S 2745 2788 2789
M 1525 1395 1672
S 2297 2366 2367
S 2868 2983 2984
M 149 135 152
M 941 697 971
M 1850 1756 2182
M 1303 1379 1440
S 2965 3330 3331
S 836 900 901
S 495 594 595
S 89 98 99
M 2555 3199 3338
M 1977 2425 2490
M 1143 1097 1156
M 2338 2263 2455
S 1297 1366 1367
S 1758 1823 1824
M 2148 1736 2178
S 1494 1789 1790
M 1916 1624 1982
S 1945 2094 2095
M 2220 2492 2570
S 1317 1509 1510
S 577 592 593
M 157 130 161
S 1198 1273 1274
S 2251 2272 2273
S 2232 2278 2279
S 1855 2320 2321
M 1670 1659 1947
M 334 287 336
S 484 494 495
M 927 909 947
M 3017 2556 3292
S 1402 1713 1714
S 800 911 912
S 2410 2612 2613
S 2534 3363 3364
M 2777 2066 2973
M 768 778 798
M 1333 1393 1600
M 2734 3229 3307
M 2045 2521 2579
M 1224 1208 1315
M 1714 1778 1870
S 2351 3199 3200
S 1817 2025 2026
M 1820 1562 2016
M 1549 1587 1755
M 3085 2760 3302
S 1313 3271 3272
S 3118 3210 3211
S 954 1122 1123
M 2698 2711 2945
S 2086 2533 2534
M 209 273 278
S 1918 1934 1935
S 264 268 269
M 1953 1823 2144
M 1842 1378 1983
M 306 288 318
S 168 173 174
M 2184 2531 2574
S 2982 3184 3185
M 326 412 465
M 2262 1924 2357
S 1752 1770 1771
S 438 439 440
M 1507 1473 1612
S 1975 2299 2300
M 1520 1449 1555
S 1639 2255 2256
S 230 248 249
S 1678 1793 1794
M 1347 876 1554
M 2107 2326 2703
M 2242 2354 2404
S 3194 3440 3441
S 2314 2469 2470
M 3125 3093 3142
M 1864 1888 1914
S 801 958 959
S 2302 2382 2383
S 271 365 366
M 2015 2339 2348
S 834 936 937
S 966 1139 1140
M 1085 1183 1267
M 2697 1776 2794
S 177 181 182
S 1246 1360 1361
M 1589 1649 1858
M 1418 1109 1547
S 1467 1668 1669
S 1255 1500 1501
S 1741 2107 2108
M 1828 2319 2332
M 386 397 406
S 916 990 991
S 1396 1515 1516
M 667 727 797
S 367 384 385
M 235 202 274
S 2362 2385 2386
M 1573 1298 1621
S 2119 2715 2716
M 2675 2674 2682
M 1055 1256 1876
S 2305 3094 3095
M 2765 2527 2812
S 1082 1102 1103
M 701 797 1009
S 1269 1898 1899
S 8 10 11
S 1715 2583 2584
M 553 434 613
S 1773 2554 2555
M 339 277 370
S 2177 2246 2247
S 2466 2767 2768
S 468 482 483
S 1207 1352 1353
S 1077 1144 1145
S 3104 3116 3117
S 1309 1586 1587
S 590 730 731
S 671 775 776
S 323 337 338
S 1299 1451 1452
M 1629 1765 1909
M 1254 1397 1542
M 1138 1148 1253
S 128 142 143
S 690 870 871
S 387 807 808
M 562 658 668
M 2748 2958 2988
S 2662 3111 3112
S 2322 2632 2633
S 1348 1400 1401
S 2636 3345 3346
S 2233 2539 2540
S 2106 2432 2433
M 1745 1607 1933
S 938 1348 1349
M 1153 1259 1276
S 1690 1842 1843
S 718 819 820
S 2795 3324 3325
M 2829 2626 2897
S 2520 2577 2578
S 888 1125 1126
M 1436 1811 1829
S 1374 1528 1529
M 1876 2246 2636
S 2259 2602 2603
S 65 66 67
S 1503 1571 1572
S 215 279 280
M 2203 2378 2631
S 402 409 410
S 439 1058 1059
S 820 1067 1068
S 2050 2556 2557
S 2586 2786 2787
M 1940 1798 2058
S 3298 3414 3415
S 1331 1523 1524
S 2317 2542 2543
S 683 736 737
S 1513 1836 1837
M 2508 2357 2795
S 1994 3396 3397
S 837 850 851
S 2163 2668 2669
S 1904 2185 2186
S 431 451 452
M 1430 1488 1583
S 2668 2820 2821
S 104 110 111
M 840 857 976
M 245 229 299
M 1471 1453 1556
M 1597 1461 1701
S 1843 2147 2148
M 1233 1008 1395
S 758 868 869
M 1278 1423 1432
S 192 252 253
S 2026 2030 2031
S 2183 2210 2211
S 2358 2445 2446
M 2407 2525 2545
S 1452 1610 1611
M 2511 2593 3157
S 511 660 661
S 1326 1381 1382
S 2480 3393 3394
S 138 158 159
S 2976 3182 3183
S 1178 1210 1211
M 82 67 91
M 2918 2766 3318
S 2629 2773 2774
M 1434 1592 1601
S 1184 1327 1328
S 137 138 139
M 2021 2308 2424
S 2547 2634 2635
M 879 911 1002
S 167 190 191
S 558 677 678
M 1283 1039 1453
S 17 21 22
M 907 598 927
S 1544 1563 1564
S 549 553 554
S 527 686 687
S 338 432 433
S 324 411 412
S 1787 2330 2331
M 1123 1880 1910
S 169 192 193
M 2786 2855 3398
S 974 1150 1151
M 1934 1882 2015
M 1779 1506 2187
S 189 297 298
M 2390 2841 2874
S 863 945 946
M 2694 2948 2974
S 1987 2430 2431
S 33 35 36
M 2145 2286 2288
M 1012 985 1064
M 428 432 460
S 2621 2815 2816
M 3064 2544 3075
S 2348 3322 3323
S 1561 1626 1627
M 3114 3076 3156
S 1753 1862 1863
S 2144 2341 2342
S 691 703 704
S 1927 2238 2239
M 1770 1239 1930
M 2438 2411 2580
S 2988 3139 3140
M 109 122 130
S 928 998 999
S 1273 1615 1616
S 1339 1344 1345
M 303 384 419
M 1602 1883 1900
S 1445 1986 1987
M 1292 681 1333
M 2833 1862 3329
S 700 710 711
S 873 1430 1431
S 633 733 734
S 335 425 426
S 2632 2751 2752
M 478 425 652
S 1965 2373 2374
S 1680 1846 1847
S 52 54 55
M 370 315 424
S 1844 2201 2202
S 313 567 568
M 1037 844 1171
S 1401 1412 1413
S 3250 3373 3374
M 90 95 105
S 2289 2457 2458
S 1616 1683 1684
M 961 1021 1121
S 2371 2588 2589
S 1984 2218 2219
M 2169 2266 2571
S 2201 3065 3066
S 592 644 645
S 764 781 782
M 2718 2491 2733
S 2478 3128 3129
S 1152 1263 1264
S 1335 1375 1376
S 443 496 497
S 2235 2864 2865
S 1338 1990 1991
M 2165 1993 2237
S 1464 1711 1712
S 2809 3177 3178
M 898 760 1026
S 2174 2375 2376
M 845 716 1083
S 576 831 832
M 935 763 961
S 622 793 794
S 2798 2857 2858
S 2607 3098 3099
M 1125 1091 1172
S 3008 3257 3258
S 1144 1316 1317
S 2124 2531 2532
M 1831 1527 1867
M 444 471 548
S 476 530 531
S 641 720 721
S 1881 2687 2688
M 1056 988 1308
S 2375 2537 2538
S 2909 3311 3312
S 2588 2749 2750
S 1732 2021 2022
M 406 482 508
S 400 509 510
M 200 188 209
M 2420 2572 3339
S 433 434 435
M 2241 2801 2809
S 1403 1658 1659
M 1188 1248 1250
M 1783 1838 2068
S 1782 2648 2649
M 310 336 405
S 547 666 667
S 247 250 251
S 1949 1973 1974
M 3266 3256 3402
S 1186 1192 1193
M 2006 1584 2041
S 440 620 621
M 3172 2546 3193
S 2496 2818 2819
S 866 1109 1110
S 2577 2755 2756
S 2395 2436 2437
M 1851 1845 1860
S 1515 1804 1805
M 1627 1569 1681
S 2139 2198 2199
S 2114 2157 2158
S 1017 1023 1024
M 990 903 1093
S 94 96 97
S 2823 2891 2892
S 557 746 747
S 1405 1525 1526
S 1697 2360 2361
S 2404 2730 2731
M 55 54 56
M 757 737 970
M 2709 2669 2743
S 2773 2953 2954
M 3226 3271 3335
S 1746 2117 2118
S 3072 3212 3213
S 1482 1561 1562
M 1446 1432 1613
M 1669 1709 1754
S 2667 3359 3360
S 60 69 70
M 1810 1645 1963
S 529 939 940
S 295 388 389
S 827 866 867
S 3077 3233 3234
S 1556 1666 1667
M 2269 2018 2291
M 2033 2062 2181
S 2701 2887 2888
M 1666 1961 1969
S 734 878 879
M 2430 2342 2704
S 436 501 502
M 1898 1742 2287
S 2923 3056 3057
M 1111 1276 1493
M 1962 1912 1975
M 2622 2538 2685
M 106 115 116
M 1941 2032 2088
S 1222 1630 1631
M 3326 3272 3387
M 2932 2735 3119
S 1089 1107 1108
M 2072 2093 2156
S 208 210 211
M 1734 2333 2398
S 2589 2675 2676
S 2439 2810 2811
S 1813 1931 1932
S 1707 1976 1977
M 2085 2138 2524
M 1404 1472 1492
M 2580 2682 2765
S 774 786 787
M 1685 1071 1853
M 144 151 171
M 818 1431 1437
M 2568 2594 2608
M 319 236 427
S 1424 1874 1875
S 2451 2657 2658
M 93 91 95
S 1796 2353 2354
S 2637 3300 3301
M 555 917 926
S 956 1180 1181
S 1958 2105 2106
M 493 426 552
S 1307 1597 1598
S 1521 1656 1657
S 3096 3247 3248
S 3147 3303 3304
S 1868 2471 2472
S 5 6 7
M 1540 1617 1619
S 710 805 806
M 2239 1623 2252
S 596 629 630
S 2131 2371 2372
M 346 354 383
M 1609 2127 2289
M 1155 1172 1356
M 1795 3337 3340
M 2707 2688 2923
S 1555 1602 1603
M 1271 1050 1450
S 479 491 492
S 2485 2609 2610
M 2115 2403 2489
M 1625 1596 1740
S 3026 3350 3351
M 1652 1644 1670
S 1600 2957 2958
S 1532 1814 1815
M 2159 2597 2843
S 1730 1762 1763
S 528 602 603
S 1439 2135 2136
S 2336 2614 2615
S 28 32 33
M 560 584 604
S 2615 2761 2762
S 807 988 989
S 1194 1204 1205
S 1349 1715 1716
S 2171 2233 2234
S 3177 3434 3435
S 1771 1877 1878
S 779 853 854
S 2227 2679 2680
M 21 27 29
S 53 57 58
S 2004 2451 2452
S 2606 2655 2656
S 1167 1292 1293
M 2157 1821 2212
M 3115 3251 3353
S 2082 2122 2123
M 1495 1683 1895
S 2167 2563 2564
S 1755 1798 1799
M 1070 1016 1079
M 1257 1288 1303
S 1319 1458 1459
M 714 699 777
M 35 36 38
S 600 928 929
S 1407 1664 1665
S 139 148 149
S 2219 2401 2402
S 1308 1688 1689
M 314 363 380
M 2267 2250 2276
S 3042 3124 3125
S 2327 3054 3055
S 1860 2161 2162
S 360 447 448
M 483 486 490
S 2842 2921 2922
S 2455 2803 2804
S 1252 1271 1272
S 634 642 643
S 2641 2776 2777
M 1559 1662 1706
M 269 275 281
S 2919 3207 3208
M 214 220 221
S 3232 3249 3250
S 2640 2850 2851
M 2845 3101 3356
M 399 736 755
S 705 953 954
M 1646 1570 1886
S 726 728 729
M 1088 1118 1136
S 204 222 223
S 1522 1649 1650
M 541 709 821
M 816 842 957
S 2402 2745 2746
M 523 350 848
S 1554 1695 1696
S 890 934 935
S 1938 1980 1981
S 1955 2324 2325
M 1826 2049 2410
M 623 696 767
M 568 540 576
S 975 1060 1061
M 2564 2394 2665
S 799 839 840
S 2788 2855 2856
S 997 1080 1081
S 1846 1997 1998
M 2913 2920 3143
M 2571 2756 2785
M 1481 1498 1614
M 2452 2281 2483
S 1763 2013 2014
S 579 658 659
S 1447 1505 1506
S 1982 1984 1985
S 665 671 672
S 1633 1707 1708
S 456 535 536
S 2140 2250 2251
S 1419 1480 1481
M 2761 2710 2880
S 1512 2066 2067
S 2054 2228 2229
S 1095 1115 1116
S 1948 2059 2060
S 1 2 3
S 1915 1954 1955
M 2557 2441 2808
M 2724 2670 2744
S 162 188 189
S 222 270 271
S 3003 3037 3038
S 746 753 754
M 1086 1154 1236
S 1932 2302 2303
S 1226 1477 1478
S 2299 2449 2450
S 3193 3297 3298
S 2340 3067 3068
M 1581 2005 2504
M 1101 1102 1521
S 2433 2550 2551
S 526 560 561
M 1366 1511 1536
S 1329 1488 1489
M 2207 2369 3042
M 1284 2212 2617
M 1668 1749 1778
M 1493 1267 1551
M 63 61 77
S 2245 2265 2266
M 262 205 321
S 1353 1590 1591
S 1032 1062 1063
S 1390 1490 1491
S 3258 3411 3412
S 1466 1915 1916
M 2214 1966 2541
S 1722 1781 1782
S 2182 2499 2500
S 850 882 883
S 470 574 575
S 906 1074 1075
M 372 441 505
M 1604 1538 1949
M 2100 2344 2384
S 1588 1736 1737
M 2454 3035 3167
S 201 205 206
M 3254 2741 3352
S 297 329 330
M 509 505 527
S 783 835 836
M 3065 3020 3251
M 216 218 226
S 2644 3023 3024
M 2504 2094 2606
M 1702 1524 1728
S 1974 2495 2496
S 2063 3288 3289
M 835 951 1040
S 793 813 814
M 777 823 843
S 626 1187 1188
M 1643 1612 1881
M 3024 2130 3170
M 887 518 908
M 392 394 471
S 1367 1438 1439
M 410 371 429
S 390 394 395
S 265 285 286
S 1322 1462 1463
M 2479 2706 3433
M 37 29 39
S 2091 2230 2231
S 2432 3336 3337
S 330 416 417
S 1387 1471 1472
S 1531 2017 2018
S 2858 3168 3169
S 2377 2828 2829
M 1807 1603 1841
M 246 294 300
S 2254 2393 2394
M 2000 1751 2290
S 767 837 838
S 2010 2055 2056
S 1518 1738 1739
S 446 569 570
M 1913 1470 1972
M 2692 2857 3110
S 1476 1580 1581
S 1981 2138 2139
S 960 1000 1001
S 477 513 514
S 1332 1414 1415
S 551 632 633
M 3163 3095 3286
M 2886 3231 3276
S 2028 2126 2127
S 382 390 391
S 2153 2568 2569
S 385 511 512
S 1260 1674 1675
M 984 1206 1230
M 1225 1164 1651
M 224 250 264
S 2815 2986 2987
M 1460 1409 1502
M 2132 2108 2439
M 12 2 14
M 116 119 122
S 1585 2005 2006
M 943 1004 1069
S 437 565 566
M 1158 756 1215
M 2240 2506 2510
S 480 983 984
S 366 377 378
S 1886 1950 1951
M 2563 2388 2640
S 2290 2411 2412
M 133 147 153
S 648 772 773
S 2661 2964 2965
S 422 486 487
M 1567 1552 1673
S 1282 1290 1291
M 2501 2518 2520
S 1781 2001 2002
S 2910 2967 2968
S 1025 1077 1078
M 1997 1983 2061
S 785 1239 1240
M 2191 2211 2280
M 2475 2069 2505
S 780 941 942
S 2772 2846 2847
M 1572 1861 1871
S 1442 1808 1809
M 1853 2102 2111
S 1667 1879 1880
S 1809 1832 1833
M 110 108 112
S 429 614 615
M 407 749 750
S 2610 2627 2628
S 1501 1573 1574
S 316 322 323
S 1177 1296 1297
S 2244 2565 2566
M 3137 2863 3226
S 2294 3002 3003
S 196 291 292
S 2293 3284 3285
M 1929 1536 1967
M 473 519 529
S 2476 2902 2903
M 931 947 1270
M 1704 1576 1725
S 2323 2349 2350
M 914 962 1055
M 68 71 79
M 1132 1179 1421
S 1897 1994 1995
S 1784 2032 2033
S 1146 1237 1238
M 1281 1314 1497
M 16 11 18
S 2861 2994 2995
S 2751 3309 3310
M 1163 1193 1577
S 1415 1622 1623
M 2881 2818 2924
S 991 1038 1039
M 1228 1266 1283
S 1129 1148 1149
S 3006 3217 3218
M 1063 692 1070
M 3200 2975 3263
M 1615 1165 1783
M 340 305 379
M 1438 1566 1855
S 720 918 919
S 1922 2316 2317
S 1713 1723 1724
S 332 472 473
S 1351 1403 1404
S 2217 2261 2262
S 885 955 956
M 647 569 732
M 1280 1229 1334
S 1069 1134 1135
M 2650 2822 3070
S 292 301 302
S 365 375 376
M 2458 2911 3080
S 2722 3047 3048
S 2166 2203 2204
M 2970 2905 2980
M 1114 1119 1194
S 1630 1774 1775
S 301 558 559
M 2723 2516 2739
S 348 381 382
M 156 143 165
S 2483 2666 2667
S 1223 1384 1385
M 83 87 92
S 1950 2441 2442
S 832 859 860
M 594 608 673
S 2453 2572 2573
S 1221 1679 1680
M 375 403 444
M 2685 2882 2913
S 2813 2929 2930
S 791 1119 1120
M 632 945 992
S 2769 3354 3355
M 2112 3129 3328
S 79 80 81
S 1408 1756 1757
M 2382 2243 2799
S 2234 2581 2582
S 2341 2672 2673
M 289 419 493
S 848 876 877
M 1468 1463 1527
S 2891 3279 3280
S 3331 3422 3423
S 2952 3205 3206
S 2519 2521 2522
S 2206 2270 2271
S 1038 1104 1105
M 212 213 218
M 1249 1425 1582
M 2350 2398 2419
S 2528 2763 2764
S 107 113 114
S 3018 3173 3174
M 828 925 1019
S 3269 3326 3327
M 1553 1371 1604
S 2595 2908 2909
M 1632 1885 1911
M 2051 1869 2057
S 1925 2369 2370
S 195 199 200
S 2991 2992 2993
M 47 48 49
S 1642 2422 2423
S 352 453 454
S 1382 1456 1457
S 3084 3121 3122
M 2436 2260 2513
M 2287 2551 2567
M 2141 1848 2253
M 1687 1750 1840
M 950 1139 1567
S 2936 3107 3108
S 1542 1676 1677
M 534 602 702
S 3348 3420 3421
M 2136 1710 2170
S 132 163 164
M 1040 1486 1530
M 644 642 691
M 1723 1346 1772
S 1370 1868 1869
S 2306 3004 3005
M 145 159 160
M 3080 3134 3149
S 2116 2698 2699
S 508 522 523
S 2494 2645 2646
S 2603 2942 2943
M 830 993 1130
M 2042 2291 2319
S 92 93 94
S 1054 1427 1428
M 1519 1619 1640
S 105 123 124
M 684 849 855
M 1674 1658 1786
S 2996 3240 3241
M 1080 859 1106
S 923 968 969
M 2792 2959 3332
S 619 627 628
S 735 861 862
M 571 404 581
S 99 100 101
M 2027 1791 2034
S 2416 2737 2738
S 2737 3290 3291
S 2630 2638 2639
M 206 193 215
M 2389 1964 2395
M 184 150 198
S 86 88 89
S 485 544 545
S 2075 2420 2421
S 2783 2976 2977
S 1489 1721 1722
S 186 207 208
M 1033 1274 1357
S 1762 1827 1828
M 2334 2671 2691
S 2405 2898 2899
S 620 669 670
S 1142 1195 1196
S 2925 3264 3265
M 1441 1759 1777
M 2226 3279 3287
S 1469 1764 1765
S 2602 3357 3358
S 953 996 997
S 922 1318 1319
M 1535 1426 1780
M 2844 2663 2935
M 2248 2392 2409
S 1320 1498 1499
S 1788 2486 2487
S 809 904 905
M 618 631 738
M 322 291 328
M 860 776 885
S 899 1111 1112
M 2247 2237 2315
S 2517 2706 2707
M 824 1073 1202
S 1361 1362 1363
S 2490 2590 2591
S 1852 1887 1888
S 40 41 42
S 1875 1944 1945
S 78 84 85
S 343 344 345
S 1293 1321 1322
S 1076 1164 1165
S 926 979 980
M 867 729 948
S 2257 2274 2275
M 25 24 27
S 2739 3096 3097
S 882 916 917
M 1591 1081 1620
S 2512 2933 2934
S 2677 2946 2947
M 977 1135 1341
S 1804 2141 2142
S 1161 1368 1369
S 223 231 232
M 1062 1000 1184
M 2890 2951 3062
M 550 621 665
S 2459 2493 2494
M 649 581 709
M 221 203 237
S 3142 3227 3228
S 2427 3025 3026
S 270 312 313
M 141 154 162
M 3374 3230 3410
S 1079 1152 1153
M 1972 2031 2149
S 1265 1595 1596
S 2017 2425 2426
M 1234 1427 1468
S 472 532 533
M 1816 1873 2035
S 1083 1309 1310
S 1586 2552 2553
S 1323 1447 1448
M 1211 1385 1416
S 1896 1988 1989
S 81 82 83
S 69 73 74
M 2463 2109 3179
M 290 293 333
S 233 235 236
M 1543 1484 2076
M 2387 2360 2440
S 1743 2096 2097
M 1579 1947 1948
S 2001 2195 2196
S 2835 3150 3151
S 2040 2757 2758
S 1726 2355 2356
M 2029 1769 2047
S 2447 2497 2498
S 1247 1281 1282
S 309 342 343
S 1608 2689 2690
M 1386 1391 1464
M 1711 2523 2607
M 2502 1772 2544
S 629 662 663
S 146 150 151
M 1757 2373 2630
S 160 233 234
S 1970 2069 2070
S 1202 1251 1252
M 3186 3110 3308
M 1002 1121 1256
S 754 765 766
S 2619 3320 3321
S 2848 3222 3223
S 803 974 975
S 728 886 887
S 1622 1791 1792
M 2270 1936 2345
S 2565 3180 3181
S 1794 2078 2079
M 2573 2585 2629
M 930 900 978
M 1212 1815 1946
S 2200 2240 2241
S 465 517 518
S 1013 1825 1826
M 1296 1272 1320
S 2566 3010 3011
S 1638 2753 2754
S 3036 3244 3245
S 1905 2051 2052
S 327 373 374
S 2994 3190 3191
S 1022 1306 1307
M 2811 3305 3388
S 3062 3385 3386
M 1435 1383 1729
S 753 822 823
S 3290 3305 3306
S 1708 1810 1811
M 1731 1830 1839
S 1728 2037 2038
S 575 608 609
S 2678 3045 3046
M 2699 2446 2926
S 2800 3219 3220
S 2960 2962 2963
M 1244 964 1275
S 805 1003 1004
S 179 183 184
S 2046 2783 2784
M 1189 1316 1330
S 831 1131 1132
S 361 362 363
S 1797 2044 2045
M 285 198 311
M 2345 2814 2944
M 2412 2505 2736
M 1116 1112 1170
M 448 364 459
S 2634 2936 2937
S 393 457 458
M 1368 1310 1663
S 998 1174 1175
S 822 833 834
M 1605 1140 1735
S 2265 2830 2831
S 924 943 944
S 2567 2862 2863
S 713 716 717
S 1237 1301 1302
M 2474 2964 3216
M 674 643 759
M 1863 2068 2184
M 1517 1663 1906
S 3033 3405 3406
S 1870 2132 2133
M 450 424 528
M 893 817 923
S 2316 2711 2712
S 378 455 456
S 1661 2082 2083
M 2613 2896 3029
M 1887 1628 1903
S 2817 2931 2932
S 2914 3186 3187
S 2872 3145 3146
M 2908 2467 2927
S 231 258 259
S 1740 2407 2408
S 2778 2885 2886
S 1005 1408 1409
M 1943 2011 2077
M 1706 1803 1822
S 2105 3133 3134
M 2071 2307 2309
M 2125 2324 2379
S 1227 1279 1280
S 2292 2484 2485
M 376 373 441
M 2646 2600 3197
S 1340 1364 1365
S 707 924 925
S 994 1033 1034
S 2498 3014 3015
S 2442 2598 2599
M 3220 3086 3221
S 1295 1443 1444
M 1068 952 1197
S 3124 3152 3153
S 1692 2072 2073
S 1291 1593 1594
S 536 572 573
M 3087 3247 3439
S 2849 3381 3382
M 759 738 763
S 127 133 134
M 995 1648 1861
S 525 577 578
M 1376 1232 1517
M 2123 3011 3315
S 2428 2586 2587
S 256 262 263
S 1533 1702 1703
S 1067 1354 1355
S 2296 2462 2463
S 2264 3333 3334
M 1115 854 1124
M 2635 2273 2705
S 2134 2151 2152
S 1558 1608 1609
S 2122 2326 2327
S 1341 1441 1442
S 3239 3281 3282
M 948 819 973
M 1128 1416 1522
S 2687 2801 2802
S 3338 3399 3400
S 2732 3052 3053
S 3234 3295 3296
S 2763 2990 2991
S 2742 3313 3314
S 1957 2023 2024
M 588 802 891
S 2208 2268 2269
M 2648 2717 2842
S 1492 1617 1618
S 2335 2592 2593
M 1647 983 2071
S 2980 3016 3017
M 2903 2690 3299
S 123 131 132
M 32 34 37
S 881 1559 1560
S 794 880 881
M 496 673 705
S 1698 1901 1902
M 731 624 742
S 1462 1952 1953
M 1969 1388 2213
S 2852 3163 3164
M 940 992 1143
M 3063 3166 3214
S 971 1178 1179
S 2236 2713 2714
M 1681 1631 1779
S 98 103 104
S 698 1141 1142
S 1052 2734 2735
S 1286 1540 1541
S 259 293 294
S 672 791 792
S 1979 3006 3007
S 958 1419 1420
M 1048 1015 1073
M 462 447 466
M 488 607 706
M 603 660 852
M 3228 2880 3395
S 2820 3043 3044
M 1199 895 1245
M 2007 1634 2050
M 965 1201 1259
S 2301 2623 2624
M 676 537 768
S 2683 2694 2695
S 1650 1820 1821
S 521 610 611
S 492 506 507
M 1879 1168 1891
S 1312 1377 1378
S 1092 1284 1285
M 2715 2664 2747
M 792 897 972
S 2655 3135 3136
S 1066 1137 1138
S 1305 1882 1883
M 732 369 762
M 3107 2391 3127
S 1550 1660 1661
S 1618 1691 1692
S 14 15 16
S 228 239 240
S 333 352 353
S 1024 1097 1098
M 2204 2374 2390
S 1548 1552 1553
M 2261 2003 2336
S 2877 3269 3270
M 13 10 17
M 2009 2133 2277
M 524 688 739
M 2596 2180 2647
S 1440 1584 1585
S 565 740 741
S 1384 1484 1485
M 2016 2363 2861
S 2796 2914 2915
M 219 182 254
S 869 1158 1159
S 2279 2362 2363
S 2150 2377 2378
M 113 172 178
M 1930 2146 2150
S 2364 2796 2797
M 449 452 474
S 2276 2304 2305
S 2161 2333 2334
S 331 339 340
S 2381 2479 2480
M 337 357 361
S 3181 3316 3317
M 1065 942 1082
S 2639 2904 2905
M 1060 821 1094
M 1444 1195 1467
M 1036 944 1117
S 3097 3158 3159
M 22 26 28
M 3112 2897 3130
M 635 500 760
M 1285 1606 1884
M 2012 2229 2652
M 1952 2195 2301
S 1510 2120 2121
M 329 283 358
M 2776 2738 2834
S 1834 2193 2194
M 1884 2414 2418
S 2616 2876 2877
M 2332 2548 2740
S 1289 1641 1642
M 2522 2832 2860
S 272 350 351
S 1147 1182 1183
M 1456 2727 2790
S 1134 1358 1359
S 1417 1460 1461
S 1551 1818 1819
M 1042 1035 1057
S 2101 2244 2245
S 1733 2171 2172
M 2893 2370 3118
M 1324 1094 1325
S 1793 1864 1865
S 787 844 845
M 2839 2175 2956
S 662 697 698
S 1064 1225 1226
S 894 1007 1008
M 2791 2789 2961
S 2472 2643 2644
M 2676 2759 2800
M 1980 2048 2101
S 2465 2477 2478
S 1727 2661 2662
M 2215 2321 2468
M 2077 2074 2223
S 1959 2048 2049
S 464 475 476
M 1774 1720 1785
S 345 367 368
M 6 9 23
M 747 708 783
M 2633 2967 3058
M 2457 2731 2878
S 1854 2387 2388
M 38 39 40
M 42 45 48
S 2749 2770 2771
S 2545 2600 2601
S 442 539 540
M 1985 2187 2403
M 1031 901 1212
S 686 894 895
S 865 913 914
S 2884 3084 3085
S 2943 3032 3033
M 279 276 331
S 2413 2692 2693
S 3343 3379 3380
M 970 766 977
S 1093 1417 1418
S 320 371 372
M 811 1103 1133
M 1171 1141 1300
S 932 981 982
S 1937 2224 2225
M 163 178 179
S 868 1166 1167
S 2851 3418 3419
M 2870 2673 3246
S 1599 1752 1753
M 2090 2020 2180
M 344 389 477
M 1825 1814 1996
S 234 246 247
S 1406 1433 1434
S 2654 3231 3232
M 1124 1044 1168
S 2060 2214 2215
S 838 909 910
S 2665 3060 3061
S 2300 2339 2340
S 614 906 907
S 2399 2940 2941
S 855 985 986
S 1942 2294 2295
S 1457 1605 1606
S 2574 2604 2605
M 351 358 364
S 2767 2969 2970
S 3284 3361 3362
M 2612 1410 2641
S 3144 3259 3260
S 2312 2683 2684
S 2537 2575 2576
S 1058 1085 1086
M 2034 2401 2461
S 2740 3137 3138
S 298 401 402
M 1359 1717 1719
S 640 744 745
S 2819 3343 3344
M 380 489 543
S 2853 3154 3155
M 1563 1610 1634
S 2284 2951 2952
S 300 305 306
S 2449 2917 2918
S 2927 3131 3132
M 912 1007 1017
M 1029 1175 1233
M 1205 847 1286
S 1290 1304 1305
M 2095 1939 2772
S 2310 2889 2890
S 103 128 129
M 1253 1373 1494
S 2352 2700 2701
S 1836 2447 2448
M 2576 2437 2840
S 978 1021 1022
S 1626 1830 1831
M 905 918 932
S 183 185 186
S 2330 2475 2476
S 3027 3203 3204
M 74 70 75
M 1990 2030 2087
S 1020 1065 1066
S 3151 3235 3236
S 1944 2708 2709
S 1963 2090 2091
S 538 622 623
M 1485 1500 1531
M 2343 2955 3088
S 2199 2848 2849
M 1653 1933 3120
S 1574 2009 2010
S 268 303 304
M 677 730 898
M 507 430 526
S 1583 1638 1639
S 185 194 195
S 1832 2163 2164
M 3001 2355 3196
S 242 480 481
M 574 653 664
S 1635 2153 2154
S 1978 2191 2192
M 2608 2488 2642
M 921 1181 1249
M 2887 2837 3242
S 546 695 696
M 3203 2828 3349
M 2118 2298 2322
S 1676 1958 1959
M 2117 2529 2817
M 3081 3135 3144
S 1564 1844 1845
M 651 615 694
S 2981 3229 3230
S 680 1015 1016
S 2365 2453 2454
S 180 219 220
M 1894 1240 1943
M 3012 2803 3115
S 2121 2173 2174
S 1358 1389 1390
S 359 396 397
S 1051 1176 1177
S 3159 3429 3430
M 745 937 1084
M 1264 1443 1750
S 1502 2283 2284
M 2179 2361 2852
S 1072 1965 1966
M 564 639 676
M 1575 804 1635
S 494 546 547
M 843 963 993
M 1306 1096 1314
S 2894 3018 3019
M 1654 1337 1730
M 597 625 681
S 502 584 585
S 2524 3000 3001
S 2696 2881 2882
S 173 175 176
S 810 1010 1011
M 3391 3261 3413
S 2192 2717 2718
S 2992 3171 3172
S 2826 3050 3051
S 1857 2535 2536
M 252 226 257
M 1230 1049 1289
M 96 114 115
S 2172 2208 2209
S 2559 3030 3031
S 889 1036 1037
S 2193 2434 2435
M 693 743 856
S 2065 2358 2359
S 3120 3224 3225
S 902 1051 1052
S 1380 1507 1508
M 533 463 571
M 769 751 774
S 101 106 107
S 458 484 485
M 1780 1400 1854
M 2456 3055 3243
S 311 334 335
S 999 1654 1655
S 282 316 317
S 2471 2594 2595
M 3317 3289 3403
M 2794 2733 3034
S 725 965 966
S 1343 1435 1436
S 645 803 804
M 3160 2900 3192
S 2285 2618 2619
S 1840 2074 2075
S 1018 1298 1299
M 2986 2889 3102
M 2096 1767 2267
S 2209 2548 2549
M 427 328 446
S 1362 1406 1407
S 347 348 349
M 2725 2620 2866
M 2431 2684 2686
S 405 436 437
S 131 135 136
S 2346 2893 2894
S 1354 3103 3104
M 267 266 341
S 1841 2084 2085
M 3047 2830 3074
S 15 24 25
M 3176 2779 3266
S 1157 1160 1161
S 51 52 53
M 2536 2083 2546
M 3145 2968 3407
M 1590 1867 1885
S 1766 2011 2012
M 1657 1926 1927
M 2938 2747 3101
S 44 45 46
S 1209 1243 1244
S 3 4 5
M 1422 864 1653
S 1057 1992 1993
S 2044 2292 2293
M 57 59 63
S 1350 1445 1446
S 874 1190 1191
M 1920 2084 2115
S 1474 1532 1533
S 2379 2391 2392
S 1231 1247 1248
S 3066 3201 3202
M 1074 959 1127
M 755 846 899
S 1196 1231 1232
S 1641 1733 1734
M 2888 3303 3389
S 702 902 903
M 939 904 994
M 1760 1664 1892
M 2969 2137 3109
S 1693 2124 2125
S 880 1787 1788
M 1837 1785 1859
M 2703 3021 3165
S 124 126 127
S 1909 2128 2129
M 2929 2930 3049
S 2024 2416 2417
S 58 59 60
S 1537 1575 1576
M 1946 1935 2098
M 2252 1903 2335
S 1580 1746 1747
M 2230 2729 2837
M 929 858 933
M 1739 1560 1816
S 1534 1768 1769
S 129 140 141
S 1893 2064 2065
M 920 1450 1479
M 1695 2135 2137
M 1364 1028 1391
M 1878 2158 2232
M 308 278 420
M 556 544 624
S 570 582 583
S 381 392 393
M 2421 2554 2769
M 872 790 1020
S 1176 1221 1222
S 1792 1806 1807
S 1478 1920 1921
M 636 630 637
M 1874 2953 3141
M 318 379 413
S 2218 2242 2243
S 1216 1228 1229
S 2660 2853 2854
M 2039 2111 2190
M 2359 1688 2523
M 2810 2850 3039
S 512 596 597
M 1582 1342 1685
S 112 120 121
M 3138 3185 3404
M 46 43 47
M 97 80 102
S 2347 2558 2559
S 4 12 13
M 650 664 987
S 2464 3092 3093
M 813 972 1035
M 1369 1611 1636
M 1262 1399 1405
M 936 789 960
M 1614 1514 1652
M 1389 1381 1511
S 2275 2778 2779
M 2926 2770 2985
M 1718 1995 2036
M 2993 2793 3162
S 1986 2263 2264
S 1270 1335 1336
M 421 418 438
S 637 722 723
S 659 1027 1028
M 1651 1928 2429
S 531 556 557
M 142 126 145
S 1241 1268 1269
M 2507 2691 3073
M 2164 1895 2298
M 1989 2484 2674
S 2542 2596 2597
M 388 409 421
S 1243 1697 1698
S 401 646 647
S 606 648 649
S 1907 2007 2008
S 782 857 858
S 2160 2473 2474
S 2473 2725 2726
S 2999 3194 3195
M 638 572 701
776 591311019
438 651541624
210 990709702
2135 235648747
232 659515908
1033 80394797
269 28434310
236 872773270
1529 221046175
734 516756284
943 771397446
572 817162177
1812 759886499
2050 467610247
396 758845809
645 950647585
1296 545212908
311 180701722
832 169483727
505 68984508
1516 955976588
1422 40846992
274 991213958
281 420390618
1046 557577764
1579 23326006
2098 161731412
154 54505732
811 608915159
36 3335418
460 497928499
225 520593277
1344 747437742
205 485731118
283 744686133
1887 501613679
1825 387707600
1034 586545406
12 499123854
1034 762936739
1163 31949635
1660 766443136
2116 167283379
1626 71468865
780 545816445
1081 933882216
595 732044999
1788 164505355
452 301886470
2067 10085600
439 701646960
1674 506361397
1411 193120878
1638 642024246
557 295833031
224 232886544
1515 189105532
919 224456206
1040 236410864
1081 277170034
937 803271054
1610 220189892
264 86137381
1817 254364397
1308 5521504
1367 817887874
149 650306284
772 538959905
225 567941382
699 788180871
1396 308916658
176 595302550
939 139274808
444 408378977
460 503142025
1159 858466467
736 88462527
627 152401506
2062 195951375
2031 95207765
353 715093936
1812 940542384
905 273696533
1780 35215288
355 233225870
1620 472026665
2121 159800728
1525 512411897
1795 491721852
1140 455451735
1259 995021510
1322 158461181
19 216175749
1109 211113267
1419 678243428
1524 976541550
715 208465158
772 116261631
971 930275087
512 620127208
638 220903556
1167 21774287
1563 421007735
1101 760048814
34 634888441
1496 407169710
1134 677014554
779 244922849
1397 936068077
217 804087443
1769 508362366
681 355440936
1425 41458163
1045 880735952
1028 674273877
1125 7115777
1695 616268609
757 701944696
492 617841980
2069 23768060
675 55889451
549 403528519
434 68411111
1440 38019821
1537 530822906
1934 501098290
172 85814986
881 843591255
353 644455768
397 725381657
272 38178523
721 934651936
814 291459839
1194 167172302
1446 795766748
867 161111574
1763 23619230
1335 584106058
796 103387050
1438 268440659
1279 431991574
1104 160035095
1345 160182887
1744 232697735
1707 258656402
538 861475420
867 159418997
1932 660333358
742 725902266
2126 44378594
1988 754599887
898 10037608
1332 623278303
588 636395408
385 859741676
1711 436382780
2127 98354886
1912 77075748
880 668253434
422 277853381
66 596686226
642 165966288
629 49687989
1969 279100293
75 697170865
1844 795585402
86 369412191
1245 127505475
1075 174728582
454 887123043
847 829232319
1959 325897405
865 745919301
756 41615975
1397 244309159
1928 676689959
1132 953596180
1632 491668624
1130 160192423
1112 368228085
134 574737029
2097 851151926
1114 534485618
1863 53770138
233 602409229
554 852335531
1152 571864213
554 810516291
2143 420176179
212 287222133
968 892670496
1386 880839106
1580 913229225
15 643968445
1248 336874350
1437 467582836
628 513101218
205 592431305
62 601841865
1488 660636655
1850 502310130
1977 314457007
131 803509692
1592 275506586
1353 443634431
2063 735466215
493 662008761
1942 196915851
404 522908780
1737 853648138
78 363600504
250 97737967
954 731964970
1937 824966273
1872 367563462
2031 187880527
919 90265099
1618 865773190
1164 791395944
764 317432940
2138 563437732
505 534194445
2060 991427569
1855 58037422
869 878020938
2071 214003535
673 276229168
1285 267245821
713 88452794
1507 17927133
1968 371849848
181 954564857
2046 785831678
147 282443239
1732 218503874
645 642738837
1362 982513720
428 586759364
1281 786977851
1552 175381665
1139 683235845
1844 846194146
745 286745387
1371 924215191
589 285293258
305 486310650
728 256001734
108 801116184
2079 441016378
1699 490984405
1280 759857753
1575 355342378
1767 65817790
1262 441924109
1675 187330557
1732 428825782
1132 945264340
958 13736533
131 960478328
1441 777300466
1781 273159528
498 777304969
1602 863777846
829 736715121
110 926237507
916 929246995
21 426602035
2140 534424243
93 562784147
469 482585429
1584 991797100
930 965832856
1606 312580942
1435 739526638
1669 896270564
1399 816105413
864 109522168
1848 216365071
1428 57458231
1065 388469844
749 73179772
32 656092041
550 440326337
804 23643910
973 447248272
1586 393800172
1888 325426461
1794 368862765
2075 918785844
1708 939851244
41 732829949
472 275060655
135 389817133
1799 794614305
732 412424764
1715 772787852
1734 457718218
59 742456978
508 162943191
1497 185076383
487 318138876
1922 223470898
244 84621775
220 215673871
974 153623467
313 588054615
149 978712960
1677 31510303
712 7770414
282 718860598
2075 620666110
1324 653767530
1620 812796824
1874 636909611
337 87174945
390 417561372
516 334152819
1996 770158613
2085 496225498
1917 642287557
282 527344306
591 419710131
2025 173791917
2052 232243789
180 254563076
1208 127606698
1248 22159490
1603 991852168
1838 778438098
69 476377510
1868 844256028
2100 841434225
927 414554709
622 619507383
1223 440127232
2096 22769870
59 732008946
1078 894203509
2108 790813189
422 452577541
1250 390167707
2044 773306358
58 558585062
174 321079542
1826 753446569
1992 201668254
465 639776812
207 662247855
526 487237849
1144 97135117
555 266850433
1778 213600747
544 552822254
286 937942859
1802 841388515
500 94595514
390 985869336
1064 265136568
1747 446767135
1728 255064975
1888 311696065
339 901061438
372 239353297
2020 978888398
1353 876708128
884 934616474
455 709929742
1663 379071941
947 275186077
1897 396710129
1785 675808414
224 777304985
632 361073717
1882 955313716
1045 365380007
2119 963104684
854 566617680
1069 13392709
1451 670219964
1981 424522149
966 327468143
1016 296759077
1443 255293315
1015 580240087
260 579648141
1760 208852831
424 505705954
1003 792857228
829 562164027
2001 591072561
1822 932287034
1543 858632353
1945 356669782
723 142904243
877 935735229
1780 691186382
949 429082042
1684 390209834
1645 495397210
2004 313441607
331 864557145
246 994484853
1314 466323272
349 89950522
150 944609765
446 749268503
1293 492105726
481 630064452
2131 519264110
2009 678760765
780 283426632
1076 15981558
361 760091040
1940 876388783
1419 703647866
1166 253523332
1861 389419332
749 398255037
761 146397119
1757 501296503
555 550776559
1315 593062015
1932 780189764
1498 22279214
300 18364103
786 424487725
700 473441661
1251 199529185
527 219885887
1635 878061778
1477 66330402
1081 117690444
1947 993055125
2103 619645305
1612 251613751
59 769491568
740 153924350
1679 246215352
1807 875482707
1545 496067644
563 556595957
1250 339019417
1802 470403417
1575 930058698
1345 543856168
1177 405287388
79 686684233
2123 338668720
71 68007671
1634 656217395
2084 554171817
1525 130245743
2144 695843283
724 193458804
1644 473838413
900 71757506
1512 485346114
1744 266810873
627 942575695
1501 398935367
761 79835487
2123 960352077
393 187092113
198 828974299
831 445062823
1283 117812808
1659 811333838
1459 738861752
816 985648845
2118 351083609
516 84820937
412 981339386
1558 811513054
1051 374373010
727 270906281
568 114654070
1951 138535270
956 892506022
879 49292357
2091 170499918
198 542245363
1755 238947908
1992 335353882
101 419164352
1923 886666391
605 960677358
1192 12980101
641 932484259
967 704549962
1379 370618618
2075 187345844
303 56304364
468 426247860
1402 380198091
2017 21235582
313 339206512
1778 425350754
2127 906880788
1838 784744763
2130 879580720
888 738491608
591 419838775
1565 15102022
1500 595476955
1980 468731484
1689 84147769
