1215
72
554
995
937
1349
1878
198
558
570
1137
493
1217
1057
1322
292
250
177
1032
316
793
1151
714
77
123
1223
1836
1262
842
1531
235
1443
1732
41
176
1151
837
307
340
662
445
1472
38
1808
1043
1067
1780
869
1369
271
1172
871
1813
227
1484
1349
667
31
295
77
377
1643
934
638
1027
811
934
165
781
458
1484
286
1623
664
1021
846
872
922
206
697
727
420
1362
1650
189
904
238
734
667
211
812
1297
305
290
1433
1877
1577
406
1256
507
734
1438
874
1693
998
675
859
555
362
1890
533
659
1085
849
975
1573
1599
1876
517
1170
478
1824
1241
1096
483
778
1853
475
421
893
817
656
598
1426
1468
1801
866
1451
1471
558
382
815
1381
696
180
844
1337
1148
919
1618
1334
1086
418
1652
800
1162
666
605
975
1868
1412
360
1568
154
881
670
236
709
530
1652
297
8
892
532
762
527
1842
1745
288
1229
85
1606
649
1026
1795
314
394
1078
1225
526
292
1133
1045
224
1551
487
1737
945
145
616
1891
59
1848
1388
685
527
82
593
714
61
1658
1774
750
389
1359
1225
1667
337
601
308
229
826
532
265
1551
1545
986
1058
1652
656
282
1366
491
1176
496
399
933
911
39
1021
89
23
1227
1893
1220
1358
143
736
850
408
439
593
1669
1258
317
199
790
1663
297
778
1362
651
976
1225
1627
1644
1613
1175
1362
711
426
483
490
994
156
1540
1873
451
138
640
1402
1296
975
1188
1226
1373
587
1690
1864
59
1872
1373
975
1447
467
1556
83
621
742
1048
522
609
1001
1679
950
651
350
36
1216
1768
1242
366
842
229
283
847
1682
1714
482
253
1390
115
1206
1301
387
1082
641
600
1241
1484
1581
1569
276
1540
806
76
680
52
1809
533
525
1181
1692
1669
1699
1792
240
495
229
1149
1509
464
1250
1077
445
1805
1899
385
626
815
721
1560
927
476
1643
295
1348
1676
1419
775
901
534
257
1740
1668
299
58
435
496
734
292
1628
811
1151
1135
1780
331
1029
1509
1317
1337
1187
1380
492
165
822
977
483
458
1475
880
1421
465
409
1472
812
389
431
1306
366
374
1155
1317
1345
1610
364
559
1474
699
1814
1515
1795
1731
189
1054
1490
403
1227
555
628
106
1237
1300
723
81
289
259
101
8
810
1545
1488
634
1149
1040
629
676
30
641
1831
729
50
1600
148
480
491
1135
230
432
981
720
687
440
938
246
24
406
837
914
426
1762
1479
1792
615
791
83
424
928
1000
384
1057
1532
383
1011
1701
559
552
1306
726
377
1048
1224
546
71
1422
866
517
1470
872
1792
108
1578
1461
1060
979
904
868
832
1496
457
222
938
868
842
750
426
60
1889
145
819
558
261
1394
397
1143
1060
277
22
1003
1417
1362
744
45
948
313
617
937
1725
994
1513
1471
1434
1128
409
109
950
1461
1724
1869
1129
198
1484
158
1462
1737
213
456
1898
377
1533
101
868
1560
1000
367
742
1705
595
1629
496
118
1373
416
957
334
380
1041
429
1053
363
1636
1702
1092
625
1745
809
1727
1086
527
593
1414
96
815
1839
871
24
58
208
1595
365
1081
37
240
95
1720
1067
345
1639
1745
1717
414
188
1180
942
873
360
1560
605
1435
531
376
54
191
166
207
844
916
12
1423
1825
601
1601
1240
432
1874
695
527
337
1091
1130
1190
666
1652
1547
1515
1401
914
1115
55
1877
475
419
1887
1168
518
737
1139
884
137
1460
1579
544
1736
1389
1899
1707
1780
949
791
1280
1061
901
118
931
582
768
856
727
1828
1513
1707
1781
272
1703
1498
1705
857
1787
1888
272
121
261
1273
1844
1728
708
136
865
854
1278
1433
1300
1582
673
1094
705
1180
643
735
1220
1360
1581
1487
517
1832
119
42
1808
353
176
432
1640
1548
208
917
676
564
1152
165
21
1742
1427
461
1812
743
1797
1464
1134
1714
964
1483
1303
428
1484
258
1618
439
1685
1576
1598
913
887
1455
391
188
437
455
16
556
1779
1792
946
785
243
474
83
127
487
274
1247
1772
1754
756
1165
468
337
176
1571
932
1617
973
240
509
593
875
831
1478
430
184
1723
556
1151
295
517
207
1713
410
980
44
1043
1572
26
19
874
1456
1587
319
1185
1184
645
16
1079
1121
621
65
869
1776
1738
329
9
1151
1690
1701
986
992
1220
675
1540
307
1130
852
528
943
179
626
347
559
1864
1595
573
890
1050
159
76
1296
1086
1234
1735
979
1150
1498
1105
1721
1780
194
1889
601
869
412
928
1119
378
107
593
1082
1409
874
1531
913
1677
417
1578
709
517
1034
1618
1699
1501
1294
1655
1625
261
1018
961
1652
1527
1036
1153
1355
922
621
1558
384
311
1644
708
957
518
1680
275
95
131
394
994
1824
1236
633
1648
1655
1793
289
910
1591
1455
964
72
427
1062
1210
1598
393
186
1316
1407
1136
1105
878
771
1534
155
751
41
1864
921
426
1273
1598
1253
261
1581
123
723
1196
1640
724
1457
351
635
894
1311
1863
26
710
1210
1162
1806
1024
185
1644
791
1650
1532
1795
1896
1038
1861
223
841
21
1780
1882
143
547
1642
1609
1737
51
1400
450
1372
198
1493
1005
1104
1282
1537
1264
1610
115
1513
229
961
618
761
423
408
1745
1031
326
607
