4632 49 1000
S 52 55 56
S 19 39 40
S 25 30 31
M 72 60 75
M 57 54 64
S 6 10 11
M 62 66 73
S 50 57 58
M 37 43 45
M 56 58 67
S 44 47 48
S 48 51 52
S 12 13 14
S 39 53 54
M 3 15 21
S 14 19 20
M 46 42 50
S 5 8 9
M 49 68 72
S 64 65 66
S 24 33 34
M 65 63 68
S 26 62 63
S 51 60 61
M 59 67 69
M 22 16 27
S 11 17 18
M 73 71 74
S 30 41 42
S 13 15 16
S 1 2 3
S 33 37 38
M 29 35 36
M 40 28 43
M 70 69 71
M 61 47 70
S 21 28 29
S 17 22 23
M 20 8 32
M 41 34 44
S 9 25 26
M 31 32 35
M 36 45 49
M 7 10 12
S 4 6 7
M 18 23 24
M 53 55 59
M 38 27 46
S 2 4 5
12 530
50 326
44 133
23 48
58 177
36 2076
5 494
9 275
47 89
29 145
60 3
27 115
59 77
22 68
57 201
11 263
35 86
63 69
5 1065
27 220
3 804
43 54
62 25
44 108
40 24
56 5
41 2
62 119
70 71
31 101
39 31
24 41
12 732
23 5
2 1305
45 104
63 40
58 207
65 3
20 45
63 5
52 21
63 66
48 67
70 103
56 8
39 84
61 7
45 314
60 23
69 15
17 120
57 23
38 14
5 529
47 90
24 98
66 94
25 72
3 649
51 22
34 94
3 536
20 195
49 1405
31 55
56 13
39 8
9 576
72 1783
46 242
65 27
34 66
42 59
33 18
8 133
66 68
4 368
26 100
41 54
61 21
26 222
13 286
72 1816
16 128
34 55
68 11
72 1070
46 34
57 160
36 41
53 39
65 53
68 156
31 72
53 26
14 120
20 145
22 3
18 135
66 131
19 175
18 75
9 331
10 289
4 149
58 18
58 101
17 39
27 234
15 218
42 26
68 242
75 431
36 508
19 121
17 99
39 51
5 1093
29 764
9 515
44 101
8 131
3 1420
12 555
21 1332
38 3
31 37
27 149
47 83
37 36
68 109
58 57
15 77
64 235
13 66
56 19
10 263
14 4
2 16
48 12
42 34
68 15
65 12
28 1141
75 3477
9 471
22 14
30 67
55 13
31 128
35 612
14 131
50 318
51 25
11 226
32 750
31 113
57 11
59 49
52 27
73 79
11 166
37 49
69 146
10 113
36 1005
55 5
74 404
53 13
17 6
56 21
20 4
42 47
25 268
59 71
10 267
34 43
23 28
38 12
55 7
50 90
10 147
14 188
32 574
3 290
56 5
13 109
17 34
8 231
50 189
58 183
72 895
73 166
53 51
47 44
31 73
2 1132
62 102
4 286
6 439
45 568
70 2
75 3121
24 131
32 183
63 41
7 395
53 44
13 98
3 548
44 146
34 105
10 50
42 8
35 159
58 72
60 21
21 867
16 121
51 19
27 111
5 63
9 474
22 28
75 2132
69 290
21 888
23 5
68 187
57 58
36 1904
33 87
50 17
7 414
68 47
23 13
46 223
61 17
8 125
42 30
29 851
67 9
31 132
35 672
23 71
70 90
70 10
72 2860
54 16
27 237
37 9
41 44
55 8
30 30
45 38
72 3139
13 200
50 76
13 321
20 138
33 34
39 104
70 48
16 205
66 116
62 95
62 74
51 17
12 250
26 53
41 55
70 37
10 178
58 26
19 150
32 314
60 9
46 11
29 325
66 102
54 29
6 547
72 3756
69 212
13 81
43 1088
5 222
24 19
27 226
38 44
16 78
4 611
4 962
12 538
29 271
14 13
44 49
44 28
16 176
56 18
26 6
71 292
51 40
33 97
32 686
43 394
75 310
24 171
49 215
7 487
29 1241
58 4
16 59
43 1357
3 143
18 94
75 24
75 317
67 126
11 141
43 989
73 242
8 290
67 197
59 22
61 14
42 55
15 39
51 33
44 17
42 52
61 22
29 500
36 1060
40 45
44 125
24 172
47 50
12 790
24 125
52 9
13 211
30 141
56 10
6 177
74 413
4 498
71 280
58 148
54 46
64 123
34 19
32 105
34 44
48 57
50 217
44 27
49 1474
25 167
5 1072
22 9
48 86
40 80
54 17
73 56
11 95
19 111
6 574
28 1243
32 468
59 21
18 112
21 442
72 3284
21 151
15 122
55 1
44 167
2 654
53 29
73 22
54 40
41 61
10 257
25 119
48 21
29 386
19 140
56 5
73 5
63 19
2 1457
42 51
43 1150
39 71
69 8
58 193
7 187
62 129
52 6
36 658
13 400
23 37
17 61
20 179
15 6
8 435
39 35
17 39
23 66
25 86
50 119
51 30
14 404
72 983
74 669
20 33
31 100
63 16
42 22
58 84
72 3216
23 30
11 144
14 311
22 38
33 46
72 2924
62 10
53 4
51 25
49 2166
65 22
9 129
2 737
26 237
59 61
3 1596
11 201
29 934
25 85
31 86
38 15
57 205
70 84
41 39
8 275
75 3491
55 22
33 70
74 100
32 185
62 57
75 3935
36 992
32 206
42 32
51 32
21 401
45 1403
32 726
31 3
57 75
21 2375
24 40
74 414
72 3797
48 36
27 80
51 36
16 85
25 106
33 105
20 79
4 72
36 225
3 1985
53 19
74 331
12 113
39 65
33 34
9 478
29 1224
50 210
67 192
44 58
65 96
28 230
15 202
50 149
5 1093
6 490
10 231
23 25
42 50
39 63
74 152
29 259
24 175
39 67
12 273
48 29
63 107
29 791
2 1535
5 64
54 48
9 60
39 7
72 1844
59 29
14 250
67 65
13 306
24 89
30 20
39 37
25 231
16 102
39 53
21 570
74 447
38 2
66 118
75 579
35 366
61 6
68 125
73 203
20 75
32 444
26 208
30 6
45 1417
37 29
7 278
19 155
23 23
50 178
69 271
68 45
68 188
4 742
69 205
43 1105
40 58
50 263
74 154
68 41
22 65
39 107
48 22
47 16
7 74
35 342
38 7
53 14
29 140
20 135
74 543
69 108
54 42
11 245
47 4
34 106
41 16
43 1320
51 31
51 17
58 115
46 12
62 44
56 9
53 39
26 285
12 518
31 10
51 14
64 259
73 223
21 1357
58 178
11 254
59 68
30 84
70 76
45 409
74 226
16 191
40 100
15 21
18 42
74 444
35 634
43 134
71 362
49 1399
66 100
54 22
55 6
71 94
14 292
62 65
27 146
25 194
18 50
50 40
13 236
56 11
14 239
36 59
48 79
50 282
20 90
62 18
59 72
4 272
41 18
2 2291
51 28
21 636
48 56
54 32
44 93
68 47
22 47
72 1096
75 2486
3 404
42 18
6 348
47 9
28 856
17 20
42 25
9 509
18 95
38 6
5 960
45 491
40 69
59 24
21 1642
25 107
61 15
75 2325
14 298
61 10
75 2996
54 54
49 3445
48 52
59 14
74 117
74 453
68 63
36 660
70 90
40 13
24 162
32 520
9 198
47 63
29 941
23 39
8 190
69 174
39 57
60 3
70 113
62 39
21 265
61 5
22 62
62 82
22 17
3 1161
66 90
25 222
63 144
19 99
35 102
61 11
61 16
17 30
52 42
38 42
47 41
31 49
54 6
61 6
64 167
54 3
66 95
26 67
24 78
51 29
59 34
11 287
5 999
3 85
67 10
42 5
32 74
72 2192
14 54
24 36
23 59
20 10
27 119
44 121
11 90
9 162
48 41
38 20
15 16
27 72
24 66
31 102
40 46
31 118
44 5
15 210
32 286
57 169
22 63
15 30
33 31
59 34
9 468
23 27
8 376
61 9
16 1
44 33
8 552
3 2253
4 708
7 377
24 58
29 1128
49 1166
16 34
38 50
4 91
13 289
56 22
48 75
42 6
69 156
32 169
51 42
72 1495
35 613
29 1140
61 3
6 361
3 2049
48 8
30 4
18 108
3 2211
13 207
54 10
37 7
68 113
35 117
7 60
7 522
10 56
58 32
57 177
29 1019
58 67
70 77
21 514
12 540
56 2
15 42
27 281
10 105
72 82
48 2
57 199
9 363
32 485
55 10
32 3
3 73
35 486
29 132
75 1968
49 3555
30 133
62 76
58 96
41 32
37 8
73 13
18 102
58 192
17 85
11 153
74 94
43 315
2 179
43 193
72 2110
75 1884
6 514
6 365
67 66
55 17
5 41
71 145
70 3
66 60
43 576
11 195
31 19
17 96
45 1287
30 42
40 99
49 3123
6 36
9 177
65 18
16 189
39 11
68 209
62 92
64 152
65 26
47 59
10 183
34 43
38 25
36 1197
2 858
56 17
59 1
20 143
6 416
20 174
67 31
52 1
59 59
12 832
5 267
35 296
27 277
73 220
29 920
38 44
56 16
28 829
59 26
61 1
28 615
25 30
46 257
7 51
50 16
73 251
8 94
17 83
43 419
20 141
6 363
20 20
26 165
39 53
75 705
38 47
5 550
26 226
35 839
39 49
75 167
16 205
12 297
52 38
54 50
10 78
61 19
27 23
6 494
75 341
31 87
10 7
29 302
32 480
33 33
34 41
9 155
14 333
75 1
17 21
74 644
59 35
8 466
23 17
65 32
31 42
67 128
13 26
15 108
36 401
52 44
12 806
17 145
43 222
27 118
8 329
66 87
50 59
75 447
4 296
21 1876
54 9
68 45
27 95
9 469
52 4
6 48
24 171
61 5
41 37
28 898
21 194
69 307
21 740
46 169
59 20
13 352
5 963
38 37
35 688
33 22
59 9
20 214
18 81
12 349
34 82
54 46
47 6
69 84
14 155
43 669
6 394
8 413
44 1
67 66
57 2
61 22
68 79
46 19
17 112
27 42
15 58
38 41
40 27
57 48
57 179
58 142
42 49
73 208
34 55
46 210
14 7
30 57
12 175
65 121
15 182
56 3
53 50
10 174
34 97
5 354
4 735
72 1395
37 45
20 78
29 837
14 234
13 157
39 82
58 141
46 314
75 2246
64 223
45 322
61 17
21 2367
73 164
44 88
65 62
