67 84 1000
S 5 18 19
M 60 56 66
S 41 85 86
S 24 25 26
M 70 68 77
M 123 126 127
M 76 73 78
S 45 56 57
S 80 81 82
M 109 116 120
M 95 105 109
M 47 26 52
S 3 6 7
S 23 35 36
M 97 94 105
S 11 61 62
S 2 4 5
S 99 101 102
S 93 103 104
S 9 11 12
M 124 125 126
M 30 15 32
M 64 46 72
S 29 49 50
S 27 37 38
M 102 100 106
M 122 104 123
S 10 30 31
M 55 66 71
S 67 75 76
S 42 47 48
S 65 83 84
M 114 119 121
S 8 9 10
M 108 103 110
M 92 91 96
M 53 39 60
M 69 62 74
M 6 7 8
S 13 15 16
S 48 58 59
S 43 53 54
S 17 22 23
S 112 118 119
S 50 69 70
S 90 91 92
M 52 51 55
M 86 84 87
M 40 35 44
M 49 44 51
M 63 72 73
M 113 117 124
S 59 67 68
S 19 20 21
S 12 13 14
S 96 97 98
M 85 79 95
M 28 25 29
S 14 27 28
M 110 101 111
S 61 64 65
M 21 20 24
M 115 121 125
M 58 54 63
M 34 18 41
S 106 107 108
S 87 99 100
S 33 42 43
S 32 45 46
S 1 2 3
S 98 112 113
M 120 118 122
M 88 89 94
M 78 77 80
M 82 81 90
S 57 88 89
M 31 38 40
M 74 75 79
S 22 33 34
S 111 114 115
M 16 4 17
S 107 116 117
M 83 71 93
M 36 37 39
86 4
11 4
78 2
108 2
12 7
65 1
105 4
37 1
99 2
22 5
34 4
78 10
19 5
94 1
54 1
89 1
70 1
64 1
78 5
79 6
86 3
106 5
14 1
127 53
94 1
72 6
109 6
122 8
35 5
63 2
44 11
49 1
36 1
30 1
63 1
98 3
53 1
77 1
21 4
98 2
108 2
78 4
19 3
24 7
57 1
52 5
28 2
103 10
42 2
110 7
79 2
44 9
9 8
29 2
7 9
126 12
22 5
83 1
25 3
51 4
35 2
36 1
85 1
51 7
114 7
54 1
73 1
86 4
34 4
70 1
124 3
79 5
28 1
87 3
116 2
57 1
70 1
116 2
7 7
25 3
60 3
58 1
5 5
10 4
27 2
122 13
72 2
42 1
84 1
90 8
43 1
33 5
74 6
70 1
16 1
98 1
52 2
73 8
54 1
92 2
95 9
96 1
120 16
33 2
60 4
41 13
60 5
42 2
54 1
80 2
126 3
64 3
89 1
73 9
56 3
124 1
46 2
117 1
29 5
84 1
94 1
42 3
99 2
101 1
90 3
81 5
103 9
96 2
37 1
84 1
91 4
21 2
25 3
89 1
107 1
15 2
111 13
24 8
5 13
99 3
38 1
121 6
92 5
125 16
13 1
95 9
98 2
52 6
116 2
21 2
110 5
72 2
87 7
99 1
124 1
69 2
63 2
34 1
122 22
106 6
91 5
21 2
106 1
125 12
41 4
89 1
115 10
126 23
118 2
124 1
36 4
11 6
66 9
25 2
100 2
3 13
33 2
66 6
8 18
48 1
62 4
64 1
40 9
77 1
116 2
86 7
9 11
66 3
37 1
64 3
86 2
97 5
97 4
21 4
126 26
115 5
53 1
85 5
56 1
21 4
14 2
10 10
91 3
16 2
29 6
36 2
106 5
98 4
38 1
126 20
20 4
84 1
99 3
108 1
124 1
16 1
27 1
81 1
39 2
63 1
6 6
22 2
66 1
82 4
121 1
57 2
118 2
63 1
18 8
112 3
25 2
33 5
56 1
104 12
84 1
10 9
11 5
95 6
56 1
24 7
45 3
106 2
87 4
53 1
100 4
92 4
119 1
66 3
82 3
109 20
113 1
82 2
20 3
24 2
70 1
87 3
13 4
100 2
60 3
42 1
24 8
82 5
39 3
89 1
48 1
85 6
91 6
124 1
58 1
118 2
80 11
121 12
2 18
22 7
51 1
45 5
61 1
65 2
33 4
98 2
20 3
16 2
9 12
73 3
11 9
16 1
101 1
58 1
16 1
107 1
51 1
43 2
21 4
114 9
16 1
118 1
102 2
123 3
120 12
49 3
127 59
124 3
56 2
52 5
13 3
81 3
127 1
40 7
106 4
37 1
11 9
108 2
2 32
79 3
74 1
39 3
58 1
14 2
70 1
32 3
35 1
29 3
93 10
45 5
82 1
119 1
12 3
122 12
106 1
89 1
57 2
86 4
40 5
97 6
96 6
126 25
49 3
51 13
72 2
72 8
98 2
16 2
47 2
20 4
32 5
118 1
34 1
118 2
53 1
111 3
27 2
17 7
90 11
104 8
97 3
26 4
17 8
90 2
10 15
7 10
63 2
56 3
55 5
25 3
65 1
12 8
12 4
95 10
115 9
115 3
41 5
89 1
15 1
123 28
107 3
34 5
18 6
127 67
111 4
36 1
50 3
108 1
58 1
6 5
113 2
84 1
111 9
127 34
30 7
21 2
103 3
13 4
21 4
12 7
47 1
14 2
98 5
99 1
124 3
25 3
74 2
124 3
69 2
44 13
18 2
17 17
38 1
80 7
32 8
26 4
27 2
81 2
56 2
121 4
46 5
64 2
80 2
13 1
46 4
73 9
34 1
108 1
80 5
95 1
6 16
74 3
103 6
52 5
100 1
23 3
30 1
21 1
107 1
40 7
44 5
22 9
9 16
40 3
27 1
64 3
115 5
13 3
63 1
39 3
86 6
122 18
114 1
73 1
60 4
2 20
4 4
2 32
46 2
77 1
106 3
61 5
5 1
123 4
32 10
80 9
42 1
115 4
86 2
122 1
105 2
77 1
35 3
43 1
21 4
64 3
101 1
94 2
86 1
115 8
122 6
10 1
122 7
101 2
98 1
13 3
63 2
43 1
25 3
37 1
45 4
56 3
82 5
22 1
72 8
72 3
95 1
19 8
62 3
2 11
43 1
29 2
10 10
18 4
87 5
45 4
111 12
62 4
50 3
83 1
12 5
48 1
49 3
119 1
39 4
13 4
18 1
112 1
127 61
31 1
109 20
38 1
4 9
115 8
16 1
53 1
58 1
111 8
18 1
58 1
69 1
50 2
70 1
18 6
19 6
20 4
39 2
38 1
109 16
91 3
98 3
98 2
54 1
18 1
78 4
96 5
41 14
26 3
102 2
121 11
119 1
44 12
18 6
104 8
103 1
11 3
63 1
40 6
39 1
107 2
41 11
97 6
25 2
88 1
9 12
74 4
45 3
46 1
118 2
37 1
25 2
118 1
87 2
48 1
101 1
3 12
20 1
41 5
27 2
13 2
82 2
118 2
121 3
109 17
78 7
97 5
8 28
95 7
57 2
97 4
7 1
14 4
41 11
40 7
96 8
16 2
88 1
126 23
47 2
77 1
30 8
23 5
82 1
123 41
24 4
15 1
77 1
98 5
114 1
27 1
45 5
125 13
69 1
42 2
113 1
98 1
48 1
102 2
9 7
12 3
27 1
82 5
101 1
116 1
107 2
80 2
60 3
82 4
114 11
41 13
95 13
36 2
110 11
77 1
80 4
61 4
93 20
111 21
58 1
41 4
91 5
79 6
3 9
19 8
47 1
23 5
88 1
27 1
64 3
49 1
10 14
65 1
49 3
90 9
50 2
101 2
66 9
17 14
53 1
70 1
61 2
119 1
23 6
105 1
103 9
44 11
17 3
87 3
99 3
34 5
11 4
6 14
65 2
72 8
41 4
66 5
73 10
115 10
125 10
13 3
111 7
15 1
26 3
11 4
70 1
105 6
112 1
19 7
19 2
93 14
53 1
86 7
39 3
113 2
35 1
13 2
55 20
97 6
99 1
20 3
107 1
12 6
114 6
51 1
26 3
9 11
78 2
57 2
104 5
3 13
116 2
24 5
61 5
107 3
63 2
69 1
29 2
90 1
66 4
127 51
34 1
122 14
21 4
126 14
17 5
33 5
57 1
20 4
72 6
118 2
54 1
72 8
43 1
109 12
27 2
35 2
84 1
101 2
20 2
106 4
45 3
52 4
93 33
56 1
25 3
37 1
15 1
72 8
113 1
97 5
45 4
108 3
94 1
40 5
2 32
89 1
70 1
87 6
52 2
3 23
77 1
62 2
19 7
88 1
88 1
92 3
19 3
124 1
15 2
104 6
31 1
55 18
106 3
26 2
100 3
118 2
90 7
69 2
27 1
26 1
86 1
52 2
26 3
99 1
58 1
115 8
3 18
41 5
95 6
87 1
115 2
77 1
95 12
92 4
13 2
11 3
21 2
90 6
26 4
108 3
77 1
93 24
102 2
126 7
53 1
20 4
31 4
74 5
90 6
25 4
55 9
5 1
31 2
9 13
8 8
66 6
72 8
43 2
127 47
7 10
44 14
39 2
46 1
24 8
125 18
110 1
127 39
87 8
125 18
36 3
123 35
92 3
27 2
15 2
99 3
21 2
3 23
104 12
22 3
91 5
124 1
42 1
11 1
12 1
9 5
57 1
81 4
60 2
111 15
109 6
83 1
32 8
46 2
69 1
102 2
34 1
109 13
61 4
58 1
105 3
70 1
110 2
7 7
98 5
44 4
10 5
15 1
35 1
64 1
116 1
55 19
5 17
39 4
41 2
45 3
117 1
14 1
74 3
52 5
78 7
40 1
79 3
118 1
26 2
91 2
16 2
36 3
109 18
65 1
69 1
12 2
49 3
111 3
69 2
80 8
5 5
45 3
42 3
70 1
113 1
125 23
63 2
31 7
5 8
55 14
56 2
78 8
94 2
54 1
66 8
37 1
122 25
99 1
119 1
66 1
60 1
111 22
111 18
79 4
121 6
97 6
123 35
2 6
17 18
8 22
64 3
111 11
120 16
48 1
118 2
58 1
7 8
114 2
7 5
40 5
53 1
58 1
44 3
121 1
31 4
123 23
78 5
96 2
45 5
100 1
72 3
51 5
104 4
61 5
47 2
62 3
38 1
85 1
62 2
16 2
85 2
110 11
51 10
56 3
92 5
55 17
120 21
22 9
57 2
61 5
44 11
94 2
58 1
111 19
3 10
127 9
102 2
37 1
127 2
39 5
87 2
85 6
46 5
46 1
65 2
52 4
20 3
93 33
120 20
5 2
17 8
100 4
99 2
120 5
97 6
108 1
55 2
82 4
43 2
56 1
82 2
110 11
4 15
119 1
113 2
90 1
61 3
122 18
84 1
73 4
91 3
