579670505 57 1000
S 2 10 11
M 12 13 21
M 25 27 36
M 17 23 50
S 40 46 47
M 80 77 82
S 51 53 54
M 52 53 61
M 63 45 64
S 29 30 31
S 44 59 60
S 14 28 29
M 74 72 78
M 15 41 45
S 64 67 68
S 30 32 33
M 81 82 86
M 57 47 62
M 85 84 87
M 39 59 63
M 20 22 24
S 42 48 49
M 50 48 51
M 78 83 85
S 5 8 9
M 11 6 16
M 62 60 66
M 49 58 65
S 26 34 35
S 1 2 3
S 32 43 44
S 31 37 38
M 34 28 39
S 68 70 71
S 71 74 75
S 21 26 27
S 7 17 18
M 54 65 76
M 16 38 42
S 4 6 7
S 8 19 20
S 3 4 5
M 73 35 84
S 37 40 41
S 9 12 13
M 33 43 52
S 56 57 58
S 10 14 15
M 55 46 69
M 24 18 25
S 61 79 80
M 66 76 77
S 19 22 23
S 36 55 56
M 67 70 81
M 79 75 83
S 69 72 73
44 3832157
78 35094057
47 1016321
21 20553059
52 3518322
70 16674216
87 70494298
54 27202866
20 23651169
28 25743093
43 3637131
79 47683922
47 1736936
73 16215018
31 4786347
3 270585627
82 281804028
56 12961234
79 18251129
32 3494293
34 17451057
12 18025168
82 248948461
85 50853599
14 39319507
68 48058849
62 30108565
29 28401805
87 18455654
34 13468791
25 25802004
19 12925238
35 7210434
73 11901890
40 3977459
4 39214077
3 30474672
46 1793470
81 50305309
86 134686893
66 7872866
14 16105631
37 4681283
57 949804
41 3048106
42 197452572
55 31011999
74 3140226
34 3137793
41 2515434
63 49087902
84 15399902
4 18040381
11 73651233
67 8311451
45 76957339
26 10826903
82 196580937
44 3542751
16 203882025
38 4102195
77 19430141
87 134728290
63 14306014
34 11232308
31 5228825
30 5183304
5 104428819
17 12201771
2 86369963
83 45114246
46 1404695
68 65365928
51 53933289
21 35190061
68 34953244
24 24815154
35 2919519
86 354325946
30 8974877
66 3720661
30 14217210
76 184380314
56 13509537
62 11048452
56 53720833
15 57135706
8 33332652
73 15394973
25 4951645
80 16625351
69 7178200
25 56107499
27 16383619
17 19163974
29 35999144
75 8901790
37 2750609
71 31457792
35 196047
59 1579539
19 3200084
37 652055
28 32485489
50 23992426
79 19957856
16 204431119
54 61601161
77 114763344
55 32206199
41 1982456
43 1345321
15 14697301
65 36559633
36 8687559
31 9802401
47 1469149
74 2657545
31 3436239
19 12314773
61 40500492
12 19743315
16 86216240
75 12537277
85 73403210
63 24493197
36 35580276
11 117148481
27 25475374
48 96676264
64 24411113
61 70661937
35 7992907
41 2459096
48 77292971
13 17113728
39 42564699
41 4271524
87 74685569
21 12681948
44 3915923
21 19943357
3 179477046
73 25977177
26 27285919
54 26385978
39 40371477
20 30014256
39 8447946
10 48199509
80 35793965
29 1705046
61 79697490
86 135558393
52 4158318
54 71293749
31 12182646
54 67135700
67 31588238
64 94156044
78 1516218
8 16783473
65 95494389
15 4992614
31 14570358
39 50618757
62 32802066
15 19058904
77 168918986
75 3437532
21 40719493
25 57599345
63 55248532
55 57083185
57 17259100
16 161880729
53 46358739
28 2078261
52 5281709
57 8050671
40 1862100
65 136953841
69 10262691
28 12620506
23 8442376
20 4108982
66 11262534
11 60866116
14 53690405
57 9637341
32 6365753
69 39921556
65 50278373
27 17408660
9 39699659
66 15145727
66 13091941
58 14651486
29 35576677
3 239331703
69 16767966
54 16003816
62 7810061
34 14725684
2 98642097
22 17856332
48 67738004
17 31133794
69 59237740
2 85013484
57 17994711
78 7873276
28 2188153
4 49631182
76 165186733
36 56773725
2 257528427
56 30824890
31 7951547
41 2195824
81 16475360
86 283423313
27 1194326
20 7057050
45 69781283
34 1093589
81 40137402
57 611011
15 70943566
69 58928118
77 201588111
40 1535636
87 119435592
4 123777392
40 4033013
87 32785607
71 31850414
73 7743790
41 1234162
5 8891164
11 141471018
70 173124
6 17218484
39 51141267
27 18872766
10 254662
8 8477990
61 19478733
56 41440352
23 7194912
84 5766837
16 53512670
59 1381220
26 8851852
83 64231334
42 142897940
27 34389729
45 32709410
81 61654927
28 33387627
87 108613032
70 30294391
46 1105771
69 22105106
71 14657522
24 47655775
77 193054694
20 9870356
30 1635607
40 1096838
38 870174
43 135317
27 2251142
17 32751327
41 1167479
31 12086968
30 12045919
53 57560222
32 4018142
5 75328991
69 43462960
74 6355531
30 8871238
63 28653771
66 32874615
28 23668117
70 30699417
81 45694579
50 33070422
71 2568826
72 1250908
42 197029835
22 6835216
38 6087538
74 10962580
86 154927133
7 41006514
86 16639486
9 60084646
17 21495784
33 6081437
29 25211211
9 14153647
49 66139914
66 21506840
86 145394275
23 16451055
86 280420828
3 103910104
84 26181477
2 84079243
79 24705452
10 65949447
43 3099638
86 27666820
65 126690285
54 51789237
36 60868152
48 43210304
50 26152290
31 16877820
34 11975011
11 59207631
20 25637298
17 7191898
47 1459013
28 9402781
64 2430389
81 80405261
23 15372709
36 91087364
71 21444556
45 11680082
21 63635172
82 85389523
66 6866060
79 37751768
38 1513553
80 24719183
15 64669163
77 212902168
40 233230
10 5756721
35 8043124
19 24394982
29 25882677
30 10074243
80 25071135
31 2810054
20 5619463
47 1964937
9 12475451
39 34398666
8 41923027
28 22742965
16 112329563
75 11050258
35 12374294
35 3662358
77 55729274
85 63295727
40 382736
84 37432097
14 7721875
48 37054020
29 601943
22 11299019
19 21809500
34 13744242
56 46794362
4 69666306
23 8742817
66 25749462
28 33076453
61 62032711
64 70340111
3 109716778
80 45397273
28 26997253
82 61994790
25 43669877
68 7530101
36 26951574
24 20861338
29 34897893
73 17842373
37 637102
30 11560320
16 117375215
47 1683972
65 133905164
25 36045308
53 56632469
53 83127757
41 1759927
2 162795247
58 31323478
75 15921270
30 17245177
85 7834686
33 886730
32 7383569
28 11847318
26 5041371
7 57861841
50 36686545
24 24911003
7 56292821
19 4248576
28 21230995
3 194686800
49 80300241
3 224305874
67 37229142
68 45205011
42 114071555
6 29886917
67 56242517
52 6634781
80 40994787
38 8068981
41 3889235
36 90960240
34 5646140
37 6562922
25 45491874
38 2261729
77 76615128
55 63399083
7 34704236
78 38141492
49 80182900
50 28972639
8 44342202
23 14461701
59 519445
69 34582662
74 7490871
56 39213885
19 7706176
57 1008218
43 2427836
29 14930893
76 30646802
29 16914923
5 96606163
23 7021165
30 4783521
22 2345009
84 41910550
63 55223643
8 31058123
11 138337544
64 12203902
76 122860719
46 1485065
14 72276677
21 31020946
41 2948590
20 22790161
68 32336584
76 45853213
36 55714648
75 1650453
28 28016942
42 89720811
18 35380394
55 21234816
51 93505973
65 44709956
39 33812472
25 21120451
43 3919598
83 5409594
23 13853263
37 3951149
66 13725798
27 12567931
83 1884803
2 200211004
19 3998440
83 24099914
27 19049210
68 58545129
20 19606078
2 147050291
14 3651096
68 54005968
43 4291015
87 50455283
35 17990894
57 27130769
6 39223368
36 51429900
80 1340212
30 9729941
23 1478863
19 34705942
73 13248216
70 10031440
41 3588663
31 2146271
14 19956105
4 38534571
61 57028015
85 98406675
78 26981055
74 4232455
80 35634249
81 67202003
34 8447939
4 35258733
32 1033332
54 82658448
47 1587762
33 5290862
73 2844638
6 34498896
87 21353156
48 42890106
80 42417641
73 29550845
33 1789352
8 44638682
77 110940359
61 73946085
72 7128684
59 510340
26 35820075
59 1889735
57 2306248
57 3920745
11 10482279
68 10028231
32 5341042
70 26374294
45 7612579
7 70302679
9 34585986
24 16165662
76 35499688
85 85697642
39 41525569
46 216295
79 23099275
14 37555186
81 39296683
15 6966053
36 120401366
81 62406321
67 16149007
35 15436877
11 115280608
76 137655986
44 123722
63 28147338
19 18807256
52 7272177
46 157646
18 32604632
15 59427543
49 77610903
78 26727804
8 35780415
80 33994453
20 4020149
57 8447641
81 86416694
8 63928335
87 82931376
66 6247413
11 60374453
24 38612478
7 67960491
83 42441777
79 16447455
26 10686337
40 3875904
66 15161888
60 1365432
42 211434751
60 294722
62 29740115
25 48626305
83 30286843
17 3390227
55 30148639
36 76764230
64 63742011
54 6769323
72 19933326
6 6533952
69 45740063
7 65101164
72 14909855
47 1831983
63 16300109
31 13176924
60 1901011
86 256432336
50 41227937
39 4225359
72 1017468
13 10664979
55 51767568
6 27683721
81 91804968
63 1332662
60 205396
87 127012269
35 16760097
2 236438501
50 48214732
52 8338838
16 24739162
42 219548889
59 803839
83 12159257
39 19124002
68 56569652
24 2822580
56 26025750
52 2779738
16 8566449
60 1224195
59 65165
73 22666103
4 51133016
28 13087465
51 599098
16 65483750
56 13750560
36 56581204
23 7284268
33 5259700
24 38220449
68 30776468
2 242289414
67 53597870
7 55442744
33 6211927
65 137867679
58 24084437
20 4551144
84 24676888
12 23171736
5 126537208
51 72028058
40 2494055
29 5514058
49 104580618
18 13925689
17 10221748
41 579996
40 353829
33 3583115
23 14119090
53 82889541
87 96321261
29 35483156
14 17508200
81 9058691
9 21673495
76 197746777
54 15874695
68 34026532
58 14930449
46 2050086
75 888619
24 11802119
12 7182876
18 35149347
35 6625206
23 6749376
51 23468315
38 3834316
78 24370278
44 2957806
6 23279054
33 8898393
78 30147575
15 54032992
17 12308447
41 2628143
46 2122785
23 14357410
28 8343462
36 64691503
75 7738541
83 45577088
64 6183305
9 53056205
81 60247251
60 1488168
28 19693143
41 2257457
4 404681
31 4160968
69 42944298
81 23707147
8 42154009
60 976093
51 2288597
18 1242347
63 25792764
31 15653185
77 262315100
31 1118707
80 40754220
13 33187751
85 21117029
28 5718766
73 9234581
40 1339071
73 8185635
33 7613316
37 3603536
68 44486723
58 27600880
42 223506359
33 2563825
69 61880905
36 98769399
23 9762365
75 6917338
26 32835854
17 17810399
85 197661
28 19991600
7 38509288
63 1851707
8 57858255
65 73978989
65 49156633
82 42352256
75 4468636
80 23689972
72 12632346
80 7250229
79 33924359
82 55652410
12 26325652
29 10578370
71 23176024
39 45097566
67 29749895
36 4323870
80 34870381
7 53308667
47 892961
58 1086089
39 11646758
78 188136
12 26918057
23 11432416
58 13105727
76 212498579
28 22600656
81 66125725
58 10058539
48 24609837
63 6445116
47 156575
2 30994202
34 11142569
37 4851658
56 31609912
37 9012590
5 76476943
70 27143460
58 24130595
30 10701896
53 9855005
74 734331
32 7160293
25 68125874
24 20843807
80 30370180
45 39524621
84 32162007
79 19624042
30 9707058
12 12402823
79 26797256
81 58249490
70 5289546
47 131194
85 53181394
60 1824853
68 19471504
54 49468182
35 1448579
19 23720977
9 64276448
52 6607249
46 1904589
25 20075497
58 1247228
17 3274307
36 68919547
87 165862752
49 33837546
9 9680211
71 8846752
68 38659108
25 19583538
29 4852321
13 34209509
17 35285374
40 3447502
31 7558287
2 203299053
14 55799798
79 19353959
84 38902225
60 132715
75 10798245
53 47941665
5 23710397
52 12381909
37 8861067
32 6165561
50 15789720
76 85739970
51 134460351
43 3040650
11 49383654
25 43824209
31 15642812
34 9128566
61 56025554
9 46478496
31 4657355
79 30018413
75 4161248
18 25867871
41 2764001
53 76936660
79 20733060
37 4635023
71 13893771
13 9764511
30 5874232
26 28970480
51 137443439
5 123983645
51 129542679
59 2255705
78 7767392
35 2805620
44 3404128
46 489556
47 1017197
22 3920850
70 569064
27 22135282
54 16748604
50 14005515
9 35367794
35 12105664
68 22373224
37 1455030
7 41115233
10 96474334
34 15303633
78 26703192
43 382690
19 3146281
33 4190393
74 1505096
84 28447669
59 1340763
20 12962917
24 49959560
21 59644099
10 141489989
74 7150709
16 35935457
18 34704422
87 37304125
17 8622595
65 10481641
6 59232146
47 842715
23 1547413
33 1139872
86 33857398
60 1634348
38 8185596
75 3127490
68 28824123
73 16224519
13 8111487
26 36002532
70 11504340
44 2400318
49 31719588
58 14556464
50 37787223
79 7200774
44 2143165
27 29804787
69 27932769
23 13100937
10 43270398
43 4099273
24 29613886
14 68012806
64 113167270
42 106469985
63 2618783
61 76332164
64 60090836
77 92115182
49 23484280
76 169349297
30 5293555
48 52794414
68 9853759
8 57872774
71 31242139
13 26956693
13 22416658
24 10271070
46 176524
26 15226099
28 19068733
63 56364555
33 591933
24 14773216
28 185233
47 2145734
87 57802035
77 61035863
14 30330467
23 13042718
77 116183742
87 1
83 35575168
50 23201528
49 45241257
32 6305828
65 58103720
49 85985107
83 30685991
21 58125024
76 203593965
17 16595605
47 1724556
12 25573366
9 59487029
67 62362283
23 16562017
64 29987201
4 133028561
79 18773766
85 72960333
43 2043517
59 1081323
31 16196544
65 24331178
35 11764654
63 1430857
84 29637158
74 13118762
65 88671922
7 36550281
14 54970952
73 3408369
6 50665516
81 67533708
23 16112675
58 31185116
80 20893544
6 13647827
5 25855647
61 80818484
22 16039613
23 14580700
65 122141208
66 18532588
36 57229023
44 2300589
69 14816789
79 1309236
33 3838171
16 184440041
59 53825
7 67519597
15 31181053
44 3453654
11 58414435
87 115193663
28 527911
5 1479407
87 80843343
18 18510605
29 1454849
72 14238726
58 21062793
