377133143
190602560
286780231
153531397
278035873
37533385
368688301
607456509
729060747
681448088
912196732
701786927
226214356
427746035
833699032
166733016
502052497
882584673
817538701
3479737
829636321
800344201
635163888
654435489
137361597
509623921
646031982
684397906
481347895
701087854
90616145
424575765
589246966
67739966
887917940
851569810
674447212
559196246
239391786
813620203
468563035
360533097
891904779
149978260
71320635
98843520
151405643
613139686
699323443
347803811
356391687
759345637
282426914
403396378
24427950
697287742
276549813
648073546
317600448
5373950
195272861
770670882
2968973
334538950
605176895
520846403
592766274
77485550
92550197
710912893
856014563
701133573
462956848
181685150
877498921
46212880
326095836
366933087
6884117
345099547
667411454
343212871
270612865
27509298
417294891
8315107
252707337
244074625
198453290
533141205
580784793
233284329
361129810
840174513
333127279
910457584
35034541
799865801
356866923
388481469
474498739
861294312
128370428
479808099
591477772
311077139
614744206
373402041
722666639
163723343
732302608
903880411
102891569
483526785
692024104
667272119
857768864
120892448
91600451
223533350
525187057
52574667
698083912
276291325
810448631
792189308
41080208
722378637
898157551
104490650
741596345
905488303
767906365
811331626
882470457
80314779
129371428
310624363
635436108
702249746
142695858
248451994
275743675
672529403
223529189
625430823
3335363
429871709
525148731
67849843
188581469
539711550
152252017
835341348
391669908
558812401
890059589
728840681
371813138
405366766
371784658
247925113
482419347
263312619
266030813
752539723
169990486
340075634
470898873
483054404
262982596
364347762
72849745
687622100
182138453
593290150
637607628
118525196
435660098
652449814
172346504
424124786
192010209
132390047
851491477
603276524
383599504
227682236
338016876
908153373
703739777
472755073
28394760
54720813
36394171
59305735
505548829
759404360
851473885
46862385
149843406
139375227
69700003
640022756
698312703
498361507
514499819
789633730
886842194
106287919
501746194
436126997
10716689
34186533
477103561
319373276
398494259
381479073
104366454
101120923
841832910
652898580
433378969
570216402
82545117
341793727
870034698
667280813
667645742
842565562
742211453
29058958
419617394
104808426
648945747
643032613
521749437
6904060
434998111
200684373
807053906
837191886
759170887
660189887
405916562
211684446
404239042
526422838
698360028
778657690
640231368
874796412
378147382
133469702
566707813
359950430
535391136
25087146
815832808
334464988
554912467
124957764
263193909
658276325
709805992
727962783
57083331
344841267
22880077
774703813
380303326
116868975
535739339
87339423
857998117
318426301
27104628
597005381
280773801
522422423
44583324
232365922
638059281
6316492
528872396
91973914
704272338
68129966
535043853
905203405
536653159
43683220
881226395
876924209
460945075
632093613
393290293
693182580
191957181
303913150
286123757
431373157
828111398
144057139
76590686
557874085
448541763
423419810
17095982
865301147
264598080
481877526
554010055
223316777
52573136
198276401
903969104
377667766
88623372
387267524
96400361
572017987
883995284
272974755
740226554
206574584
72585215
736411727
74621346
881282940
98965671
95104450
267074261
523065054
393832126
217952917
567730945
663919758
146313392
418768410
20947288
98830118
811405137
132437959
586187684
44523128
490526019
246136261
834693372
483839259
301137181
311433099
671582061
820206329
446146066
85691489
106192894
793838300
323192206
807108452
631998438
850723659
593104860
247996609
895485545
109759283
673000154
383451180
261542854
297986912
608611611
34592805
67536279
757538641
558699370
305706489
782058953
494092497
664274470
31717831
323551172
592913391
65083302
406017181
562629250
186419698
400019415
309583983
227796080
36739438
536180765
333204307
798016866
564389406
279954022
731781152
331155636
542314421
423236473
598079788
317893905
768938361
197307894
319220157
775898167
464683502
750535220
659855577
146326800
304135639
418468603
253232146
585038056
896079440
887517948
96692373
320448420
266199030
384562063
690210783
303750940
312505587
454648214
147777338
579715058
581503276
267909464
458111987
393765290
702466018
317320647
616968042
391081320
803091161
453162991
18555328
611874027
655605227
347478486
100310302
157680890
25550311
511824861
41659636
599784299
320719404
553917320
4767604
112209411
700269305
254912197
186313908
79459228
381884212
703929360
553910353
383979681
505924257
741684447
903918001
716041770
271910590
183986977
797850884
703273295
671646950
560507415
224061653
592169707
912944126
792071687
341164639
7426169
523117613
59960016
816576907
16718428
526624263
586090471
100014356
426588465
831885475
639137966
375414468
729309148
403486239
403009771
786016422
703613897
911524384
31829354
905724873
39166443
715843370
377675973
158631556
59337887
427949612
754129862
178420449
663894234
572681211
669203554
56341050
394186267
700839480
578270722
287939678
320532092
808807304
313892739
9978821
679826944
487476392
624212445
136018993
775381212
437364571
429841123
252943706
66484977
605772637
423702352
122077491
132033095
489423655
280779421
37611479
93367690
240598123
850682977
759404658
479851407
712505435
9215443
233897916
555002420
97160292
885539073
72072577
551879607
61539726
826274157
70715831
499079575
237004413
319837234
220340602
551288127
44955908
736574609
33927901
55185248
360567180
485405985
67305397
456195176
31472545
809037788
370509588
522340407
502828801
169250374
593104062
865613224
234074232
628340420
136764234
197750502
42016096
348760027
639803613
718283355
418926016
752758641
413825399
414523761
245129397
789468938
462488847
759880100
796174379
863762982
399322973
708332601
362280959
801588211
71109291
608575238
779272543
40099024
383596746
743672115
622383175
656965631
243240495
397765687
578627402
33630094
641250857
575304533
723462057
500496838
736355940
91838977
125765154
395497036
401050999
394620193
229289221
583713445
233363241
171205719
403134716
679415880
6806234
153689597
82900634
774507304
792603031
444287171
25061270
243771172
396880935
853731115
81743139
582734767
804170559
568816979
713658592
431300716
515174172
681099165
280720197
193243967
198594029
15441402
758817119
721706663
347564562
612172233
262529535
671647658
489161901
378752061
238416004
125234034
142673964
519543823
118048173
715800136
430965130
692514594
683473516
453932433
178692898
28603695
850428387
910817617
153402718
467948258
262086753
649800399
823705417
410963350
183597901
111390457
224528500
866282509
36235606
878628044
505990787
825158992
589310390
263714289
456101807
639582403
698590768
362253445
136767021
485642285
438378459
314294885
356419079
885889194
402144349
896922043
733088901
868369353
548385766
321207817
257859340
24074649
431566685
309209673
803772852
630832592
16241586
486881050
854668620
198676996
323839319
631908446
894576866
248636381
263199281
870532636
164832264
455579914
815879995
803617945
159029336
851957829
893820583
486628988
514944796
779251227
754907604
455274947
31817390
765242691
220335423
67903892
598176110
365937645
869925995
874642625
184777070
671595505
208202910
503207414
262169266
460982335
315849978
643813684
250048024
699446714
670374974
545072259
337655580
500578550
13108636
745919432
297680559
95236687
299812239
868853937
132723372
129194001
627690255
652311081
712032830
657411492
402241484
723321808
865064437
300842019
253186205
650297374
179319661
443985406
706979953
372299597
573422715
195337047
517325685
584088737
114010967
52789968
517610538
478282928
382974032
547232843
523291437
607194375
910352389
139512943
56612779
793949748
107410863
222544610
792582204
128280686
120848471
684843618
468283667
789049957
774937575
107321003
825473097
842115301
252835796
670050049
492035434
910424556
859380148
410530549
278122887
532214380
607081063
233273460
482853556
171336462
782328144
246222696
498304901
687844983
873811328
94753104
799069695
201392006
17201768
306997692
243471941
397876430
14933549
326706395
117253829
153457540
615786245
879116877
662948732
411338
501972860
369203331
301393536
431221677
65683420
585540279
434550627
335608490
825837579
853744690
821765243
803179715
485221544
754359962
532188571
726534366
24354570
83089214
347900069
474551529
517442695
858144373
104997797
332342057
212287681
186440248
243072161
758280364
65263048
578662640
136715641
548681633
41165204
257316569
250045404
11937754
311954029
57436838
690438896
484109674
221806688
766197483
314866275
337659821
392136749
625494645
250231115
680415540
657981603
899383622
827016006
87471232
346470516
44989134
593968687
58530463
72115578
297892540
110266573
180135287
311128726
449693508
384624939
255454353
835705766
204664158
841890371
283471102
19338220
667360509
342900774
100581687
105760885
277502601
810803765
734009438
347409705
391670903
661458099
419054521
462882032
179655895
762527561
569881045
317850693
576931156
507212497
187327060
642758618
241193784
217396084
581246570
755599908
310314015
748656130
454253975
696806889
499244620
379515857
742386993
104102236
76915547
106584042
211422732
310814972
324722140
690363608
731323596
577117195
220233521
153145561
214344169
514468076
576973551
654651542
747770660
497535875
891421181
225337191
449818775
336624542
940635
544608204
909949559
305235483
397791711
569512092
597098077
496127046
730462677
632814750
511809535
379358889
372077430
449659617
885000943
418084745
574828975
847580211
661618658
292102196
588875662
773112894
563746591
772026679
356660699
151504638
645072000
67425066
858559494
264389656
365421795
616682750
825293625
517204140
796300245
783361866
716968876
515079243
49636505
790200786
82429117
40809943
493082727
861617782
241758045
343086993
66598965
508258012
788051344
867953701
452318755
73449508
775819824
695912709
673443816
331462750
