5916 90 1000
S 53 67 68
S 99 114 115
M 80 75 86
S 108 118 119
S 117 124 125
M 12 14 20
S 78 79 80
S 35 44 45
S 107 112 113
S 66 77 78
S 8 9 10
M 21 32 36
S 10 14 15
S 39 41 42
M 50 72 76
M 41 24 66
M 93 91 100
M 106 103 107
M 38 26 46
S 23 31 32
S 47 93 94
M 127 110 128
M 33 45 52
S 67 73 74
M 121 122 129
M 3 7 8
S 16 18 19
S 98 104 105
S 25 27 28
M 65 62 69
S 29 37 38
M 63 55 65
M 92 77 99
S 102 110 111
M 48 44 49
S 27 29 30
M 135 133 136
M 112 90 121
M 96 95 98
M 114 118 131
S 56 58 59
M 57 71 75
M 61 60 62
S 18 39 40
M 82 81 97
M 69 64 70
M 84 89 106
M 40 37 43
S 109 122 123
S 70 84 85
S 59 60 61
S 113 116 117
M 28 42 55
S 51 56 57
M 85 88 96
M 5 9 11
S 54 71 72
M 129 128 130
M 15 19 26
S 4 6 7
S 43 88 89
M 124 120 132
S 20 23 24
S 31 33 34
S 52 53 54
S 13 16 17
S 6 12 13
S 79 82 83
M 100 97 101
M 94 86 95
S 58 63 64
S 46 50 51
S 11 21 22
M 87 49 92
M 73 74 87
S 36 47 48
S 105 108 109
M 132 130 134
M 34 30 35
S 1 2 3
S 101 102 103
M 134 111 135
M 125 119 127
M 123 115 126
M 76 68 81
S 83 90 91
M 17 22 25
M 131 126 133
S 2 4 5
M 104 116 120
48 524
40 15
120 941
82 60
33 145
54 198
47 778
128 38
134 2824
18 70
68 53
37 179
33 88
21 1337
45 287
13 305
15 851
114 268
99 230
59 9
96 582
61 39
113 568
50 310
108 318
101 151
75 195
88 79
102 678
71 39
105 729
13 301
34 39
106 601
95 660
122 228
125 149
48 655
110 335
127 117
86 292
81 86
88 11
7 110
55 673
6 720
47 559
18 63
133 2196
132 350
121 682
108 295
19 29
32 58
41 17
93 39
11 564
113 707
89 132
21 684
83 73
101 451
123 76
85 227
92 217
37 144
135 3203
113 369
26 788
131 360
57 216
82 81
5 993
41 19
111 39
68 86
40 2
14 572
82 70
19 42
90 4
67 53
42 2
55 898
54 193
43 19
117 194
9 657
8 830
92 313
8 1163
116 277
100 447
81 186
2 342
17 20
38 30
118 190
27 451
59 42
38 187
28 115
59 103
80 40
100 237
78 1
86 154
62 100
35 292
101 87
116 174
78 239
8 581
35 121
69 1001
136 1452
31 175
2 26
18 34
101 1401
117 183
39 29
62 60
9 829
133 1058
109 463
86 525
66 580
36 971
8 1208
27 403
46 15
128 765
76 260
134 2821
106 3
24 583
15 572
35 19
54 24
70 1004
83 41
115 519
89 57
11 2816
110 326
4 1018
127 177
136 2000
71 101
27 897
6 607
42 21
13 341
21 785
110 72
48 664
131 301
126 184
122 147
52 274
121 755
58 150
91 42
73 35
57 31
75 37
131 160
70 499
120 898
54 216
60 46
60 18
107 514
133 2116
27 861
58 27
43 140
72 45
129 885
60 8
76 456
65 730
102 92
122 7
41 20
20 526
19 36
86 446
113 706
91 23
72 68
103 170
25 1484
64 19
78 299
124 59
95 346
28 574
45 145
12 93
28 450
127 179
119 97
76 220
64 25
128 471
101 738
25 591
24 175
44 8
24 614
42 3
59 78
52 347
90 32
127 383
113 165
101 720
62 61
26 74
101 1333
118 123
103 345
63 11
26 717
26 691
98 1524
112 580
96 514
85 599
107 1186
68 91
16 108
6 324
117 371
104 719
37 190
88 27
15 61
37 132
21 1015
27 164
55 337
111 224
69 240
34 68
22 771
2 1120
107 998
86 170
89 23
86 548
90 22
51 22
2 2054
121 404
48 192
64 19
65 421
127 80
85 304
14 733
45 228
63 29
47 793
4 347
50 221
17 183
70 323
26 68
126 155
78 52
19 72
95 768
36 783
108 8
31 224
84 284
80 26
99 730
94 384
27 467
131 888
6 125
62 146
99 533
24 440
96 414
45 14
10 1633
77 89
119 59
120 1227
89 57
113 313
120 286
21 1655
98 1327
89 67
40 34
113 466
74 51
65 556
52 170
89 19
99 994
66 139
20 483
21 1154
47 153
72 113
64 66
116 8
31 162
52 68
108 357
6 488
26 907
48 613
50 608
101 777
111 156
92 669
77 124
80 126
48 284
100 91
63 26
42 2
64 19
61 50
62 116
68 68
92 947
61 68
48 808
91 25
13 224
31 190
16 65
136 5916
93 373
35 602
118 132
7 297
121 103
48 584
135 235
110 61
118 87
124 127
136 2958
87 80
30 317
64 55
47 481
39 45
55 23
89 98
30 327
130 662
6 558
21 43
40 34
48 798
119 43
62 128
104 887
35 349
121 499
17 73
43 86
129 39
52 459
135 1707
67 8
52 435
97 62
57 65
127 228
5 905
93 425
47 942
7 312
89 48
116 311
93 70
4 509
120 396
43 94
73 22
124 175
20 608
86 266
130 174
43 134
55 653
5 39
37 176
134 3249
87 39
64 71
15 141
19 64
39 36
92 349
108 412
74 29
48 747
77 189
119 12
37 124
3 2845
130 1740
82 77
106 594
96 723
58 116
20 145
32 264
18 68
91 22
104 705
41 9
53 65
123 217
122 67
85 599
74 25
98 483
3 2021
10 1054
97 104
82 30
64 69
8 744
98 110
83 43
94 363
20 1238
89 107
127 204
106 40
97 907
33 133
110 141
111 26
22 760
4 1451
30 349
70 1013
124 140
31 83
20 1265
32 313
56 252
78 161
101 1105
95 774
52 34
69 46
109 254
2 706
107 654
20 722
64 70
13 357
7 459
111 191
2 1906
76 4
17 155
109 272
29 375
53 192
115 54
25 400
71 65
6 509
82 18
78 249
88 121
45 298
51 293
50 599
117 350
49 645
134 2466
69 1179
104 679
86 546
73 7
9 145
108 89
78 170
68 16
49 42
136 1063
8 522
41 14
43 4
82 33
74 53
10 1283
25 956
28 779
26 813
132 420
61 14
86 84
26 130
100 234
106 169
14 235
52 36
100 126
32 102
61 29
113 336
120 554
120 205
58 65
18 8
101 1413
71 26
29 427
24 441
119 30
120 1002
7 370
49 471
114 858
76 115
123 71
126 1092
74 12
67 32
62 38
45 109
115 314
53 104
85 426
27 676
89 113
96 13
26 606
80 91
115 711
39 8
83 3
79 41
78 315
4 1134
129 895
45 285
134 2489
125 76
65 191
85 287
22 260
80 139
2 1356
79 40
96 606
65 189
80 150
30 123
83 7
92 795
60 29
64 66
97 352
107 1469
34 159
67 10
18 89
107 1400
67 100
73 45
133 839
47 718
56 295
132 1392
136 5470
50 336
128 644
123 75
64 28
17 20
132 1153
95 784
33 134
55 484
66 169
86 217
103 197
39 12
35 228
136 3372
10 890
126 699
8 2943
8 2459
123 1
20 1081
101 712
100 184
21 633
23 542
112 52
69 587
81 438
97 375
69 1016
85 435
75 425
136 1
5 1001
11 1680
109 142
54 96
12 247
114 251
55 683
108 207
92 978
27 850
111 100
24 379
121 21
136 1084
29 35
46 803
122 228
70 96
78 255
37 117
79 96
12 5
117 49
30 152
58 63
7 592
57 261
126 927
78 6
78 9
16 33
59 45
136 2971
114 729
76 698
27 206
88 53
47 885
55 463
7 669
106 129
127 275
121 93
24 449
23 133
44 135
131 443
70 149
23 212
109 189
14 593
44 76
46 1015
104 651
18 33
26 685
44 211
111 50
134 1800
81 261
27 853
95 147
80 149
128 728
8 2151
114 520
111 253
41 10
97 134
101 277
119 12
45 97
136 4598
80 23
31 152
78 101
12 188
103 355
49 796
83 82
38 62
131 128
24 594
97 874
136 1319
5 537
135 2878
32 39
45 55
3 1958
95 403
29 39
49 852
131 289
112 620
19 84
121 697
82 5
81 244
106 550
27 23
46 290
55 708
22 1217
23 496
72 61
111 255
133 2173
58 102
10 570
130 517
50 371
111 325
96 164
78 97
52 122
84 601
107 801
108 119
31 25
127 382
95 221
108 82
42 4
17 80
114 373
10 1327
95 625
39 7
13 181
30 56
58 26
52 430
95 250
111 132
92 811
69 999
124 183
117 41
50 474
27 748
118 62
35 26
89 92
108 220
61 30
40 13
127 332
67 80
127 129
110 237
26 83
8 2580
4 817
60 59
19 70
4 664
55 363
19 77
121 119
35 481
52 429
119 63
98 631
87 117
22 540
93 238
53 2
123 128
55 274
45 289
134 481
78 150
75 145
95 113
95 436
7 49
64 9
55 558
62 153
95 1027
58 4
4 1368
127 386
123 21
55 55
112 35
119 161
101 657
121 439
95 863
3 681
55 805
133 1051
73 17
8 3119
2 2070
2 797
136 139
93 305
56 242
116 251
26 961
81 406
16 172
4 1436
52 71
23 552
94 483
80 69
52 389
89 93
67 104
32 106
32 75
18 21
21 1031
54 197
77 158
83 54
37 160
31 279
122 78
34 125
132 1159
61 47
74 29
51 262
79 33
55 354
14 581
14 205
117 274
87 16
47 681
15 752
124 39
54 97
49 869
67 24
72 96
125 116
111 144
75 55
63 26
70 142
7 278
100 482
68 73
65 517
77 117
2 970
97 527
115 720
2 1009
128 360
13 247
29 299
69 530
123 37
118 38
133 2068
73 52
26 233
118 51
127 207
128 644
71 38
73 10
52 225
71 45
70 238
116 139
95 678
131 311
118 199
119 174
11 3069
7 253
80 151
4 252
132 640
135 3569
97 38
4 819
124 88
101 680
89 10
52 248
135 2604
17 84
4 873
36 1966
121 640
14 874
123 227
135 3433
93 181
65 897
83 4
43 65
130 218
22 33
6 682
60 13
18 47
10 1276
41 21
8 1899
27 437
14 666
100 496
6 527
61 20
13 35
2 2617
89 136
52 157
116 171
85 539
36 55
75 36
117 116
91 1
76 283
110 98
74 46
116 359
19 39
11 1491
9 93
97 646
99 1433
10 374
23 302
136 5393
2 589
106 438
108 213
36 661
76 261
113 187
126 508
43 242
105 346
63 8
34 4
126 469
100 310
47 760
8 2860
60 47
120 24
70 135
33 53
6 642
109 1
90 23
71 16
121 758
127 237
95 586
121 720
22 253
75 362
99 971
34 72
61 66
23 551
135 3092
119 100
4 1128
28 263
60 22
54 83
22 491
118 48
77 147
18 77
104 438
92 1189
60 66
