6720 1 1000
S 1 2 3
3 1077
3 2134
2 129
3 2471
2 501
3 499
2 1775
3 279
3 3282
2 1751
2 3253
3 3019
2 1511
3 2441
3 2662
2 174
3 2588
3 23
2 2408
3 1879
3 666
2 460
2 2560
3 3068
3 504
3 781
3 2987
3 2136
2 1981
2 2186
3 936
3 2176
3 2391
3 2092
3 1419
2 979
2 986
3 1571
2 653
2 532
2 1955
3 703
2 1289
3 1576
2 538
3 2254
3 1662
2 2066
3 2254
3 1010
2 1565
2 1956
3 284
2 2984
2 1148
3 1284
3 2259
3 368
3 2892
3 1910
3 2322
2 2367
2 1665
2 1015
3 1809
3 2057
2 3013
3 2709
3 307
2 2989
3 3064
3 3275
2 508
2 1522
3 3061
3 2561
3 56
3 1543
2 1288
3 21
3 1521
2 3149
2 3221
2 3056
2 100
2 3204
2 2779
2 1008
2 1340
2 856
3 1756
2 1440
3 1112
2 1128
2 22
3 1623
2 384
3 1315
3 941
2 1714
2 138
3 843
2 1355
2 218
2 2753
2 673
2 3159
2 2306
3 352
2 1235
2 1155
2 491
2 2832
3 292
3 250
2 2576
2 2282
2 2053
2 3011
2 1240
2 2073
3 458
2 2995
3 3204
3 1910
3 699
2 1419
2 2420
3 1095
2 1420
3 1819
2 1446
3 1825
2 1250
3 1558
3 2945
3 2615
3 2981
2 1209
2 820
3 3177
3 3008
3 1182
2 552
2 3091
3 2982
2 912
3 1241
3 1663
2 1228
2 860
2 2816
3 2740
3 3222
2 691
3 1976
3 3247
2 2992
2 2887
2 1007
3 1112
3 645
3 387
3 2740
3 3265
3 690
3 2036
3 940
3 2945
2 40
3 2574
3 271
3 2413
2 244
2 233
3 62
3 223
3 1631
2 2384
3 285
3 501
3 2984
3 2612
3 1746
3 1071
3 546
2 1872
3 2256
3 2333
3 3299
3 2117
3 1834
2 1879
3 324
2 782
2 1146
3 1732
3 3023
2 3246
2 1374
2 922
2 2555
2 107
2 1023
3 1191
2 1849
3 80
2 6
3 2414
2 1138
3 883
2 3125
3 2864
3 1007
3 1837
2 130
3 2513
3 2462
3 1163
3 895
2 135
3 1617
3 657
2 3152
3 1650
3 1078
2 3215
2 2807
3 2576
3 1041
3 2355
2 151
2 72
3 699
2 1178
2 2788
3 2621
3 2957
3 1861
2 1549
2 674
2 3305
2 2881
3 2629
2 521
2 445
2 1223
2 2754
2 2968
2 1588
2 1892
3 1190
2 2129
3 816
3 2676
3 1413
3 806
2 1790
3 1303
2 2524
3 2539
2 875
2 1720
2 2132
2 2293
3 1499
3 3071
3 2496
2 2974
3 1317
2 2968
2 3315
3 1763
2 1627
3 1966
3 3287
2 3163
3 52
3 1174
3 896
2 1543
2 1398
3 2099
3 1034
2 3264
3 2918
2 3356
3 305
3 2177
2 1069
2 1446
2 2222
3 755
2 150
3 3303
3 1425
3 1836
2 2765
3 528
2 2737
2 1179
3 2275
3 2031
2 1809
3 3099
2 3133
2 1291
2 2245
3 2491
2 2250
2 2403
2 2381
2 1384
2 2837
3 2104
3 1114
2 1244
2 1039
3 2166
3 3260
3 599
2 2251
3 2152
3 117
2 2274
3 505
2 2485
2 2484
2 2578
2 3086
3 243
2 105
2 2817
2 907
3 1008
2 89
2 21
3 1896
3 102
3 3010
3 3285
2 1522
3 1613
2 1954
3 1823
3 879
2 975
2 75
2 512
3 165
2 430
2 2416
3 2380
3 836
3 125
2 2003
3 2864
3 401
3 1184
3 303
3 3326
3 828
3 3054
3 2483
2 820
2 856
2 442
3 975
3 2622
3 1606
3 2808
3 2901
2 1883
2 959
3 3164
3 2280
2 2525
3 2192
3 2685
3 2631
2 96
2 525
2 1509
2 3228
2 2042
2 2388
2 2526
3 3305
2 1675
2 2347
3 2458
3 26
2 797
3 751
3 7
2 1652
2 2616
2 819
2 1351
2 1594
3 1454
3 2230
2 2610
3 1867
2 1313
3 1845
3 2301
3 2004
2 746
2 539
2 1861
3 2734
3 1861
3 2547
3 1810
2 570
2 651
3 3223
2 910
2 238
3 2766
2 2723
3 2140
2 1376
3 48
2 2371
3 2506
3 1808
2 1872
2 2973
3 9
2 1566
2 2478
3 2418
2 1281
2 494
3 2505
2 3162
2 2100
2 2599
2 3222
3 478
3 2361
3 2101
3 2232
3 943
2 2219
3 3183
2 1080
3 2700
3 2592
2 1955
3 2606
3 1420
3 1680
3 86
2 667
2 581
3 3124
3 1102
2 2068
2 482
2 3047
3 1966
3 2412
3 1428
3 1567
3 2701
2 975
2 2634
3 1522
2 1208
3 3243
3 1612
2 804
3 2629
2 1423
2 1610
2 1680
3 3030
3 1359
3 1037
3 1
3 2948
2 2745
3 1995
3 2528
2 1355
3 2721
3 2546
2 2780
3 416
3 323
3 2822
3 2450
2 1148
3 1949
2 2470
3 2721
3 3360
3 1470
2 893
2 3070
3 485
3 950
2 2319
2 704
3 2154
2 2984
2 3195
2 2865
2 3082
2 1650
2 2184
2 1514
3 1824
2 241
2 1254
3 1556
3 1871
3 2662
3 344
3 771
2 2059
3 1753
2 822
3 3319
2 632
2 2157
3 785
3 2664
3 2118
3 889
2 2671
2 1174
3 3203
2 1437
2 1538
3 1544
3 2297
3 2238
2 3309
3 1477
3 1929
2 1095
2 2150
3 2170
2 3157
3 2877
3 3217
3 2649
2 531
3 3216
3 392
3 150
3 2807
2 2078
3 388
2 1436
3 2070
3 197
2 282
3 1230
2 1357
2 1396
3 3257
2 3254
2 1197
2 1163
2 1325
3 2877
3 1244
2 2145
3 1756
3 2582
2 503
3 1045
2 2976
3 2335
3 291
3 325
3 815
2 2432
3 881
2 898
2 2695
2 1732
3 2641
3 376
2 1313
2 2719
3 1085
3 3012
3 2402
3 474
3 2143
3 276
3 2367
3 2029
3 1093
2 990
3 343
2 2116
2 1819
3 2814
2 2490
3 487
3 316
3 819
3 434
3 167
3 929
2 3015
3 706
3 642
2 2391
3 1238
2 2259
2 2234
2 2393
3 228
3 3137
2 401
3 2499
3 3350
2 1121
3 1834
3 166
2 2657
2 2085
3 3283
2 451
2 3143
3 1880
3 961
2 1425
3 2932
3 1131
2 2558
2 2571
3 160
2 717
3 2528
2 777
2 644
3 2059
2 792
2 3316
3 2208
2 2866
3 2719
3 2304
2 1716
3 1281
2 2987
2 2342
2 2966
2 957
3 965
3 2241
3 695
3 2661
2 313
3 1968
3 2855
3 180
2 677
2 2096
2 159
3 1651
2 2476
3 2255
3 162
2 3044
3 2081
2 567
2 2982
3 2754
2 1188
2 1619
3 2212
2 1036
3 3051
2 2515
3 1049
3 261
3 2569
3 338
3 3253
2 760
2 2165
3 1583
3 2856
2 3242
2 2308
2 1441
3 1913
2 1980
2 3009
3 573
3 303
3 1528
3 550
3 1742
3 975
2 3095
3 1974
3 3138
2 2525
3 598
2 26
2 1842
3 2478
2 1243
3 2607
2 2335
3 1852
2 744
3 1055
2 2304
3 242
3 3142
2 817
3 1400
3 2743
2 952
3 2623
3 3058
3 2950
3 2068
3 2432
3 1445
2 2308
3 2465
2 2584
3 2856
2 1476
2 2998
2 1768
2 20
2 2891
3 2751
2 1859
2 2043
3 172
2 2670
3 2212
2 3220
3 1230
2 2119
3 3033
3 2030
3 213
2 2716
3 2795
3 418
2 1198
2 342
3 115
3 1171
2 2274
3 2589
2 689
2 2137
3 1749
2 1511
2 919
2 2903
2 2380
3 2111
3 288
2 2450
2 3306
3 862
2 510
3 230
3 886
2 2765
3 2416
3 2452
3 981
2 2242
2 2642
3 415
2 770
2 2171
3 701
2 2606
3 3005
3 638
3 1999
2 560
2 2786
2 2299
2 367
3 1486
2 2821
3 2040
2 2056
2 1894
2 1987
2 1766
2 2367
2 2497
2 1867
2 794
2 3146
3 1205
3 3007
3 255
2 1426
3 975
2 3338
2 3353
3 2445
2 838
2 1832
3 1809
2 2431
3 1919
2 2229
2 839
2 1966
2 1985
2 551
2 20
3 1484
2 2938
2 228
2 581
2 2168
3 1408
3 616
2 2876
3 2352
3 1302
2 824
3 3250
2 1740
2 14
3 2220
2 29
3 3304
2 1676
3 2574
2 1461
3 1134
2 1920
3 2570
2 2223
2 2131
3 2898
3 1293
2 192
2 1587
2 1880
2 1326
2 1415
3 465
3 513
2 2680
3 2665
3 1946
2 2048
2 3210
3 1908
3 3058
3 304
3 3315
3 2787
3 1235
3 1628
3 833
3 1880
3 2718
2 276
3 306
2 2858
3 1469
2 1807
2 2542
3 678
2 609
2 855
3 251
3 1107
3 3126
3 1120
2 1760
2 338
2 13
2 326
2 729
3 1898
2 1314
3 272
2 1228
2 643
2 1216
2 420
3 1388
3 1449
3 1733
2 3332
2 2676
3 1615
2 1412
2 2929
3 720
3 1720
3 1181
2 2125
3 2112
2 2783
3 722
2 2558
2 1342
2 311
3 2785
2 948
3 1065
2 2469
2 1947
3 2938
3 1553
2 889
2 1946
3 257
2 209
2 1567
2 179
3 1211
3 214
2 2948
2 1527
3 1684
3 3071
2 1587
3 1061
3 1075
2 63
3 2198
2 941
3 141
3 3154
2 2661
3 1024
3 3188
3 1555
3 2359
3 1229
2 1642
2 347
2 676
2 1778
3 2471
2 2339
2 591
3 1982
2 592
3 2459
2 1915
3 3334
3 1346
3 2562
3 3011
3 1262
2 2262
2 3352
2 2608
2 2569
2 1499
3 834
3 959
2 2286
3 2491
2 1023
3 1067
2 396
2 340
2 315
2 983
2 893
3 2305
3 159
2 1343
3 677
2 472
3 1954
2 1917
2 1991
3 897
3 396
2 2022
3 2510
3 3005
3 194
2 454
2 2163
3 1378
