647308029 718 994
S 759 807 808
S 240 287 288
S 277 539 540
M 218 195 255
S 870 932 933
M 284 407 408
S 924 1040 1041
M 320 385 424
S 563 659 660
S 631 886 887
S 64 89 90
S 674 789 790
S 394 437 438
M 892 1068 1069
S 499 573 574
S 517 663 664
S 286 299 300
S 594 595 596
S 463 476 477
S 148 220 221
S 301 344 345
S 975 1018 1019
S 79 87 88
S 900 944 945
S 575 867 868
M 936 1108 1150
M 484 454 505
M 444 425 462
M 835 767 855
S 4 6 7
M 880 986 1053
S 804 865 866
M 442 464 576
M 258 200 277
S 837 850 851
M 952 929 982
S 389 541 542
S 367 376 377
S 670 698 699
S 339 392 393
S 194 202 203
M 25 34 35
M 518 349 524
S 1084 1135 1136
M 915 898 1070
M 1085 1047 1112
S 445 581 582
M 333 345 431
S 477 579 580
S 946 964 965
S 753 769 770
S 115 125 126
S 11 12 13
M 401 587 647
S 653 654 655
M 158 171 176
S 980 1107 1108
M 652 732 802
M 742 802 838
M 854 704 860
S 694 778 779
S 327 351 352
S 372 397 398
S 1080 1137 1138
M 529 546 570
S 388 474 475
M 1061 775 1114
S 337 429 430
M 680 611 706
M 260 262 286
M 236 209 238
S 443 560 561
S 197 214 215
S 877 1101 1102
S 677 906 907
S 1072 1116 1117
M 243 384 460
S 633 696 697
S 588 940 941
S 13 25 26
M 968 937 1012
S 1023 1033 1034
S 207 291 292
M 716 681 730
M 730 490 762
M 726 649 844
M 628 476 676
S 78 94 95
S 275 389 390
S 352 478 479
S 710 1025 1026
S 1127 1143 1144
M 430 503 533
S 557 577 578
S 359 510 511
S 725 902 903
M 134 125 137
M 485 494 543
S 679 736 737
M 903 1025 1085
M 721 630 915
S 48 50 51
M 133 117 153
S 537 555 556
S 41 53 54
S 969 1031 1032
S 1008 1062 1063
S 994 1060 1061
M 645 683 707
S 521 611 612
M 974 571 1044
S 695 803 804
S 600 776 777
S 639 708 709
S 1000 1105 1106
S 313 318 319
S 959 980 981
S 340 374 375
S 881 926 927
S 317 452 453
S 531 632 633
S 920 989 990
M 460 598 622
M 239 393 454
S 904 1003 1004
M 165 166 270
M 812 1017 1054
S 642 739 740
S 640 813 814
M 832 637 833
S 1030 1035 1036
M 467 523 549
S 672 817 818
S 53 55 56
M 989 1005 1024
S 419 486 487
M 696 734 831
M 530 673 693
S 350 544 545
S 714 1042 1043
M 155 179 204
M 501 554 583
M 790 852 874
M 459 525 537
S 380 656 657
S 469 584 585
S 338 370 371
M 736 504 782
S 697 1086 1087
S 580 598 599
S 38 39 40
S 19 21 22
S 264 267 268
M 869 845 875
S 248 260 261
S 96 115 116
M 230 223 307
M 922 763 948
S 147 159 160
S 455 743 744
M 884 965 1047
M 916 671 977
M 361 383 422
S 314 338 339
M 788 729 840
S 120 140 141
M 805 584 828
M 1077 1073 1109
S 102 106 107
M 84 86 93
M 89 116 117
S 435 482 483
S 5 14 15
M 213 214 246
S 777 955 956
M 826 1042 1094
S 817 834 835
S 453 704 705
S 776 861 862
S 107 138 139
S 161 252 253
M 698 701 787
S 862 1066 1067
M 538 471 559
S 522 625 626
S 859 910 911
S 32 41 42
S 545 942 943
S 422 450 451
S 98 121 122
S 865 1092 1093
S 827 1008 1009
M 541 569 586
M 890 838 950
S 1049 1121 1122
S 615 711 712
M 772 685 901
S 841 966 967
S 792 869 870
S 70 85 86
M 591 643 791
S 295 316 317
S 601 774 775
S 440 506 507
M 241 196 248
S 778 1076 1077
M 883 744 914
M 267 278 308
S 770 800 801
S 617 765 766
S 190 207 208
M 387 395 399
S 58 75 76
S 397 443 444
M 629 803 811
M 678 619 690
S 27 31 32
S 415 466 467
M 228 87 269
S 507 534 535
M 182 168 196
S 731 741 742
S 703 1088 1089
M 622 660 832
S 568 678 679
M 189 121 213
M 111 54 112
M 553 423 591
M 474 533 747
S 749 760 761
M 224 229 230
M 945 941 987
S 932 934 935
S 135 161 162
M 748 839 876
S 128 147 148
S 1 2 3
S 411 499 500
S 449 528 529
S 655 796 797
S 356 411 412
S 897 1125 1126
S 143 182 183
S 978 1001 1002
M 860 641 899
M 891 872 976
S 129 173 174
S 83 91 92
S 544 725 726
S 311 314 315
S 925 928 929
S 305 368 369
S 558 609 610
S 686 785 786
M 875 874 891
S 326 404 405
S 199 231 232
M 794 800 1013
S 122 129 130
S 519 562 563
S 69 77 78
M 178 163 185
S 462 651 652
S 1055 1128 1129
S 708 852 853
M 724 723 731
M 524 452 546
S 94 109 110
M 62 55 69
M 583 406 630
M 609 632 648
M 347 355 382
S 399 489 490
M 353 381 394
M 40 39 45
M 437 398 461
S 595 602 603
S 274 419 420
M 815 799 922
S 1002 1022 1023
S 878 936 937
M 368 351 388
S 1074 1103 1104
S 663 680 681
S 807 836 837
S 825 897 898
S 252 262 263
M 1069 762 1149
M 33 30 46
S 741 771 772
S 306 385 386
S 269 336 337
M 457 413 536
S 220 228 229
S 59 63 64
S 612 688 689
S 396 458 459
S 586 1029 1030
S 253 295 296
M 298 183 302
S 172 383 384
S 913 1055 1056
S 42 59 60
S 324 360 361
S 300 305 306
M 886 785 896
S 308 309 310
S 489 497 498
S 304 713 714
S 266 289 290
S 738 1151 1152
M 91 104 108
M 911 1037 1090
S 323 455 456
M 662 737 750
S 821 961 962
M 751 644 753
M 562 481 627
S 99 104 105
M 378 374 418
M 75 44 79
M 577 659 671
S 579 691 692
S 451 495 496
M 20 23 30
M 863 907 912
S 2 8 9
S 85 100 101
M 234 203 240
S 61 67 68
M 620 687 694
S 613 734 735
M 682 820 854
M 828 747 859
M 299 334 362
S 175 348 349
S 331 334 335
S 414 440 441
S 534 669 670
M 596 548 604
S 693 994 995
S 1001 1064 1065
S 520 530 531
M 614 566 677
S 718 968 969
S 169 188 189
S 101 123 124
S 1004 1020 1021
M 515 604 646
S 37 43 44
S 505 623 624
S 249 273 274
S 559 634 635
M 564 473 590
S 720 745 746
S 109 133 134
M 492 470 519
S 321 365 366
M 666 480 729
M 690 668 883
S 263 280 281
S 722 892 893
M 285 417 421
M 824 861 900
M 793 781 805
M 574 768 806
M 373 478 480
S 232 242 243
S 309 322 323
S 661 756 757
M 288 222 304
S 555 638 639
M 315 273 324
S 1019 1037 1038
S 848 953 954
S 429 636 637
S 441 448 449
S 77 80 81
S 625 644 645
S 664 894 895
M 14 15 18
M 192 410 413
M 918 956 1010
M 983 1041 1113
S 565 592 593
S 151 178 179
S 618 727 728
M 636 713 720
S 100 222 223
S 146 149 150
M 211 205 227
M 233 363 367
S 136 163 164
M 259 153 276
M 65 108 111
S 758 916 917
M 858 801 949
S 1048 1050 1051
S 509 564 565
M 193 173 201
M 162 124 167
S 543 684 685
S 526 665 666
S 418 484 485
S 495 616 617
M 760 810 873
S 302 378 379
M 782 909 1115
S 376 416 417
S 1141 1145 1146
M 927 669 991
S 348 472 473
S 188 192 193
S 272 353 354
S 408 522 523
S 675 841 842
S 66 72 73
S 82 102 103
M 390 322 391
S 599 970 971
S 177 197 198
M 510 439 548
M 276 303 313
M 251 235 254
M 771 950 1118
S 29 33 34
M 144 140 172
S 761 829 830
M 982 879 1127
S 967 992 993
M 966 908 988
M 126 73 146
S 528 758 759
S 657 718 719
M 329 330 333
S 977 1083 1084
S 818 819 820
S 36 37 38
M 424 342 463
M 360 371 381
M 905 873 930
S 344 400 401
M 719 621 721
M 421 319 439
S 43 48 49
S 676 794 795
S 561 566 567
S 840 924 925
M 51 50 52
M 796 780 809
M 962 954 985
M 811 846 856
S 831 884 885
S 667 686 687
M 9 10 11
S 127 131 132
S 590 672 673
M 712 745 920
S 164 218 219
M 21 35 36
M 138 227 264
S 488 702 703
S 458 568 569
M 113 123 142
S 402 508 509
S 24 27 28
M 626 647 815
S 1015 1099 1100
S 6 16 17
M 556 847 963
S 514 846 847
M 608 603 618
S 204 216 217
M 516 502 675
S 607 642 643
M 773 914 921
S 996 1045 1046
M 582 420 594
S 71 96 97
S 743 871 872
M 486 511 547
S 472 512 513
S 1100 1123 1124
S 210 372 373
M 428 365 436
S 216 234 235
M 868 895 978
M 1053 894 1082
S 814 848 849
S 215 224 225
M 17 12 19
M 930 948 986
M 225 255 301
M 156 106 177
M 1101 1057 1110
M 208 226 239
M 752 786 816
M 290 279 294
S 391 425 426
S 49 83 84
S 535 825 826
M 896 889 931
M 289 201 303
M 506 491 589
S 709 732 733
S 500 520 521
S 184 236 237
M 1062 961 1068
S 379 414 415
S 369 409 410
M 432 336 514
S 436 550 551
S 152 154 155
S 834 1014 1015
M 851 864 888
S 806 1078 1079
S 3 4 5
M 581 658 792
S 808 821 822
M 28 26 29
S 572 998 999
S 246 250 251
S 335 342 343
M 46 31 47
S 849 1016 1017
S 176 199 200
M 292 638 653
S 479 587 588
M 112 132 156
S 316 358 359
S 409 445 446
S 540 754 755
S 377 525 526
S 635 904 905
M 271 362 380
M 688 769 788
M 705 964 1111
M 656 755 773
S 386 700 701
S 483 553 554
S 280 282 283
S 400 470 471
S 746 767 768
S 261 329 330
S 307 325 326
S 650 722 723
S 700 974 975
M 857 756 923
S 47 57 58
M 976 1035 1059
S 606 649 650
S 567 607 608
M 382 346 387
M 56 45 74
S 60 65 66
S 202 297 298
M 219 181 233
M 1089 1046 1134
M 95 63 99
M 139 170 184
M 1088 940 1098
M 221 217 226
S 238 258 259
M 131 154 157
M 191 186 205
S 405 464 465
M 141 130 151
S 427 515 516
M 118 137 152
M 187 167 206
M 813 816 827
S 159 211 212
S 237 320 321
M 979 902 1052
S 206 209 210
M 901 910 1039
M 74 105 143
M 438 446 575
M 648 627 674
S 343 395 396
S 549 661 662
M 787 740 793
S 254 265 266
M 465 468 481
S 198 256 257
M 145 149 175
S 797 972 973
S 1051 1057 1058
M 791 707 839
S 270 271 272
S 80 135 136
S 88 144 145
M 76 67 82
M 487 605 631
S 312 346 347
M 370 231 457
S 888 889 890
M 450 539 552
M 706 542 738
S 1027 1048 1049
S 496 619 620
S 328 356 357
M 985 829 1011
M 265 366 442
S 991 1072 1073
S 466 557 558
M 899 957 979
S 57 70 71
M 992 1028 1071
S 281 284 285
S 798 857 858
M 68 92 98
M 90 103 118
S 157 165 166
S 142 190 191
S 294 491 492
S 412 434 435
S 22 23 24
M 318 296 350
S 160 194 195
S 739 798 799
M 268 250 275
S 512 517 518
M 332 354 355
S 497 667 668
S 325 363 364
S 610 682 683
S 358 402 403
M 597 570 615
S 973 1006 1007
M 212 180 241
S 174 180 181
S 257 278 279
S 689 823 824
S 1016 1132 1133
S 856 938 939
M 576 646 658
M 933 955 959
M 728 809 843
S 1007 1130 1131
S 867 1027 1028
S 447 763 764
M 589 552 621
S 1081 1141 1142
S 733 908 909
S 981 1074 1075
S 754 946 947
M 244 247 249
M 185 245 247
M 493 513 538
S 943 1096 1097
S 1092 1139 1140
S 990 1147 1148
S 97 113 114
M 431 508 527
S 573 605 606
M 842 822 845
S 110 127 128
M 634 592 710
S 551 716 717
S 602 613 614
S 114 168 169
S 953 957 958
M 795 433 810
S 999 1080 1081
S 461 571 572
S 291 327 328
S 364 406 407
S 297 340 341
S 404 501 502
M 876 958 1095
S 819 863 864
S 1065 1119 1120
M 871 715 881
S 52 61 62
M 578 616 812
M 375 392 447
M 938 882 960
S 456 503 504
S 750 783 784
S 833 983 984
S 93 119 120
M 1026 1064 1091
S 699 918 919
S 72 170 171
M 934 939 1000
S 357 640 641
S 547 600 601
M 684 711 724
S 282 493 494
S 691 751 752
M 426 475 488
S 836 879 880
M 995 993 1005
S 560 628 629
S 717 748 749
S 448 468 469
S 866 877 878
S 293 311 312
M 550 665 695
S 242 244 245
M 8 7 10
S 434 780 781
S 287 427 428
M 536 692 715
S 310 331 332
M 527 482 532
M 150 81 158
M 283 256 293
S 843 951 952
S 951 996 997
S 119 186 187
M 651 702 882
S 416 432 433
M 18 16 20
M 593 585 597
M 341 403 423
M 765 853 913
396 229589469
335 13797392
466 268417166
642 584432286
130 581796465
364 613959529
312 88630665
24 606011882
669 451047962
247 644004908
566 618697306
337 270904180
28 320805596
20 113104051
239 574410125
220 572215221
611 182528400
538 552657292
679 230057585
35 623024997
81 613211602
505 611781448
411 406916514
377 174630935
403 213720446
325 523655079
674 535871429
417 283598772
296 394541821
153 488335935
258 580616473
345 429496015
368 181252548
7 257237803
208 9678041
712 535017144
158 611535567
264 306957908
483 534535394
189 367505562
506 450838255
222 69419895
15 158369388
484 614220109
622 435494139
420 443298827
565 177789156
56 174034970
62 504181612
397 631835643
134 473562113
8 92394371
427 413387776
38 103449409
609 345505642
718 250724166
556 1810132
514 469888725
465 498840941
710 634256520
431 106279688
440 596027545
139 488787986
113 223319328
471 301037428
681 330827075
119 2759279
262 520448630
18 47015354
352 619261289
43 19216083
102 96834828
74 26284293
361 390930796
141 184041086
509 596254675
467 19931871
541 178411243
253 474657011
448 340335503
495 433058286
535 475509805
169 567406949
274 642360828
440 605007990
301 68949013
62 514417612
351 266212202
431 331618578
362 318364576
592 332881297
553 361001970
98 596757574
88 55043612
82 288690474
295 640095442
536 535660900
325 183860958
39 136989244
308 555648
658 521494076
355 590514099
409 388244980
218 616072524
342 123980712
249 464338207
639 531097716
301 121685343
210 191290888
510 603957757
497 272567793
365 457745428
214 86790983
220 433469711
382 441409446
465 7745702
569 158361615
326 18127191
554 22455030
239 521860825
610 299770787
581 567702911
163 620394222
406 519516763
5 184055483
649 422804248
44 383676250
259 630377125
187 395601744
420 581708919
133 52277369
356 164749567
364 52023750
403 616316106
22 437507729
521 523951918
658 24312599
129 587737306
602 390160131
212 350072638
78 625857444
614 420832069
300 289518811
383 629165910
645 581447694
419 362014686
502 556063740
97 109922494
69 521294178
367 119528496
373 519717018
604 7975974
135 147397715
350 304976431
65 573658449
180 420957543
159 8332767
79 188651809
412 197110207
464 19312657
164 605371342
161 535953194
83 227868023
167 465442842
299 65376832
220 179773521
270 323306442
112 420903949
701 56583080
59 519302822
67 384376272
460 69745672
49 137011494
254 249951281
641 550143235
284 10535012
268 110276479
202 577610376
696 31464414
353 102964585
663 399152183
357 17401769
135 485249287
121 203086682
163 47268108
679 394267001
406 473454009
249 580879889
717 611920542
37 218951236
332 387318350
195 545689096
233 432707129
36 423140163
529 608292541
212 428327298
192 205754463
702 203372135
438 36888906
43 446100508
308 612563369
411 79164121
499 77129894
217 251487802
135 382006505
46 380693800
162 510499568
350 89329993
358 260055311
270 388471156
669 507178260
438 205390857
158 552500860
200 236331607
387 313662130
457 243356892
634 212981422
91 635036718
113 98833059
682 267803806
109 319599384
237 354404225
326 257675516
251 412233482
634 11514407
394 525114234
240 198015786
328 200058913
545 76823840
715 206963518
84 374551604
66 153551369
463 535076354
413 583979310
697 195301430
478 20413342
482 535720754
713 138072359
349 231171490
152 5361061
244 496240494
174 204217573
574 582226013
395 182308954
529 253023853
505 165954022
252 124134407
105 413490688
266 265516743
70 124184840
385 259578544
414 155347457
237 383495525
651 534608545
697 436329609
224 594447507
312 512879644
305 60055523
664 233299030
246 440805092
574 122363679
706 126768918
597 44087278
196 418503469
30 415601642
548 140988788
22 376829882
577 506990877
158 183703722
419 179881683
138 430687320
495 6151652
19 311438466
701 561636835
118 135381658
428 645402069
637 359583460
229 338258343
683 199185369
444 112303351
436 422941399
65 24753626
181 156330526
330 615697747
378 631164679
55 172679686
645 18662406
690 159555205
648 336482600
525 55579821
712 617097685
358 586470708
672 54093792
100 169219338
569 184053362
621 169039636
223 325713546
164 259524065
210 326798989
634 214742066
237 253592517
25 260151507
314 221543807
51 383704671
440 226552510
201 41690553
619 274689623
49 517715502
111 354141082
259 46950973
340 17239874
239 468256961
117 417514152
295 228676350
435 409829638
262 94571826
451 286108095
382 403140139
408 222395414
173 401013357
678 596205306
694 293596804
82 405738319
578 234302594
705 7829054
13 293226791
263 631881977
562 603638360
512 333411233
431 407660155
258 128965512
486 160241437
108 372730368
399 278153464
308 137698385
475 218972240
92 602672096
360 35593822
717 226355445
558 585864739
297 126550205
617 524343768
633 227868275
62 531535542
700 85208574
342 356479733
154 284557045
311 330864064
177 262377317
707 224099824
593 228647611
86 347375806
603 257080482
190 31275892
453 300231996
614 623674700
694 584681271
545 392400458
491 467899703
395 27786975
669 575279191
197 492204960
639 4402689
470 28286654
360 553090078
306 359443169
189 612358997
175 8137801
478 244448963
161 72804602
499 211184249
93 521034159
370 475571561
202 518695282
59 256078040
436 334487505
19 339697845
716 494538466
499 517606294
199 482486584
673 397977610
492 475125732
459 64694660
404 47654140
282 523843450
520 401046809
114 50813717
696 171651826
12 86180561
6 561537420
544 279283963
61 623237217
673 174801951
180 460085290
706 333504058
676 53099964
402 323597579
699 227467294
11 224940303
526 309751353
406 411818299
54 393994906
267 418136237
13 1817689
354 538864658
494 6016504
32 110338425
624 257676184
24 180639149
3 638522441
201 548900036
393 87691219
636 484883246
482 505180485
23 155613190
157 527236901
19 374511452
149 215653914
376 86999098
565 202501813
513 279864319
571 446514563
684 230481850
57 417988829
132 516642404
378 614398574
5 443866980
265 314495630
40 347741356
188 610121544
476 454096583
300 517322704
100 161627721
632 633544429
707 462793873
53 165557481
492 500730305
323 150735761
632 471533236
285 350442493
294 321775088
650 153485725
88 609892277
576 436505926
278 209306155
40 477826160
528 249215186
300 282675683
126 184224510
638 375479474
312 519762528
461 268023034
416 52732675
436 105332192
135 356151015
591 522362052
517 320376513
601 443382845
347 313196101
206 268692861
317 568604576
53 250652768
331 342829151
642 183731186
341 370298589
492 297435868
260 561710083
397 549409264
706 41457005
227 62245149
79 262668142
387 217636031
151 390690235
186 50835405
267 128901688
475 197839803
591 210381006
609 200849214
71 607899460
54 544963980
417 352822101
152 45663442
356 525644555
192 434360712
15 340536628
388 377818293
610 131182587
544 266234373
35 616828982
677 643650799
407 84152098
515 25345480
4 30304715
400 82626568
62 596278139
44 595788228
159 136562469
678 93264760
647 577144031
341 44663976
210 35626489
223 332669839
7 629138879
81 467999814
156 398768526
331 622357167
537 539114217
268 222118965
664 73217143
65 535110758
14 125291206
27 518545921
52 67491863
315 36872557
390 460947233
107 577369127
673 176933066
528 521204387
717 365899814
158 467141982
515 136080723
469 230045103
228 11024028
698 386937785
521 414558192
244 408783044
655 407183608
370 16118978
552 301310017
545 412865695
153 265232374
105 199142551
419 420089796
405 163837250
29 476170737
516 150426738
649 161170043
703 417282471
35 23593457
455 100906282
646 75895828
682 507244021
352 486284845
571 276534044
496 479813263
414 554958415
376 273800926
310 211946683
438 93112092
89 311188037
551 260847976
145 477824547
214 191293201
206 322263440
673 618766789
177 607659505
358 319600982
236 641872365
696 73064157
291 532849719
468 60955637
288 475550680
210 605443475
498 48040890
393 357760375
165 275250593
187 402044472
475 559228153
658 32701790
195 306963542
464 170699827
338 441878858
632 408611726
691 221863129
63 460208474
427 264295561
650 192099352
693 213261487
595 619076472
109 151265698
517 319264185
35 474545449
184 441012980
294 475598726
670 227838607
565 476563047
346 166597984
430 619103987
399 303235204
652 23415773
201 587481555
7 291561769
485 209093864
127 351411575
420 388344294
441 452873681
419 234482889
469 589877962
33 92922568
662 285601044
672 272921259
469 500686148
276 63936754
101 28506412
108 556265453
615 450206923
377 268973673
46 477895810
549 584466561
491 596656454
209 398123987
206 113239776
616 536953331
271 56137742
250 333724303
100 372262838
699 324111553
406 294464436
648 10847103
655 292532531
382 261003311
451 27253597
510 81798490
514 136051938
276 316045011
67 86868884
230 641389376
319 274979880
313 56931660
384 57641199
463 616427663
311 489276156
75 131983475
380 581699951
206 621008500
455 645939631
559 399462903
160 530563444
249 267398893
360 396722976
446 261497019
541 155345818
376 481206302
63 115465974
373 588896914
533 181598443
716 51698068
107 225200077
510 239935351
528 434092125
377 289631302
143 205665045
43 289597559
325 178004900
240 40566957
704 142961458
186 397779465
693 368456546
418 79429249
710 349957989
484 390477652
459 465721520
530 446330577
525 554551991
366 461331661
302 403528520
482 169639855
369 109377968
571 330479443
675 597470905
243 394866391
79 168177508
172 3413079
674 588180851
346 582445667
350 155943371
266 340161265
19 28756748
330 209168147
122 57577568
695 215272363
120 460884354
48 35664615
335 285626332
493 583063074
290 462732615
45 639573083
124 303572323
509 487505205
365 182660069
356 254165892
576 623963777
187 332278862
132 539613961
634 246097843
166 416031280
616 151138094
632 558284509
400 60831213
468 630978328
344 413338001
293 151398183
76 73630541
582 422426269
410 512532877
156 331865920
41 16174943
590 552007361
547 316433838
518 171732527
654 165670741
311 481964042
705 616224133
529 523193944
529 30817216
544 303904618
515 642350328
45 386753732
609 558042085
556 84082251
13 34185585
523 128961700
435 599206480
322 186994037
88 511267361
434 132152447
692 69969784
534 295228323
548 67853951
46 369846831
231 257206633
649 159402585
182 61930160
64 495730575
430 507024623
690 432490376
301 455557813
466 265884280
103 575814813
461 435666905
416 50502351
515 52713368
460 388048835
498 57953202
108 510197898
613 131648280
599 125081353
564 622926291
715 319583755
392 423567026
343 233378504
334 321117610
253 468358641
298 347599179
327 152645326
212 505976871
509 309383161
355 435060619
269 55934279
238 16470911
584 402537389
264 116983437
638 592931195
395 283792365
45 187147952
559 134263869
328 642014807
426 180083730
364 338063968
171 373667739
187 251968901
646 49917123
50 253013490
358 516211458
560 38939865
209 546018963
213 73089402
207 553129917
104 427211303
685 582306520
425 299754878
111 498745889
599 57761799
178 22480116
52 191785563
325 545556076
90 451299887
74 373441818
206 154552091
198 234595762
174 605247076
80 350444150
99 117246553
564 309102864
206 86510841
394 410790581
641 42599690
512 598906133
144 314041960
111 339004659
705 506257807
526 522851709
160 200273739
92 521944122
388 394724531
650 463889853
204 391892246
194 611104494
420 612880952
538 269764756
630 467560691
564 7721601
201 144508527
345 197408269
511 280193850
157 643066367
340 20039023
63 371658920
444 392736583
72 565933567
378 182165276
705 468380811
32 610893951
301 468793844
125 428034369
92 345151622
544 387143311
158 441315036
320 79868096
101 643997341
236 260511993
203 388688923
216 589864269
407 641675338
133 346020107
285 340691084
134 422737788
366 475254575
506 407936639
230 366236501
102 577668999
85 293413886
408 282567220
515 83904517
538 448833306
338 486208673
607 416967076
87 72912902
103 425976125
232 225728303
276 370468081
533 378941510
475 631504631
529 193406810
709 630397245
19 316219376
111 30903196
354 179625933
405 214001081
132 308605147
213 626524816
168 16998758
648 138466922
102 388262060
170 326127692
616 38178290
542 219240135
62 618088738
144 102194578
62 533061691
405 70825168
322 638062277
422 313354289
248 390576140
278 338440423
172 550468898
191 5546122
277 68625437
553 136718471
36 302748873
28 250032803
285 515722319
445 31776824
215 387058331
632 502778564
133 120419153
330 291416990
515 244367665
560 28199185
718 556700398
561 205878086
345 45268429
104 161671501
523 629571294
467 265239371
22 203816814
179 79561132
474 313129001
62 339336071
59 574467039
415 90890734
285 337285755
461 279522369
523 570954876
421 468854307
312 23167359
274 377074179
527 260773862
327 544094315
697 346332978
392 555437369
134 325841798
270 140374007
106 371285559
543 558527597
141 409348687
448 326837950
490 243775565
50 186074088
332 377324959
136 196429514
567 478088448
653 624756661
361 389332744
111 197968771
416 552613252
376 309982217
135 440885456
207 319176145
588 115679379
97 364199375
662 126172265
327 301586159
30 609278313
195 558083031
589 121479681
260 629394204
269 442866374
244 427761497
692 390832604
506 227370422
200 321324129
121 358160393
284 597888615
66 176211669
92 611893115
512 237310413
569 91867034
418 245463553
617 30936192
353 319701771
2 624405606
598 88233192
248 384560078
574 49579623
309 39677936
9 148335394
650 364828141
202 22075218
314 582819021
543 6839314
690 209158641
682 156138739
260 212423026
392 117037362
450 7904197
388 596140011
15 420778197
598 168308378
626 198221642
86 424729182
696 57312456
489 318468308
634 136487045
68 33496279
34 360834611
548 539127912
35 340121167
609 353868780
85 198298521
158 210288191
686 231769829
271 68669902
411 126484204
679 171572920
229 554832355
472 515705860
125 375532520
138 49225693
573 528531106
270 507157166
607 490053943
422 37778561
231 568464293
