144739841
190818288
407227877
305665810
261142779
473422340
62982076
140138681
199588252
551480089
131934764
484834046
117986195
478720214
511281558
144208648
473483206
430140840
395521167
284913873
342583548
428192945
378530132
294740200
171068527
32729310
202344672
21275340
475500979
192021812
2240838
539352296
370730383
68010895
28609165
89827904
34118372
395946679
437789751
325118986
386323110
242030366
360756032
483432847
472332592
576375928
384584624
110809999
58340937
286923478
353786885
341695930
578476194
221313598
512374528
373874247
9042236
458844554
269560816
547648083
260215868
212062851
32390406
555461163
457804604
156912316
433153232
496920711
515567868
526298820
417802802
525102293
123636356
79838130
214969783
502393124
243463238
83969443
410892918
271738568
319862110
244206501
412572584
406463898
422193036
337777020
487051153
19215291
509924256
431141747
96657689
587414839
38687749
486798807
71270711
526487365
339184297
264911851
490336419
170335258
222000625
525539548
462729017
481397873
414156494
378302075
104018480
231163319
274811492
98416857
175251691
374064649
256385361
197024490
13576
157105295
468931033
233241662
127060255
300392127
240501766
58672145
71357082
561096590
312180434
582000748
286691581
400720301
133387461
148537920
497161847
115690171
64154971
202586296
122849319
485551098
122137429
453028139
555190839
161510431
284770037
242794256
190783564
505373216
342660458
26607049
78662960
462390212
218658693
581670275
398002719
500394464
314509348
279135677
404691932
259947313
309985079
131261024
538774103
436041517
458296668
518043305
513346806
507920089
575581539
113285795
409868545
400594444
383219619
104693290
8615128
322790528
76861258
145259739
169281491
582428871
255002953
585303757
44924430
520018666
373966226
562414072
481780888
291165732
533910372
304065400
571308491
511295986
395424764
372991059
301456341
108287631
477697299
67200899
363847203
354498071
352706920
313019395
97536425
319847620
196782166
293994632
11627722
361712844
137470143
331087793
143667803
485641193
65702304
567770846
459681014
380906905
265775037
258866516
194290623
198111283
280741627
365928145
206255893
462751549
173715573
174820676
138557740
412825664
388687
373164661
186944572
500891873
382551995
68554519
536941818
389007396
558326004
490263089
161187166
146281736
21534855
302911799
380521472
244922376
242740464
333186693
76082254
109562184
65778489
421228822
286213751
578882386
271158953
7832515
360213661
126341639
542566277
349490340
105240817
157787019
194473573
300628126
282988542
16372843
226467930
312133463
521480640
377384976
441616360
546935419
247148992
381455228
67164858
462544804
98878190
158655167
312910378
45851686
130769552
196751746
361994149
387944189
303252992
527341879
144480451
23647737
59738169
524518929
481728913
11513930
177311709
187286838
98123859
236863310
132027817
416474730
173826337
516670095
529736771
330809521
180825021
133379932
42374780
364555726
312388828
402718953
82894809
248516393
180411896
70779824
360603569
442506820
534834626
590079643
528565559
473480367
36130847
417205763
166571039
163268789
440381808
255493444
506720359
347815048
333125704
560431691
290673771
87214927
22312633
190434052
468681945
302671384
392332189
183550097
36836340
27381298
326488533
127950900
37152230
166668895
298355529
565685634
502498879
266132837
326075535
433256942
428999289
377448545
250877796
258209741
490168561
153509075
419590691
387591689
356740804
474042290
352902005
565449009
222060744
444161002
166996014
524744264
229837083
102761188
254176542
553173259
397569726
550101736
354557906
356969482
165027657
551882033
57185882
18541448
115809286
457063065
183742081
250577639
468711734
476882601
199315441
173299687
280495261
395872791
507205701
510086716
559930048
99914818
440922051
154411842
521879631
99732441
336983314
464927436
108421597
289680854
248591161
218256420
222797618
169815050
336800681
389144409
438871593
327904102
500921493
559659955
554370330
307192425
120210905
324107486
131580537
472742215
224504569
551641214
83841261
371140760
166448150
464150695
193094439
28141980
329850441
356915619
202386826
420882744
346778643
444291724
166955615
369673252
327811238
328237790
394116363
460400824
576503592
119189923
297934418
481340813
462429913
396668117
449209624
56557481
444104086
284132856
15145712
400775820
351101340
243239732
290710581
540038099
67075847
342760580
57527622
336328579
358942104
263671902
348961467
399705419
353974922
414243400
71782629
196086929
315141023
584693273
353023819
245179236
437027505
2462617
80001277
305617753
165958096
574542909
326976690
522977861
122002945
569074607
361621360
272271245
585795565
405804133
452626641
56268827
483716306
95091869
128574869
352154326
397973209
341611245
339954519
282756277
310263787
444156471
571232270
343733764
195448571
40566217
71153362
526677031
513833739
241058101
205378880
547363253
53100566
79182540
409506126
192435173
59159611
581493747
206627697
59021504
409470067
398008807
565486725
44798839
12601264
87756887
192029919
531824605
49970255
75749202
149180536
438912579
496629089
47979483
124548567
302965779
184744000
248623313
268867094
280999908
572176103
179696130
166111272
501361448
116055540
271877743
64059342
101589319
525503915
563541969
155374329
372121337
294847113
15052166
78076976
465684865
283804183
133454765
225970607
399910749
480803733
47317704
317637247
226365363
63636349
440376433
348468380
319485886
389937589
572911567
51073743
584920839
365764426
119517517
458487870
95244961
267234011
323033203
266773323
369326177
424941132
127991052
470565350
436339368
448991394
363793398
254012299
161473692
244598049
296296397
213133468
219116774
370439608
545362330
303781443
417193884
102536395
533789776
223182707
259678908
45258178
316761239
124761545
199572027
462919620
102710947
564795291
375598116
456304989
448800806
528476382
471231898
466168126
424858533
24950114
130175821
165928038
14618364
1556828
547880061
210378480
197893878
551948244
135097933
133955428
286067683
384620690
55303529
247206462
466040031
249790112
125541278
440810703
515807284
95633463
112474871
289858078
500382496
308910732
39940729
205719161
377579659
103263947
546756319
51843101
182748991
75446507
31778368
256441326
555118230
444771263
316461772
260506791
214848669
149266881
431392386
416716376
525922999
176118429
319162556
489519400
222775520
292221089
34316202
478373558
284656122
223765863
135926616
413547281
79335729
328150581
498796432
589658120
470102799
88560841
385901923
123516655
91126020
573401160
441654072
581037345
150435913
566100165
405824854
505619613
79029179
346423104
529311327
375185241
504255878
325296135
275528592
538095453
245939215
491245548
23404212
314844210
581077736
312316925
5948357
258240632
246416476
521448428
474779198
6463229
321013062
159035600
202464401
444651378
313781883
7920977
457841563
367687410
385610958
287650039
464827683
234517781
62876048
99925197
276031964
482516595
208926235
203120345
13623264
503136273
339253783
87937763
265504945
373903305
207665082
566537205
331216891
120484197
61583064
499607759
111942237
288142759
566785736
504890151
416094653
121352967
290260060
41104390
33229264
180694358
548217987
476243665
521475087
174658039
580835772
500913995
164335219
48156281
395463759
45900956
34384817
343952350
532956267
335709868
181086626
544020195
132826940
376137726
444286720
578135446
521455691
407586004
426154511
371848861
267467004
513996854
95155746
337292939
501487445
392973477
287819543
480384429
44420227
382592478
488110591
374937580
545391143
23936256
199988343
264724437
136677709
337608000
241674176
34088077
534123752
48987412
83779756
1955122
584014400
187705305
262693025
285972736
140212543
367699055
115202009
221205162
396351185
542366140
277087827
406945099
302602527
421978435
232146513
532052937
576751779
439909774
238424292
50246099
73367378
447116490
559159959
448198242
516127823
338753513
213713628
33550914
58828298
473413069
121379804
168906802
206068971
179545420
295470672
164357065
51454948
92712566
69562120
103034554
295275260
12154713
269950975
548574741
558202052
573464868
287512497
78903268
531823748
559432109
70703361
86874472
163098553
492264201
436764784
444650227
342077800
229213951
483827673
229197141
125267508
196834310
121595683
45402289
532768759
225684727
196800756
443241350
317350759
50116828
545964917
471694388
540293812
484705837
139689628
589797452
184748775
107971389
513521303
120750949
387908944
309592178
250402497
27732382
61139369
45702766
79425187
264113869
484860814
254715161
124740134
530486007
152384715
342259262
305575964
240569263
390123975
214296260
159125111
569787382
43510897
96064583
29147268
290445937
239132544
136895968
370558133
362967512
1543090
322841541
53382976
232546808
94496867
355793390
514762530
529945819
570834188
460620207
299264120
142128477
354050462
357424102
580635810
483794704
81273929
412125962
125992086
369618098
446229373
166213211
212706901
581352209
54323839
250621725
472356229
390233907
553630971
134047123
558326741
43460156
528891754
298234746
439712800
562287767
463291790
548643460
441558481
30840295
549289297
48352864
121701091
195101388
384680253
442293828
291295335
54938800
117108014
373917330
263961697
310216636
128876267
478053176
158098630
298750239
573567396
236242145
200059216
527506588
504312605
167490839
567760435
37452866
108551014
538959560
99090869
473343132
44885584
376121303
566482155
474764055
232934071
552833588
17737097
455414687
491695950
479268069
482145455
493218971
266331487
77723756
337832520
204594552
428012444
343109119
321672079
307731685
286840271
362797168
140599257
542755779
361320361
79989841
456036105
278821640
253739505
436428152
460948933
67544161
546335348
31124316
207447655
85624632
223220130
433865547
34021355
59898363
574993912
550847972
553533671
459696144
121203875
294553711
407947097
