19
53
59
121
111
18
67
49
8
120
73
99
83
63
28
1
20
31
64
105
125
106
10
77
8
68
24
6
5
56
37
118
125
37
32
97
8
64
57
18
58
79
119
51
11
2
36
72
17
30
27
1
107
12
19
126
95
56
88
49
34
53
104
27
29
6
69
83
7
55
6
47
40
55
93
6
7
126
98
108
29
77
120
88
23
17
11
122
111
73
81
56
34
8
15
37
92
1
82
29
77
16
78
82
96
75
122
86
99
6
119
5
9
50
61
108
36
77
21
33
29
2
76
20
59
14
91
6
109
19
89
46
118
31
10
72
93
18
48
48
19
84
32
35
121
5
78
125
18
92
88
42
4
50
34
43
76
115
82
34
117
82
102
69
110
106
111
29
5
13
1
126
54
7
26
28
36
44
6
86
24
104
53
82
88
8
121
48
37
6
103
90
117
32
17
99
118
60
72
24
87
16
32
85
29
97
26
65
89
42
33
8
79
33
117
34
44
99
36
88
54
81
106
54
58
105
115
28
54
33
60
92
13
41
3
108
104
48
83
14
5
78
57
42
117
16
103
64
114
33
31
100
7
92
62
124
74
40
13
122
63
12
114
7
90
98
121
70
42
40
7
13
23
52
13
58
22
63
67
56
31
96
80
30
18
53
121
60
98
111
29
39
49
125
53
53
68
13
125
120
67
29
10
76
43
82
22
61
32
106
16
107
32
71
28
54
54
60
98
55
12
119
92
72
15
69
69
32
14
114
26
46
54
11
104
51
115
107
83
85
111
115
20
40
32
96
45
11
49
25
36
47
106
122
16
27
74
14
58
112
65
54
53
108
15
8
96
102
117
110
21
39
110
106
11
94
126
23
21
121
101
8
41
113
108
105
13
40
96
68
122
102
56
59
92
84
84
39
27
119
5
63
118
52
100
102
8
56
71
51
12
88
71
56
101
89
106
34
36
7
94
86
75
82
72
80
69
85
118
52
19
109
108
78
124
92
5
19
9
76
118
18
35
40
10
118
106
30
16
42
92
48
53
92
31
41
116
47
57
61
120
40
103
97
118
101
113
98
26
40
84
94
14
114
65
36
93
12
89
22
25
21
110
6
33
31
115
87
108
11
73
95
101
120
104
93
57
121
104
82
6
8
18
92
47
20
121
51
110
49
63
111
55
98
109
11
87
25
84
20
43
3
77
86
123
9
94
34
75
113
72
55
120
71
25
44
10
87
35
27
72
9
42
83
30
18
1
98
64
69
44
105
6
80
24
99
74
104
24
57
39
81
17
7
21
24
26
92
72
99
88
34
53
63
71
4
115
74
27
77
44
53
119
117
111
98
9
44
34
35
37
65
122
39
56
47
35
69
4
66
99
10
34
78
25
2
126
109
16
76
108
20
27
125
33
109
110
44
124
10
55
106
35
33
100
94
92
11
75
10
80
120
87
35
73
26
48
29
84
69
47
91
104
101
121
39
76
102
120
112
112
2
88
56
52
123
106
8
79
51
69
35
89
39
110
11
63
60
14
55
50
5
62
124
55
115
99
18
101
65
91
31
47
113
8
103
123
98
30
113
7
118
50
53
115
86
2
111
41
55
34
35
114
123
104
106
22
121
32
106
91
105
97
48
78
25
58
37
22
80
23
63
33
8
126
37
95
5
91
77
19
102
76
123
24
118
79
11
117
75
117
13
126
22
93
18
9
29
53
52
91
23
95
102
52
126
70
112
113
81
31
49
79
31
58
73
106
97
79
33
53
37
101
58
87
100
76
68
98
45
29
116
35
54
106
63
93
83
14
101
47
50
8
83
116
33
73
105
42
25
9
20
1
35
35
60
2
44
82
105
64
93
31
113
10
35
41
17
101
2
29
38
41
70
35
38
92
52
96
64
3
122
56
10
2
11
80
26
8
51
86
49
21
123
70
96
62
10
73
37
121
53
13
122
20
103
75
4
77
58
119
46
123
23
110
75
40
33
9
11
33
50
110
81
28
41
99
85
99
15
117
17
6
37
6
1
23
77
16
61
72
97
40
55
72
117
114
83
62
80
96
123
83
69
28
75
85
68
126
76
21
123
63
27
97
97
91
61
30
92
38
61
118
103
63
123
50
43
124
82
71
31
1
104
99
42
45
48
78
94
30
68
123
99
114
83
80
39
88
61
110
99
61
9
115
78
123
22
95
21
65
89
105
86
7
17
54
96
18
67
25
88
27
75
12
57
106
1
41
71
58
12
85
38
93
56
124
84
52
62
53
92
65
12
16
12
97
66
39
69
