83 16 1000
M 17 15 18
M 3 7 10
S 4 6 7
M 12 8 19
S 1 2 3
M 20 21 23
S 10 15 16
S 9 11 12
M 24 23 25
M 14 5 17
S 2 4 5
S 18 20 21
S 11 13 14
S 6 8 9
M 13 16 22
M 22 19 24
17 8
12 2
9 2
13 1
13 1
7 1
14 1
11 3
20 2
7 10
16 15
16 22
5 3
16 19
19 1
23 25
16 1
2 39
9 1
12 2
5 8
25 22
16 25
21 5
19 4
9 2
25 56
13 1
18 33
25 42
4 15
6 6
18 44
18 15
12 1
13 1
18 24
18 39
25 19
5 8
2 20
7 10
18 27
5 6
13 1
18 3
2 14
18 5
18 5
14 1
9 2
7 1
8 5
25 63
23 8
12 2
12 2
11 2
19 5
2 21
21 2
17 7
11 2
9 2
18 9
12 2
22 2
8 5
23 29
9 3
8 4
3 5
6 10
22 10
3 29
20 14
3 18
3 3
12 1
11 3
20 2
12 2
20 10
14 1
14 1
8 6
23 37
19 7
21 23
3 7
5 2
6 11
21 19
11 1
8 6
25 23
14 1
3 30
10 51
14 1
10 22
14 1
10 3
5 18
12 2
19 4
9 3
7 7
13 2
19 4
5 4
9 5
11 1
21 8
6 7
4 11
22 4
11 3
19 6
21 12
17 9
14 1
5 21
14 1
4 14
16 8
9 1
5 11
18 6
9 5
7 3
10 38
23 5
21 23
10 14
7 9
11 1
21 20
5 9
25 53
21 2
18 39
7 6
15 8
4 4
2 30
17 18
10 34
3 37
24 22
12 2
3 13
18 35
13 2
16 8
24 25
13 1
3 10
9 2
23 46
23 19
10 28
16 9
8 3
12 1
10 10
24 2
3 23
6 6
19 3
20 8
3 37
19 2
20 9
16 6
9 3
18 4
7 5
4 16
8 4
8 4
16 15
14 1
9 5
17 20
3 36
13 2
15 1
3 36
6 1
13 2
5 17
22 10
6 3
14 1
19 3
6 6
3 15
12 1
17 7
4 6
2 25
14 1
2 12
21 2
18 1
13 1
14 1
2 40
13 1
6 11
13 2
15 7
11 3
4 2
8 2
8 1
17 17
8 1
21 15
11 1
13 1
7 10
18 14
17 16
9 4
21 3
6 3
22 7
3 9
5 10
6 5
12 1
21 6
2 19
24 6
14 1
23 15
6 4
22 18
11 1
3 36
6 11
3 29
15 17
8 6
22 24
11 1
3 37
19 8
17 4
14 1
21 13
16 6
17 1
11 3
12 2
19 4
6 1
5 8
10 47
4 6
13 2
13 2
22 24
11 2
24 1
19 2
14 1
20 3
12 1
14 1
8 3
8 5
9 5
24 15
3 12
16 25
17 13
9 1
21 24
16 18
21 4
8 1
8 2
17 15
2 13
5 2
17 14
7 4
5 19
5 2
21 6
24 28
21 7
8 5
3 6
17 18
7 5
21 24
18 42
15 23
19 3
5 10
13 2
12 2
5 10
19 7
12 2
2 41
20 2
8 4
5 7
14 1
15 18
12 1
20 20
21 8
8 4
2 20
4 9
10 9
22 3
21 17
21 6
6 8
10 42
17 7
13 1
8 3
3 26
20 4
6 2
10 30
14 1
25 50
24 35
19 7
18 47
3 24
11 3
24 24
8 1
6 5
18 13
11 1
6 6
10 44
7 5
17 9
22 23
24 32
24 7
25 18
20 21
21 22
16 2
11 1
17 1
18 44
10 1
14 1
21 13
22 7
23 41
25 1
16 5
16 5
19 1
17 16
17 21
6 8
24 3
2 38
25 25
19 5
13 2
23 8
3 6
3 16
7 1
17 10
22 6
15 12
17 22
7 8
2 21
21 23
14 1
16 9
7 6
5 10
19 7
19 3
23 17
11 3
10 20
19 5
25 14
2 23
6 2
17 15
7 6
23 22
25 21
2 40
23 6
21 11
3 24
7 2
5 15
12 1
11 3
11 2
19 5
5 4
6 7
19 1
22 14
24 8
3 13
25 6
15 25
5 6
17 19
16 5
12 1
25 45
19 6
2 20
10 27
23 34
7 2
8 2
14 1
21 19
5 8
10 41
6 7
4 19
10 46
25 37
4 4
14 1
25 40
10 4
6 11
4 11
13 2
20 17
23 22
5 19
25 63
19 2
21 16
19 6
3 12
21 14
14 1
2 27
24 24
4 7
17 11
3 38
23 12
15 10
9 1
11 2
17 18
15 2
25 10
8 3
22 27
21 12
5 8
23 28
7 9
19 7
6 10
2 12
12 1
8 3
10 8
6 11
16 5
11 2
6 8
19 4
10 50
2 15
19 8
5 10
19 3
21 16
14 1
21 18
22 17
2 39
17 5
8 6
4 5
2 4
6 6
12 2
15 11
17 1
3 37
21 11
24 24
24 12
22 20
20 17
19 7
14 1
6 10
23 43
9 3
19 1
2 31
8 4
23 7
20 4
9 3
23 38
11 3
2 41
12 1
19 6
10 8
25 80
19 3
8 5
25 80
8 4
11 2
22 22
23 28
15 15
11 3
3 36
11 2
24 1
21 21
24 16
5 16
16 2
11 2
4 1
24 9
13 1
22 4
5 4
11 1
20 1
7 4
23 46
19 2
3 15
17 14
10 9
12 1
13 2
4 17
2 30
14 1
11 3
15 13
7 6
21 17
2 26
3 29
23 35
20 10
19 3
21 7
19 7
17 22
22 23
3 21
17 4
16 25
11 2
13 2
8 5
16 11
12 1
8 6
10 48
9 1
7 9
16 4
23 19
15 3
2 5
10 46
11 2
13 2
4 14
20 13
25 57
2 31
14 1
15 6
18 43
6 2
9 4
16 18
14 1
18 36
20 12
19 3
14 1
24 27
20 13
10 2
9 2
24 20
3 2
13 1
19 2
6 5
25 14
8 3
17 15
18 22
3 7
15 9
22 7
7 2
14 1
5 19
16 7
3 8
15 8
7 6
9 3
9 5
12 2
15 3
20 2
22 15
4 15
24 34
2 12
6 9
19 3
3 29
11 2
4 6
18 20
4 18
7 9
15 3
12 1
11 1
2 33
9 4
10 6
21 16
14 1
8 5
21 3
2 5
24 10
22 2
12 1
14 1
12 2
7 9
8 2
25 23
19 6
4 16
2 35
7 10
15 24
23 22
4 10
14 1
5 8
17 11
2 39
2 14
22 24
9 5
8 3
14 1
23 3
21 13
9 5
9 3
23 7
3 20
15 10
20 9
19 5
23 30
23 32
9 3
17 11
10 5
22 5
18 26
5 2
8 2
12 1
24 2
4 14
19 7
10 48
25 1
21 15
21 11
11 3
25 80
3 24
22 22
9 4
14 1
5 5
16 1
5 8
4 8
15 9
24 26
18 41
4 20
12 1
4 7
6 1
3 19
20 1
2 29
9 1
14 1
22 12
5 9
2 30
5 4
8 1
13 1
10 8
10 9
16 24
23 37
8 4
8 1
8 6
11 3
21 10
14 1
5 9
10 31
4 18
16 2
25 83
13 2
12 1
20 15
25 78
25 39
11 1
4 18
20 16
22 24
16 17
17 6
3 29
19 2
24 35
14 1
14 1
25 65
4 12
9 1
25 22
3 26
12 1
4 6
17 18
22 23
25 25
23 46
20 17
18 35
10 33
19 1
19 5
20 18
23 6
16 2
10 31
20 6
21 19
10 46
18 42
9 4
21 1
12 2
20 6
24 28
14 1
5 10
14 1
22 25
6 8
12 1
5 2
2 2
21 10
6 4
11 1
10 11
13 1
13 2
20 6
6 6
12 2
20 3
4 13
24 28
13 1
8 4
16 19
8 4
12 2
11 1
25 11
11 3
13 1
13 2
21 1
7 9
18 18
21 6
13 1
14 1
22 11
23 32
21 21
3 2
20 2
4 12
15 15
6 1
7 8
21 1
5 4
20 21
14 1
15 1
2 7
16 21
16 7
18 15
25 50
7 9
2 34
19 8
2 20
9 1
13 2
4 15
22 24
3 11
13 1
9 3
18 33
18 32
6 9
16 14
11 1
13 1
14 1
3 23
7 3
6 3
3 9
2 22
6 2
22 12
24 29
5 21
3 8
11 1
3 26
7 8
13 2
23 10
12 1
7 1
5 9
5 7
21 13
5 2
13 1
13 2
16 7
11 3
5 11
25 83
12 2
18 46
10 9
23 14
16 19
3 3
3 37
22 5
21 15
22 26
7 6
14 1
18 22
20 7
18 3
4 18
16 5
24 2
10 7
20 1
22 14
19 6
8 4
15 4
23 33
4 12
19 7
7 7
24 8
11 2
2 7
4 17
21 2
2 31
4 5
21 9
20 4
18 46
21 14
10 42
13 1
25 79
11 1
15 15
5 5
5 19
4 12
13 1
13 1
2 27
19 7
12 1
21 18
10 19
25 61
8 5
12 2
11 2
12 2
21 14
13 2
5 2
10 45
6 8
17 19
21 12
18 43
21 15
11 3
4 8
4 2
12 2
8 4
17 11
22 16
22 25
22 18
20 9
11 3
3 30
22 27
21 24
22 20
12 1
20 22
12 1
9 2
20 13
23 5
9 1
24 11
21 8
25 72
7 3
10 51
13 2
6 10
25 22
11 3
