731
175
166
758
557
694
148
126
78
374
502
389
131
725
775
383
254
58
528
467
17
774
393
212
316
270
853
751
316
260
694
739
193
644
141
404
444
332
284
632
118
310
590
479
777
246
519
342
196
58
547
404
712
157
431
153
142
758
438
502
668
78
278
692
614
551
165
324
196
318
60
482
78
879
823
686
566
836
292
356
150
744
348
110
495
78
846
186
108
813
742
354
727
887
513
881
500
57
288
840
78
410
359
199
536
706
166
867
155
182
38
142
836
222
870
630
372
166
624
860
738
813
575
481
471
494
102
918
775
630
504
6
343
522
610
331
78
866
358
4
438
470
158
124
260
78
606
119
439
872
808
694
614
668
220
154
902
708
510
238
188
145
54
134
159
314
335
894
526
343
535
198
822
436
480
597
283
574
150
444
822
498
502
715
680
916
902
418
23
590
554
358
271
161
118
583
154
829
438
694
919
886
220
699
630
694
488
343
74
95
533
102
669
694
438
922
343
822
391
910
482
60
406
510
845
310
860
46
462
528
526
170
452
76
206
182
294
566
656
184
758
13
142
886
361
278
552
159
874
14
586
262
340
760
693
164
235
213
462
428
664
893
310
180
398
60
310
608
475
413
566
838
338
371
148
806
244
201
190
592
566
617
919
239
518
230
247
278
831
444
695
411
270
526
504
721
790
846
214
16
82
411
644
188
486
102
374
23
192
269
375
220
590
430
188
316
860
918
599
502
678
726
57
246
108
655
624
925
698
658
98
662
474
488
686
261
110
705
728
124
166
472
34
34
276
284
54
86
593
502
598
194
28
694
558
118
919
327
814
886
494
361
669
744
438
113
671
391
430
590
215
98
808
696
471
151
48
343
60
694
452
214
337
758
685
688
919
642
648
918
822
174
534
566
832
343
663
76
804
386
258
292
391
407
206
438
573
910
132
614
191
491
310
919
461
790
406
719
408
694
206
606
327
614
575
124
247
177
703
552
782
136
356
206
182
630
650
399
341
118
510
609
266
275
6
122
15
555
22
404
824
790
284
897
502
467
887
526
105
871
413
855
300
380
742
629
520
250
472
16
100
38
726
42
574
614
694
735
694
799
351
870
311
60
808
796
321
430
502
247
298
7
758
497
710
859
734
223
116
240
356
223
855
413
348
718
638
653
466
118
198
654
374
121
750
692
566
492
588
140
150
910
75
358
709
577
700
694
215
407
406
68
910
334
822
92
407
137
806
280
289
872
244
533
394
505
436
202
535
852
673
856
254
743
549
584
720
245
304
109
186
221
294
455
220
806
244
225
295
494
131
707
790
156
268
150
635
294
702
28
412
367
864
91
744
423
680
380
632
693
475
522
177
776
532
501
897
66
246
196
759
496
910
852
822
296
711
50
630
210
742
438
151
844
238
825
59
218
3
395
448
353
526
882
351
337
502
502
494
846
395
530
74
756
886
43
888
38
307
546
92
814
261
56
744
539
325
304
462
535
622
124
123
428
494
330
806
555
140
835
371
832
57
910
785
637
694
681
462
438
78
584
310
380
334
462
311
150
488
334
254
873
134
791
186
246
1
374
281
102
622
87
383
718
343
818
325
306
663
590
570
368
302
616
734
621
182
806
868
630
899
239
910
441
293
102
270
914
423
356
526
122
563
288
846
156
54
348
54
279
744
531
542
246
842
74
420
53
220
303
694
390
373
360
679
62
126
167
573
200
284
12
566
311
297
416
243
20
460
858
151
463
785
177
348
37
891
165
552
201
582
694
311
662
519
767
579
18
454
875
108
822
156
527
24
374
433
786
292
182
601
342
427
811
68
374
866
568
31
559
645
731
38
617
239
502
492
151
544
104
215
444
247
652
277
846
134
156
278
408
566
340
308
488
502
632
342
794
500
375
256
102
278
636
612
4
124
268
603
84
89
176
86
459
542
886
4
134
262
265
316
302
750
46
494
521
646
15
274
108
758
462
308
183
925
905
14
318
872
356
719
656
256
337
93
214
870
567
92
763
97
385
824
558
712
373
814
244
206
869
326
135
616
870
85
882
206
422
333
86
22
432
214
470
359
510
636
711
468
438
341
667
310
198
429
72
142
406
355
567
20
238
434
246
38
638
552
566
733
310
827
886
438
268
680
445
438
696
823
212
720
71
14
825
472
768
398
60
471
503
526
14
188
139
808
316
741
529
408
90
398
186
252
150
748
904
22
338
110
188
318
746
816
374
225
705
383
439
182
854
868
450
199
66
84
62
502
430
185
796
406
118
445
78
608
197
897
324
659
882
