59
26
35
40
63
56
3
44
26
45
52
45
45
35
10
49
50
49
46
27
38
63
39
55
24
5
59
57
40
21
20
13
34
49
58
15
45
23
18
20
1
27
55
40
57
48
32
46
2
40
27
49
6
34
38
7
40
49
19
26
64
44
12
64
64
35
38
1
61
29
12
51
42
27
63
36
40
21
25
53
9
1
32
6
29
17
14
57
47
64
8
60
9
23
36
19
52
45
50
12
28
61
6
25
47
31
52
61
41
32
64
63
63
22
65
49
12
34
37
60
63
5
54
49
12
60
10
58
55
55
5
55
58
45
4
37
34
62
3
15
42
31
18
4
8
50
33
8
15
25
44
56
34
54
20
63
4
61
59
39
45
6
18
24
56
7
46
56
45
26
26
55
4
23
51
13
49
26
15
42
46
24
13
32
56
11
21
3
60
14
62
32
6
49
47
22
1
55
53
24
54
3
14
35
61
7
36
10
43
32
19
56
59
23
43
6
57
49
48
31
53
1
26
1
25
5
10
51
63
2
42
50
29
3
13
65
38
21
46
11
38
43
4
5
13
1
36
25
46
11
48
36
60
12
51
21
34
65
62
24
56
19
40
55
4
56
26
61
3
28
15
8
16
21
17
64
32
64
34
1
43
61
42
53
50
63
17
42
8
48
35
65
50
65
57
3
45
49
43
43
18
44
46
9
55
51
65
48
52
45
45
50
39
62
55
65
29
59
9
20
4
55
31
9
19
31
49
32
40
62
53
29
10
41
46
58
30
31
49
9
9
53
23
35
10
39
34
1
8
8
29
33
65
39
7
48
52
25
34
15
30
20
61
5
31
23
11
25
60
58
54
38
20
34
44
2
10
64
55
63
7
36
34
2
7
47
24
38
33
10
56
28
9
44
14
5
3
18
4
24
34
27
23
27
43
55
34
24
47
19
48
17
15
48
56
42
30
20
56
57
1
65
7
24
21
64
50
26
61
9
6
52
35
6
6
13
23
36
19
12
51
3
29
35
27
38
25
5
30
43
49
50
37
26
2
11
49
13
62
6
1
46
34
36
3
61
1
15
30
60
63
25
17
16
40
10
17
29
27
50
32
12
51
16
11
52
47
44
64
56
4
24
15
50
58
62
42
41
2
13
50
25
30
21
35
23
31
38
22
34
61
17
14
28
34
11
54
57
21
59
24
56
9
30
9
46
64
3
13
30
61
47
33
16
14
10
28
31
42
44
19
47
23
39
13
6
19
1
10
22
21
58
44
53
45
49
25
38
60
35
16
7
62
38
65
28
4
1
48
13
14
7
10
52
55
26
2
59
63
21
55
16
57
7
9
33
26
39
46
4
21
23
33
63
8
18
59
13
57
55
52
45
40
27
26
55
48
33
18
20
50
23
8
54
4
57
62
20
57
34
11
55
28
51
14
23
48
42
65
50
49
43
24
10
65
15
13
29
33
6
64
41
51
43
56
13
6
62
38
17
14
7
4
41
7
35
32
18
7
32
31
44
36
49
42
1
38
12
34
8
25
17
6
45
42
29
11
7
8
24
54
57
3
51
45
10
57
21
10
2
40
7
11
24
9
4
44
53
19
57
8
57
45
47
54
42
23
24
25
26
6
35
48
43
1
27
3
28
28
46
17
34
12
5
48
7
51
26
61
4
51
39
58
32
47
32
42
1
55
30
57
34
46
29
17
34
49
61
7
41
59
62
4
6
24
20
14
11
46
63
51
60
57
61
42
40
36
19
28
64
8
20
55
31
6
27
14
47
61
60
33
37
31
31
14
3
59
28
15
2
44
49
16
48
32
60
33
29
34
56
58
9
9
44
61
46
13
13
5
39
36
46
56
49
24
48
38
49
60
5
7
6
30
40
13
61
5
35
53
34
16
27
40
34
32
31
58
43
28
21
11
64
6
63
58
9
20
9
21
18
48
45
61
40
27
37
1
1
42
44
5
48
44
60
18
48
14
64
30
13
19
63
65
30
7
38
6
61
39
52
29
17
23
58
34
44
46
54
2
10
12
31
19
8
12
18
1
46
36
50
30
41
4
62
58
63
55
2
51
34
25
20
58
57
63
17
9
58
45
5
10
14
16
15
44
7
4
51
9
28
42
18
13
63
5
31
20
46
42
22
33
28
62
34
63
58
15
16
45
34
46
39
55
50
57
30
3
32
16
37
49
37
23
23
62
41
62
59
65
30
52
53
28
20
5
49
7
65
9
16
27
57
38
53
50
62
52
19
45
38
22
60
65
9
14
60
55
25
31
55
