5563 4583 1000
S 2441 2706 2707
M 2339 2227 2392
S 4216 4251 4252
S 6010 6168 6169
M 1769 1779 1792
M 1809 1755 1815
S 6395 6451 6452
M 1352 1500 1517
S 286 399 400
M 5355 5161 5401
M 3163 3122 3180
M 1766 1859 1860
S 119 124 125
M 3266 3517 3537
S 5165 5196 5197
S 6290 6336 6337
M 6714 6672 6723
M 6859 6848 6860
M 174 140 192
S 6445 6456 6457
M 139 188 200
S 5024 5050 5051
S 4542 4860 4861
S 5167 5178 5179
S 2158 2285 2286
S 1793 1862 1863
M 3557 3573 3597
S 3714 3865 3866
S 1205 1303 1304
S 421 445 446
M 1414 1219 1425
M 1578 1583 1677
M 3518 3604 3613
S 3426 3428 3429
M 4885 4931 4940
S 5864 5890 5891
S 1299 1510 1511
M 1172 1362 1391
M 4731 4799 4802
M 5122 5082 5162
S 5473 5493 5494
S 6233 6366 6367
M 6473 6370 6577
S 2187 2199 2200
M 5259 5250 5306
M 2541 2519 2649
M 3918 3916 3972
M 6146 6123 6188
S 5332 5395 5396
M 1144 1133 1166
M 6721 6558 6722
M 2096 2135 2276
M 4286 4581 4646
M 1907 2149 2204
S 3657 3701 3702
M 1535 1375 1583
M 1850 1878 1913
S 5258 5261 5262
S 6569 6582 6583
S 1494 1497 1498
M 6792 6723 6840
M 3710 3792 3864
S 2033 2123 2124
S 750 850 851
M 4323 4335 4462
S 5978 6026 6027
M 4816 4893 4897
S 493 507 508
M 2668 2734 2736
M 4030 4097 4101
M 889 932 940
M 6869 6852 6870
S 4037 4043 4044
S 4326 4346 4347
S 3218 3256 3257
S 1575 1600 1601
M 4023 3993 4036
M 4136 4255 4371
M 4082 4219 4234
M 6436 6428 6443
S 3811 3891 3892
M 1729 1717 1789
M 2742 2711 2867
S 5049 5148 5149
S 2261 2330 2331
S 1654 1703 1704
M 5293 5121 5310
S 5284 5311 5312
M 4871 4890 4964
S 5261 5344 5345
M 313 499 512
M 2903 2937 2955
M 2619 2615 2622
M 6036 6025 6040
S 3755 3952 3953
S 3957 4027 4028
M 5224 5412 5471
M 5266 5324 5328
S 2169 2213 2214
S 3820 3869 3870
M 503 672 674
M 6845 6809 6847
M 859 1033 1042
M 475 339 506
M 6394 6392 6442
M 4684 4419 4726
S 4109 4152 4153
M 5861 5915 5952
S 5640 5660 5661
M 6585 6573 6601
S 6754 6759 6760
S 5098 5100 5101
M 4017 3855 4045
S 4163 4306 4307
S 3495 3555 3556
S 4297 4403 4404
S 1346 1393 1394
S 2208 2353 2354
S 3174 3314 3315
M 3087 3078 3138
M 5826 5805 5839
S 1815 1846 1847
M 1664 1854 1883
S 1456 1470 1471
S 5824 5841 5842
M 5599 5584 5617
M 3545 3748 3755
S 1468 1556 1557
S 4730 4731 4732
S 2091 2197 2198
S 3428 3525 3526
S 5645 5658 5659
M 2482 2365 2487
S 3708 3723 3724
M 4682 4760 4772
M 1035 1065 1088
M 3106 3081 3110
M 4821 4774 4837
M 3236 3095 3258
M 5512 5320 5517
M 1451 1380 1460
M 4617 4757 4762
M 6786 6735 6813
M 1514 1883 1885
M 3278 3273 3311
M 6550 6819 6827
S 2944 3074 3075
S 6303 6305 6306
M 857 775 903
S 4069 4077 4078
M 5935 5887 5961
M 6496 6525 6563
S 6355 6397 6398
S 799 914 915
M 2570 2538 2582
S 4732 4811 4812
S 807 984 985
S 3042 3076 3077
S 2021 2077 2078
S 2617 2639 2640
M 5996 5969 6072
M 1356 1291 1357
M 4860 4822 4863
M 772 649 774
S 4107 4181 4182
S 793 848 849
S 2891 2953 2954
S 3552 3608 3609
M 4791 4728 4824
M 1408 1600 1633
M 3791 3583 3828
M 6129 6188 6205
S 4726 4767 4768
M 4534 4543 4544
M 2857 2707 2879
S 4755 4891 4892
M 4197 4073 4226
S 882 896 897
M 5421 5349 5426
M 545 469 563
M 1719 1720 1727
M 554 578 587
S 3713 3757 3758
M 2057 2052 2111
S 1127 1134 1135
S 1480 1683 1684
M 953 944 1001
M 3394 3422 3433
S 3651 3667 3668
M 3575 3624 3708
S 4191 4293 4294
S 5772 5796 5797
M 5260 5298 5372
S 6304 6373 6374
M 1676 1866 1937
S 661 857 858
S 2532 2604 2605
S 742 743 744
M 4195 4145 4227
S 2624 2630 2631
M 6612 6702 6709
M 2174 2276 2296
M 6492 6621 6659
S 2220 2259 2260
S 1272 1280 1281
S 5605 5651 5652
S 2335 2341 2342
S 4313 4446 4447
S 1560 1589 1590
M 1198 1111 1316
S 2604 2634 2635
M 1877 1838 1882
S 450 601 602
S 2922 2923 2924
S 250 297 298
S 4300 4382 4383
M 2056 2039 2109
S 6207 6232 6233
M 6774 6810 6828
S 5327 5420 5421
M 5853 5733 5937
M 2849 2766 2871
S 410 478 479
S 6402 6474 6475
S 2525 2595 2596
M 2888 2779 2896
M 4977 5009 5028
S 4746 4786 4787
M 5827 5882 5968
M 4391 4383 4401
M 3717 3839 3849
S 4628 4637 4638
M 1402 1252 1431
M 2358 2317 2497
M 2426 2404 2482
S 6387 6431 6432
M 2885 2906 2932
M 4503 4452 4510
S 4563 4577 4578
M 3616 3718 3722
M 1255 1407 1490
S 3443 3471 3472
M 1507 1474 1509
S 878 904 905
S 2063 2173 2174
S 5239 5299 5300
M 5365 5407 5410
S 4388 4418 4419
M 1031 1022 1033
M 5823 5703 6007
M 3144 3154 3188
S 6047 6094 6095
M 1592 1595 1653
M 1445 1265 1466
M 3365 3559 3645
S 4240 4286 4287
S 3329 3363 3364
M 5237 5255 5270
M 4978 4919 5027
S 2010 2030 2031
S 6411 6533 6534
M 71 56 83
M 795 781 823
M 96 70 99
M 6615 6474 6639
S 2452 2610 2611
S 63 106 107
M 6135 6409 6421
S 6097 6202 6203
M 6266 6276 6320
M 4940 4926 4947
S 6614 6660 6661
M 1188 1251 1382
S 634 637 638
M 5193 5294 5303
M 4973 5131 5175
M 6381 6720 6821
M 6629 6606 6637
M 3930 3907 3948
S 3245 3288 3289
M 5177 5249 5289
S 894 966 967
M 2813 2757 2817
S 5038 5048 5049
M 202 254 258
S 117 341 342
S 3190 3213 3214
S 4679 4716 4717
S 4486 4595 4596
M 3860 3862 3945
S 519 610 611
S 6217 6289 6290
M 802 1101 1164
S 77 120 121
S 6309 6324 6325
S 1581 1705 1706
M 829 786 872
M 4067 4079 4198
S 4672 4720 4721
S 1923 2060 2061
S 2941 3006 3007
S 1832 1981 1982
M 5331 5343 5366
M 3830 3802 3850
M 1247 1277 1342
M 5363 5358 5488
M 4215 4277 4370
M 3729 3737 3789
S 3349 3351 3352
S 6096 6102 6103
M 1602 1924 2059
S 1707 1730 1731
S 2716 2734 2735
S 4593 4659 4660
S 3012 3161 3162
S 6160 6165 6166
S 6375 6387 6388
M 4148 4185 4197
S 5868 6008 6009
M 2887 2836 2894
S 3837 3924 3925
S 3073 3240 3241
M 748 711 791
S 3364 3453 3454
S 2264 2359 2360
M 6030 5910 6041
S 4272 4408 4409
M 2003 1965 2037
S 2242 2272 2273
S 1460 1564 1565
M 3370 3285 3412
S 4715 4747 4748
S 30 43 44
S 1042 1054 1055
M 4784 4806 4872
M 2164 1970 2280
S 1229 1234 1235
S 5506 5682 5683
M 5759 5672 5844
S 2362 2479 2480
S 2106 2167 2168
S 2544 2564 2565
M 4582 4449 4587
M 4396 4392 4407
S 925 957 958
M 5573 5541 5578
S 5065 5129 5130
M 6333 6317 6353
M 5019 5095 5118
S 5939 6034 6035
M 472 543 546
S 4094 4128 4129
M 3703 3909 3937
M 1610 1548 1671
S 6046 6081 6082
M 6109 6043 6122
S 2013 2261 2262
M 2509 2451 2674
S 1827 1848 1849
S 1000 1096 1097
S 6348 6491 6492
S 5606 5904 5905
S 190 215 216
M 6864 6853 6867
S 173 249 250
S 4416 4436 4437
S 5944 5997 5998
M 1405 1388 1444
S 4370 4416 4417
S 6413 6425 6426
S 1398 1447 1448
S 1691 1818 1819
M 1696 1668 1718
M 471 608 651
M 2768 2776 2818
S 2430 2433 2434
M 6107 6128 6150
S 5315 5397 5398
M 6628 6616 6670
M 6736 6855 6862
S 5743 5761 5762
M 6704 6833 6861
M 2996 3179 3217
S 5039 5085 5086
S 1173 1240 1241
S 48 50 51
S 4422 4424 4425
M 4917 4847 4989
S 6756 6788 6789
M 6271 6367 6453
S 2310 2355 2356
S 3127 3163 3164
M 3704 3682 3709
M 5751 5526 5777
S 5572 5576 5577
S 3690 3749 3750
M 3914 3906 3940
S 28 52 53
M 6667 6850 6851
M 1908 1949 2005
M 1542 1462 1606
M 1129 1147 1163
S 5837 5897 5898
M 5214 4964 5266
S 2636 2900 2901
M 3398 3474 3476
S 5948 6001 6002
M 3958 3952 3970
M 2068 2081 2145
M 2046 2066 2075
M 3534 3538 3561
M 5937 5955 5986
S 2708 2754 2755
S 1588 1661 1662
S 4400 4405 4406
S 5501 5546 5547
S 607 649 650
M 6205 6211 6221
S 2695 2739 2740
M 487 536 596
M 6219 6321 6396
S 76 112 113
M 5134 5144 5186
M 761 724 764
M 4777 4789 4864
S 3401 3496 3497
S 1724 1858 1859
M 6003 6078 6109
M 513 515 516
S 1260 1366 1367
S 5771 5775 5776
S 3933 3968 3969
S 2962 3023 3024
S 4887 4942 4943
M 6086 5961 6140
M 5697 5702 5822
M 2077 2070 2121
S 1425 1452 1453
S 1148 1199 1200
M 194 195 213
S 5233 5273 5274
S 6566 6606 6607
S 4875 5066 5067
S 2475 2556 2557
M 3094 3113 3137
S 4811 4868 4869
M 2701 2761 2773
S 6015 6153 6154
S 2635 2636 2637
M 3880 3620 3936
M 6642 6564 6708
M 142 225 253
M 5283 5282 5284
M 4199 4156 4207
M 3283 3244 3359
M 1495 1421 1505
S 5736 5771 5772
S 2609 2681 2682
S 1851 1974 1975
M 4597 4577 4689
M 4921 4953 4965
S 3105 3203 3204
S 3895 3999 4000
M 5050 5033 5064
M 6153 6094 6227
M 1819 1776 1833
S 3563 3624 3625
S 3562 3618 3619
M 5142 5118 5172
S 5884 5930 5931
S 4999 5014 5015
S 3347 3438 3439
S 1442 1488 1489
S 1160 1507 1508
S 2249 2299 2300
M 5938 5836 5969
S 1174 1179 1180
M 2780 2777 2823
S 5304 5324 5325
M 4102 4155 4166
S 2681 2744 2745
M 2988 2934 2995
S 55 89 90
M 5728 5727 5925
S 651 802 803
M 3388 3336 3470
S 6742 6796 6797
M 4659 4707 4752
S 963 968 969
M 4171 4239 4248
M 1651 1700 1717
M 5480 5452 5482
M 1134 1024 1153
M 3342 3328 3459
M 1079 1086 1120
M 4884 4727 4944
S 4479 4481 4482
M 1657 1646 1663
M 3699 3782 3811
S 598 679 680
M 2918 2932 2950
M 5928 6005 6017
S 2966 2993 2994
M 820 862 910
S 6090 6133 6134
M 6114 6376 6385
S 3110 3127 3128
S 4382 4524 4525
S 5894 5928 5929
S 986 1142 1143
M 5764 5721 5787
S 6206 6209 6210
S 4038 4068 4069
S 209 219 220
M 4925 4989 5033
S 67 103 104
S 1125 1126 1127
M 6772 6804 6825
S 4960 4974 4975
M 6623 6632 6638
M 1093 1046 1160
M 5027 5028 5080
M 2648 2594 2675
M 5402 5347 5405
S 3938 4002 4003
M 6836 6813 6849
M 727 796 834
M 457 371 487
S 3899 3993 3994
M 282 301 329
S 2318 2469 2470
M 5982 5927 5985
S 4648 4793 4794
S 2611 2696 2697
M 1119 1037 1129
S 5686 5722 5723
S 3940 4018 4019
M 702 480 726
S 1985 2128 2129
S 6410 6619 6620
M 5018 5096 5102
M 3467 3486 3524
M 3893 3876 3920
M 5401 5377 5419
S 2022 2027 2028
S 4647 4708 4709
S 358 382 383
S 395 488 489
S 5848 5912 5913
S 6340 6433 6434
S 5612 5773 5774
M 4110 4227 4232
S 1266 1314 1315
M 2418 2351 2421
S 1021 1106 1107
M 2752 2739 2791
M 2307 2344 2402
M 1570 1683 1836
S 4377 4581 4582
M 3417 3305 3422
M 5806 5655 5835
S 4861 4877 4878
M 5323 5291 5341
S 6279 6303 6304
M 3588 3683 3733
S 4753 4765 4766
M 3663 3722 3734
S 3389 3390 3391
S 872 877 878
S 1734 1827 1828
S 3637 3941 3942
M 2555 2484 2561
S 1436 1484 1485
M 3253 3220 3327
M 3058 3026 3060
M 224 164 232
S 5621 5666 5667
S 59 109 110
M 1605 1675 1680
M 2792 2704 2886
S 2445 2540 2541
M 2123 2197 2201
M 1774 1785 1801
M 4063 4429 4443
S 6328 6506 6507
S 1778 1804 1805
M 4800 4780 4830
S 49 79 80
S 476 494 495
S 3476 3481 3482
S 4956 5023 5024
S 1621 1673 1674
S 5989 6055 6056
M 1591 1596 1637
M 1145 1253 1356
S 3234 3254 3255
M 6158 6152 6247
S 2646 2651 2652
M 6654 6583 6677
S 3037 3058 3059
M 6545 6481 6593
S 1984 2099 2100
S 7 10 11
M 1954 1958 2004
M 6620 6533 6636
M 2018 1709 2101
M 6134 6112 6286
S 5922 5964 5965
S 2633 2660 2661
S 4104 4202 4203
S 2275 2288 2289
M 4041 4202 4245
S 4291 4308 4309
M 2949 2964 2965
S 4180 4242 4243
S 51 154 155
M 4897 4915 4992
S 6232 6268 6269
S 3228 3269 3270
S 2303 2457 2458
M 1415 1381 1422
M 4618 4601 4639
M 4502 4658 4674
M 570 555 579
M 520 626 671
S 4036 4090 4091
M 744 688 746
S 6189 6234 6235
S 3191 3345 3346
S 6061 6174 6175
S 4932 4971 4972
S 3201 3308 3309
S 3496 3674 3675
S 431 463 464
M 6124 6156 6181
S 1530 1541 1542
S 920 1025 1026
S 4378 4562 4563
S 6414 6644 6645
S 529 532 533
S 5796 5820 5821
S 3894 4058 4059
M 6733 6748 6814
S 5218 5338 5339
M 2822 2858 2880
S 5031 5095 5096
M 420 263 462
M 172 265 334
M 547 542 597
M 1566 1594 1595
S 1359 1378 1379
M 6214 6243 6255
S 4380 4391 4392
M 3595 3627 3633
M 2512 2559 2678
S 1018 1036 1037
S 328 672 673
M 4062 4208 4221
M 5802 5866 5877
M 1943 1980 1987
S 2994 3181 3182
M 2189 2229 2249
S 3529 3900 3901
S 24 91 92
S 2129 2215 2216
S 4872 4902 4903
M 6500 6666 6669
S 1690 1802 1803
S 6571 6591 6592
S 3560 3576 3577
S 2955 3134 3135
M 4627 4673 4734
S 6472 6685 6686
S 3572 3616 3617
M 1556 1613 1713
M 1319 1363 1377
M 2571 2702 2705
S 5901 5987 5988
S 112 251 252
S 4274 4304 4305
M 2536 2457 2539
S 1128 1213 1214
S 4517 4703 4704
M 4207 4198 4239
M 4015 3988 4124
S 1571 1596 1597
M 2440 2311 2444
M 1900 1865 1909
M 3661 3725 3771
M 5891 5975 5992
M 2032 2072 2074
M 169 294 401
S 5432 5455 5456
S 3040 3054 3055
S 2364 2372 2373
M 4306 4367 4378
S 5842 5850 5851
S 1396 1455 1456
S 1536 1568 1569
S 2865 2898 2899
M 5934 5883 5939
M 601 565 604
M 5546 5494 5563
S 3006 3043 3044
M 6140 6313 6436
M 1246 1271 1284
M 1656 1650 1670
M 4870 4902 4908
M 5436 5393 5440
S 6237 6238 6239
S 243 295 296
M 18 27 33
M 5333 5338 5378
S 845 962 963
M 940 1014 1076
S 3 6 7
S 5069 5071 5072
S 4220 4222 4223
S 511 544 545
S 219 364 365
M 4899 4748 4913
M 3242 3460 3545
M 2811 2853 2866
M 5388 5254 5422
M 1823 2145 2237
S 6554 6569 6570
S 2267 2347 2348
M 3763 3689 3809
S 3875 3980 3981
S 4143 4154 4155
M 1141 532 1172
M 5637 5570 5646
S 522 667 668
M 3475 3463 3477
S 6617 6646 6647
S 3462 3527 3528
M 3761 3852 3868
S 5551 5627 5628
M 1824 1868 1869
S 4962 4985 4986
S 3238 3304 3305
M 2120 2199 2227
M 6726 6502 6767
M 4205 4080 4219
S 218 244 245
S 1235 1264 1265
M 269 237 292
S 1831 1855 1856
S 4214 4215 4216
M 2542 2485 2574
M 2328 2453 2488
M 959 1102 1147
S 2593 2679 2680
S 6255 6261 6262
M 4701 4653 4718
S 1502 1640 1641
S 1630 1638 1639
S 3730 3881 3882
M 6717 6699 6842
M 3459 3312 3495
M 3323 3297 3386
M 2461 2513 2583
M 3139 3140 3237
S 2258 2328 2329
M 1986 1881 1988
M 5090 5085 5099
M 4787 4767 4821
S 3972 4105 4106
S 6269 6358 6359
M 1752 1763 1788
M 6668 6669 6705
S 923 1005 1006
M 2867 2930 2958
M 2017 2014 2050
S 2860 2884 2885
S 6208 6217 6218
S 78 261 262
M 2172 1956 2181
M 6083 6075 6097
S 5873 5943 5944
M 6082 6068 6135
M 2439 2388 2441
M 516 494 605
S 3773 3843 3844
M 5683 5603 5687
M 2567 2606 2650
S 823 846 847
M 6866 6798 6871
S 5811 5910 5911
M 2872 2875 2914
M 1935 1873 1978
M 2610 2474 2694
M 4578 4461 4579
S 2828 2837 2838
M 4649 4703 4769
M 2954 3014 3084
M 3444 3524 3538
S 1168 1351 1352
M 2581 2551 2612
S 6070 6115 6116
S 3676 3824 3825
S 2498 2567 2568
M 1531 1466 1567
S 5301 5424 5425
M 682 666 697
S 4916 5021 5022
S 6288 6311 6312
M 6484 6553 6557
M 2869 2773 2872
M 4225 4270 4277
S 4970 4977 4978
S 5533 5597 5598
S 3213 3215 3216
S 1150 1161 1162
S 2621 2721 2722
M 4034 4108 4130
M 5489 5583 5586
S 1304 1445 1446
M 4808 4959 4994
S 4836 4887 4888
S 5235 5236 5237
M 951 907 1004
S 1617 1753 1754
M 1839 1829 1840
M 706 721 738
S 3280 3334 3335
S 4500 4672 4673
M 580 528 617
M 6144 6072 6152
M 763 787 790
S 4471 4492 4493
S 2237 2238 2239
S 5123 5180 5181
M 4275 4092 4322
M 445 449 465
M 1041 1052 1105
M 5588 5642 5734
S 3672 3761 3762
M 4632 4737 4764
S 6044 6090 6091
M 3601 3536 3621
S 769 794 795
M 5469 5370 5532
M 4024 4057 4150
M 5183 5152 5242
M 1487 1559 1576
S 2787 2835 2836
M 6225 6356 6360
S 3043 3069 3070
S 241 278 279
S 2019 2053 2054
S 5511 5512 5513
M 1004 1060 1123
M 6818 6824 6838
S 2908 2935 2936
M 5212 5040 5250
S 1790 1853 1854
M 5238 5141 5241
S 6542 6571 6572
S 4766 4995 4996
S 782 825 826
M 2028 2075 2105
M 2730 2782 2839
M 1094 1090 1099
S 1454 1512 1513
S 4132 4204 4205
M 4585 4554 4588
M 691 677 707
M 6491 6535 6550
S 1117 1189 1190
M 1167 1206 1239
S 5527 5593 5594
M 1370 1281 1443
S 152 168 169
M 5379 5381 5431
M 2859 2847 2875
M 535 768 810
M 5427 5316 5439
M 3363 3512 3534
S 5576 5584 5585
M 3744 3989 4008
S 4538 4545 4546
S 712 730 731
S 3934 4040 4041
M 4545 4564 4580
M 5945 5813 5958
S 1521 1608 1609
S 29 60 61
S 6366 6422 6423
S 784 1130 1131
S 3288 3290 3291
S 619 781 782
M 1413 1389 1433
S 5508 5561 5562
M 5628 5580 5630
M 3522 3418 3529
S 3526 3705 3706
S 2155 2282 2283
S 3764 3775 3776
M 6251 6184 6277
M 2296 2259 2301
S 5775 5972 5973
S 2115 2133 2134
M 5779 5679 5804
M 3709 3746 3777
S 1367 1372 1373
S 3223 3300 3301
M 5731 5722 5743
M 5652 5691 5724
M 3615 3658 3802
M 6663 6671 6672
M 1527 1477 1607
M 5062 5022 5077
S 4571 4610 4611
S 4492 4549 4550
S 2458 2500 2501
M 416 365 420
M 618 612 645
M 1372 1339 1398
S 422 592 593
S 780 818 819
S 5195 5313 5314
S 4866 4958 4959
M 6408 6425 6427
S 939 1177 1178
M 259 246 284
M 2653 2614 2655
S 4262 4373 4374
S 6622 6689 6690
S 4975 5081 5082
S 5463 5464 5465
S 1788 1793 1794
M 4402 4525 4586
M 372 390 391
M 906 914 1009
S 5698 5710 5711
S 3694 3695 3696
S 2374 2376 2377
S 6547 6597 6598
M 3447 3369 3487
S 5547 5750 5751
M 1744 1549 1777
S 5828 5853 5854
M 3652 3611 3684
M 3896 3649 3949
S 4652 4807 4808
M 5386 5160 5423
M 3027 3052 3057
S 1164 1360 1361
M 888 933 961
M 6777 6787 6836
M 131 113 151
M 6731 6841 6848
M 2607 2587 2619
M 6180 6234 6258
S 694 792 793
M 1422 1438 1465
S 2493 2511 2512
M 4046 4045 4070
M 316 242 325
S 3905 4046 4047
S 2210 2222 2223
M 4526 4321 4543
S 3578 3591 3592
M 3072 3167 3179
M 79 73 84
M 6012 6315 6447
M 3255 3192 3338
M 5099 5054 5104
S 5063 5182 5183
M 2600 2577 2632
S 2431 2445 2446
S 5055 5153 5154
S 61 67 68
S 53 57 58
S 5812 5860 5861
S 192 196 197
M 4296 4095 4319
S 5138 5201 5202
S 6033 6078 6079
S 6323 6346 6347
S 3211 3316 3317
M 2562 2494 2624
M 3824 3796 3854
M 6477 6476 6487
M 5413 5529 5540
S 1846 1851 1852
S 6398 6406 6407
S 6743 6750 6751
S 6008 6036 6037
S 4423 4466 4467
M 6603 6728 6747
S 1045 1170 1171
S 5244 5248 5249
M 3970 4072 4206
M 3949 3986 4032
S 3344 3382 3383
M 3728 3857 3862
M 467 334 523
M 65 75 76
S 5423 5497 5498
S 6768 6790 6791
M 1750 1780 1843
M 342 400 414
S 2342 2343 2344
M 2714 2706 2717
S 5835 5847 5848
S 4553 4565 4566
S 6495 6634 6635
S 707 1017 1018
S 6286 6496 6497
S 309 311 312
S 1392 1434 1435
S 5334 5392 5393
M 3842 3962 4052
S 1953 2015 2016
M 121 130 185
M 1355 1493 1499
S 4923 5062 5063
S 3677 3785 3786
S 314 357 358
S 2753 2857 2858
S 464 474 475
M 1622 1615 1628
S 2738 2882 2883
M 710 714 748
M 5307 5251 5331
S 3621 3769 3770
M 255 239 283
M 5245 5248 5277
M 6814 6551 6819
M 2400 2601 2617
M 432 437 439
M 5627 5626 5634
M 4212 4238 4292
S 5015 5036 5037
S 5788 5863 5864
M 6346 6457 6493
M 4165 4183 4220
S 4637 4644 4645
M 1564 1444 1572
S 44 62 63
M 295 379 476
M 3635 3497 3653
S 1190 1210 1211
M 5418 5270 5432
S 5925 5989 5990
S 3992 4064 4065
S 1682 1690 1691
M 4250 4169 4265
M 2156 2320 2321
S 3483 3727 3728
M 1418 1406 1432
M 1427 1364 1457
S 3334 3498 3499
S 204 233 234
S 461 504 505
M 4763 4559 4790
S 3258 3336 3337
S 3985 3986 3987
S 771 783 784
S 5689 5753 5754
S 145 158 159
M 2422 2527 2529
S 118 156 157
S 1465 1493 1494
M 4509 4496 4516
S 4994 5119 5120
S 3571 3943 3944
M 1314 1361 1362
S 3452 3557 3558
S 1673 1698 1699
M 4650 4745 4749
M 4336 4247 4338
S 5385 5443 5444
S 451 485 486
S 440 576 577
S 6661 6698 6699
S 4365 4701 4702
S 2333 2364 2365
M 1156 1040 1207
S 5909 5966 5967
M 572 586 598
S 3331 3357 3358
S 5793 5906 5907
S 6 27 28
S 1893 1899 1900
M 6778 6739 6787
M 3942 3915 3967
M 1725 1716 1784
S 6257 6270 6271
S 3151 3244 3245
S 3719 3826 3827
M 840 815 912
M 1959 1814 2008
M 4450 4361 4459
M 391 307 428
M 1781 1874 1914
S 3262 3266 3267
M 4569 4324 4592
S 6385 6418 6419
M 3605 3836 3848
S 3017 3157 3158
S 33 36 37
S 3995 4121 4122
S 3204 3298 3299
S 6182 6236 6237
S 3082 3130 3131
M 5748 5900 5903
M 1840 1632 2026
M 3582 3749 3765
M 3675 3693 3714
S 3903 3908 3909
M 439 346 473
M 5089 5106 5123
S 5662 5690 5691
S 4983 5003 5004
M 1871 1898 1910
S 2298 2409 2410
M 262 222 287
M 2060 2053 2084
M 394 406 426
S 1811 1831 1832
M 5159 5202 5203
S 722 816 817
M 6528 6516 6567
S 6132 6186 6187
S 2086 2256 2257
S 537 614 615
M 3302 3338 3409
M 4369 4128 4438
S 26 41 42
S 41 130 131
S 983 1049 1050
M 5171 5075 5191
M 3129 3060 3223
M 3282 3489 3552
S 4424 4460 4461
M 6780 6815 6818
S 5846 5869 5870
M 1786 1813 1820
M 4519 4460 4575
S 864 949 950
M 841 863 885
S 3785 3792 3793
S 997 1156 1157
M 293 315 368
M 4213 4228 4230
M 2717 2683 2723
S 102 140 141
M 6130 6193 6211
M 3310 3777 3796
S 1680 1681 1682
S 3739 3790 3791
S 1619 1635 1636
M 4996 5083 5132
S 4359 4380 4381
M 5276 5308 5320
M 3706 3586 3737
S 1481 1692 1693
S 1066 1108 1109
M 6186 6121 6263
M 2979 3000 3019
M 4032 4120 4127
M 5392 5227 5438
M 1906 1830 1908
M 385 415 449
S 596 622 623
M 6079 6059 6124
M 3339 3333 3341
S 869 1081 1082
S 1820 1823 1824
M 5002 5087 5094
M 4615 4552 4634
S 4891 4915 4916
M 3879 3816 3905
M 3947 3851 3954
M 2929 2762 2961
M 2186 2233 2269
S 4309 4463 4464
M 2359 2428 2440
S 3326 3394 3395
M 3877 3863 3917
M 3751 3779 3833
M 2911 2798 2980
S 837 875 876
M 5513 5598 5599
M 6522 6369 6544
S 1097 1138 1139
M 5007 4991 5030
S 4113 4116 4117
S 5502 5504 5505
M 737 935 1000
M 4756 4814 4828
S 5231 5354 5355
M 3541 3539 3551
S 3721 3735 3736
S 1183 1237 1238
M 1631 1756 1758
S 2244 2250 2251
S 3891 3926 3927
M 2583 2566 2620
M 4196 4223 4289
M 3819 3758 3863
M 2679 2659 2687
M 3177 3198 3211
S 5807 5828 5829
S 5929 6129 6130
M 3567 3558 3585
M 5271 5216 5275
M 1892 1858 1901
S 4158 4199 4200
S 4988 5019 5020
M 4957 4856 4962
S 4976 5083 5084
M 3345 3393 3410
M 3158 3296 3303
S 1989 2000 2001
S 3510 3686 3687
M 2631 2687 2763
M 3354 3385 3446
S 2793 2851 2852
M 2933 2827 2978
M 3435 3367 3445
M 824 756 827
S 5694 5704 5705
S 1433 1570 1571
S 4194 4240 4241
S 3408 3431 3432
S 5475 5591 5592
M 575 558 589
M 581 577 646
M 4353 4357 4400
M 5762 5913 5918
M 279 389 410
S 1952 1964 1965
S 717 739 740
M 3493 3674 3739
M 2384 2450 2456
M 2961 2980 3018
M 6064 6099 6126
S 645 723 724
S 4251 4301 4302
S 766 804 805
S 946 1295 1296
S 6281 6293 6294
S 4348 4429 4430
M 5519 5523 5526
M 1470 1447 1472
M 3109 3111 3168
S 4211 4281 4282
S 3157 3184 3185
M 3919 3963 4029
M 3429 3456 3475
S 25 29 30
M 5780 6048 6062
S 3360 3489 3490
S 5514 5550 5551
S 6100 6184 6185
M 1107 1337 1428
M 5965 6062 6064
S 5548 5655 5656
M 6653 6626 6678
S 1490 1622 1623
S 3889 3910 3911
S 3431 3517 3518
S 4153 4266 4267
S 1861 1866 1867
M 5415 5443 5485
S 12 14 15
S 746 879 880
M 967 1053 1061
S 4480 4490 4491
M 2599 2500 2643
M 305 300 320
S 2121 2149 2150
M 2002 2004 2012
S 6644 6691 6692
S 168 198 199
S 3420 3513 3514
S 546 566 567
M 1692 1671 1775
M 3477 3436 3519
S 6577 6640 6641
S 814 989 990
M 1669 1794 1798
S 4792 4826 4827
M 4283 4338 4344
M 4304 4368 4369
S 2672 2732 2733
S 5285 5318 5319
S 6354 6392 6393
M 5188 5148 5227
S 1538 1545 1546
M 4393 4408 4451
S 2880 2915 2916
S 3917 3946 3947
M 1331 1273 1355
M 6249 6270 6285
M 148 181 211
S 4389 4434 4435
S 4146 4211 4212
S 275 318 319
M 3833 4083 4136
M 5424 5357 5470
M 1800 1816 1822
S 4266 4299 4300
S 5079 5090 5091
M 3119 3077 3136
M 5013 5016 5040
M 5985 5886 6042
S 184 264 265
M 1082 1349 1365
S 3176 3251 3252
M 5753 5863 5878
M 4750 4764 4783
S 210 246 247
M 6216 6106 6224
S 2490 2562 2563
M 5257 5170 5280
S 5465 5506 5507
S 9 12 13
M 4689 4815 4819
M 2641 2533 2653
M 3843 4004 4009
S 6229 6307 6308
M 2047 2041 2073
M 3608 3681 3700
M 1112 917 1228
S 357 375 376
S 903 954 955
M 6087 6065 6089
S 4557 4651 4652
S 5577 5635 5636
S 1638 1678 1679
M 2545 2401 2573
M 3849 3861 3977
S 5745 5778 5779
S 3066 3219 3220
S 3805 3839 3840
M 235 277 328
S 3492 3553 3554
M 2023 2062 2072
S 2654 2774 2775
S 4252 4412 4413
S 6042 6111 6112
M 1899 1880 1919
S 6262 6273 6274
M 5163 4935 5238
M 435 512 569
M 2728 2569 2753
M 5321 5446 5447
M 4263 4329 4334
S 759 855 856
M 3799 3784 3921
S 5988 6011 6012
M 233 167 248
S 669 788 789
M 3188 3172 3189
S 5641 5647 5648
M 1928 2092 2156
M 4979 4900 5007
M 4301 4288 4303
M 5061 5166 5198
S 404 685 686
M 5914 5897 6005
M 3194 3226 3261
M 4508 4574 4594
M 5741 5773 5788
M 2936 3131 3167
M 462 433 493
M 2673 2733 2801
M 1753 1706 1808
M 1159 988 1167
M 2367 2352 2389
S 3498 3530 3531
M 6168 6154 6198
S 2799 2832 2833
M 466 368 513
M 544 470 547
S 6060 6100 6101
M 6487 6494 6509
S 6508 6545 6546
S 50 101 102
S 3224 3282 3283
M 1598 1685 1694
S 3059 3098 3099
M 949 1110 1119
S 5472 5528 5529
S 6110 6225 6226
M 1322 1257 1423
M 5373 5351 5404
M 4609 4550 4615
S 6618 6715 6716
S 1913 1921 1922
M 2483 2454 2532
S 3795 3813 3814
M 1297 1399 1417
M 846 887 908
S 5957 5975 5976
M 4485 4465 4528
S 1677 1736 1737
M 6349 6163 6414
M 3208 3419 3426
M 5959 5930 6006
S 1890 1917 1918
M 4427 4442 4512
M 5667 5590 5669
M 4190 4231 4238
M 5290 5274 5368
S 324 396 397
S 979 991 992
M 3423 3243 3427
S 3335 3419 3420
M 1806 1731 1861
M 4234 4399 4411
M 1175 1196 1232
M 6049 6081 6084
S 5112 5136 5137
S 312 347 348
S 922 980 981
M 5553 5591 5665
M 2835 3041 3048
M 3794 3818 3834
M 4316 4025 4333
M 5102 5066 5112
M 5563 5390 5570
S 791 868 869
S 6598 6648 6649
M 609 739 765
S 5190 5207 5208
S 2486 2533 2534
M 5499 5360 5503
S 1103 1116 1117
S 1161 1248 1249
M 6613 6794 6808
M 1180 1165 1184
S 2370 2379 2380
M 5234 5150 5240
S 2602 2698 2699
M 1552 1604 1619
M 3549 3565 3566
M 3099 3064 3120
M 360 330 412
M 4187 4134 4283
S 1195 1290 1291
M 6782 6791 6857
M 5843 5756 5846
M 1142 1118 1204
S 5438 5457 5458
S 5976 6048 6049
M 2177 2183 2228
S 3279 3370 3371
S 2840 2937 2938
M 5025 4869 5070
S 1681 1799 1800
S 5135 5291 5292
S 4150 4316 4317
S 1607 1620 1621
M 2285 2314 2352
S 3501 3507 3508
S 4028 4131 4132
S 2326 2495 2496
S 3272 3365 3366
M 3358 3316 3392
M 95 97 100
S 3973 4133 4134
S 3532 3614 3615
S 6379 6502 6503
S 3622 3646 3647
S 2142 2229 2230
M 1061 1077 1100
M 6263 6311 6315
S 214 254 255
M 248 128 359
M 5498 5491 5524
S 3858 3934 3935
M 854 919 934
S 2218 2326 2327
M 1981 1929 1984
M 1739 1703 1744
M 3259 3209 3408
M 5852 5794 5868
S 2385 2386 2387
S 6190 6348 6349
M 5844 5895 5979
M 2495 2437 2508
S 427 450 451
M 4889 4851 4907
M 2676 2725 2731
S 6351 6439 6440
M 2119 2082 2130
M 6683 6732 6743
S 5375 5380 5381
S 6273 6291 6292
M 2496 2478 2498
S 719 785 786
M 731 639 745
M 2770 2775 2782
S 2710 2765 2766
S 5542 5765 5766
S 804 806 807
S 3054 3061 3062
M 6536 6527 6565
S 4686 4690 4691
M 3983 4014 4111
M 886 995 1003
S 3016 3205 3206
S 4874 5031 5032
M 5810 5839 5845
M 4261 4280 4332
S 1400 1401 1402
M 4669 4558 4745
M 5091 5059 5184
M 1762 1822 1865
S 5399 5473 5474
M 2963 3025 3038
M 4949 5020 5150
M 5658 5659 5749
M 2774 2743 2893
S 4282 4327 4328
M 3550 3598 3605
S 2306 2336 2337
S 6282 6329 6330
M 2108 2139 2184
M 1485 1440 1518
S 185 267 268
S 1114 1221 1222
M 6682 6696 6710
M 5449 5416 5492
M 308 327 429
M 3667 3668 3768
M 3391 3402 3447
S 5594 5662 5663
M 3091 3114 3129
M 3747 3929 3962
S 5876 6050 6051
S 4332 4396 4397
S 5907 5916 5917
M 908 843 926
M 108 133 145
M 5173 5029 5200
S 1059 1114 1115
M 2518 2537 2592
S 762 870 871
S 1341 1374 1375
M 1510 1509 1551
M 4006 3766 4024
S 911 929 930
S 6691 6706 6707
S 3015 3067 3068
S 3945 4004 4005
S 5540 5600 5601
S 375 392 393
S 4068 4103 4104
S 4052 4163 4164
S 306 330 331
M 4451 4507 4511
M 6278 6230 6350
S 852 970 971
M 616 613 627
M 1171 1209 1244
M 2112 2372 2406
M 5466 5477 5500
S 4147 4325 4326
M 2058 2104 2118
M 1227 1232 1261
S 1329 1363 1364
S 2001 2017 2018
M 1567 1634 1667
M 2194 2456 2464
M 4660 4638 4662
M 2159 2137 2205
S 2862 2933 2934
M 2090 2238 2265
M 1511 1689 1701
S 3841 3859 3860
S 3856 4050 4051
S 3707 3712 3713
M 381 491 500
S 4904 4931 4932
M 4322 4395 4431
S 5726 5769 5770
S 3610 3658 3659
S 3867 3960 3961
S 1403 1415 1416
M 1015 1038 1048
M 359 364 373
S 5994 6003 6004
S 3580 3710 3711
S 4281 4330 4331
S 5968 5993 5994
M 1343 1264 1349
M 6526 6384 6554
S 3036 3238 3239
M 4481 4515 4523
M 1869 1917 1966
S 5093 5285 5286
M 2349 2235 2378
S 1417 1696 1697
S 2232 2278 2279
S 4724 4791 4792
M 4105 4007 4172
S 4254 4357 4358
S 6412 6504 6505
M 998 965 1019
S 975 1013 1014
M 3225 3196 3302
M 6451 6357 6490
S 605 643 644
M 6846 6795 6855
M 4166 4236 4244
M 6331 6293 6417
S 4667 4670 4671
S 1330 1419 1420
M 2008 1915 2108
M 5877 5857 5892
M 4842 4743 4862
M 6595 6649 6650
M 4765 4759 4829
M 1194 1081 1212
S 5220 5231 5232
M 885 856 906
S 163 175 176
S 5 8 9
M 984 1166 1223
M 3770 3823 3829
S 6274 6362 6363
M 4462 4264 4480
S 4438 4439 4440
M 3252 3136 3321
M 2655 2810 2859
S 3159 3170 3171
S 249 276 277
M 2198 2165 2208
S 2590 2602 2603
M 6111 6067 6123
M 3829 3868 3887
S 3118 3132 3133
S 101 149 150
S 6758 6763 6764
S 229 256 257
S 2760 2784 2785
S 5410 5414 5415
S 1178 1197 1198
M 3301 3309 3444
M 1368 1316 1388
S 3850 3918 3919
M 5970 6014 6015
M 1998 1944 2029
M 6143 5954 6212
M 5798 5905 5932
M 4334 4265 4339
M 1017 1286 1300
M 4657 4738 4774
M 1537 1529 1548
S 6607 6694 6695
S 2786 2919 2920
S 6133 6138 6139
M 6724 6822 6823
S 4779 4809 4810
S 5042 5125 5126
M 3430 3366 3467
M 4021 4031 4098
M 2526 2517 2558
S 738 947 948
M 5972 6287 6299
M 4410 4702 4722
S 6119 6170 6171
S 6093 6107 6108
M 455 507 543
M 6647 6659 6700
M 952 877 964
M 2956 2901 3027
S 5661 5678 5679
M 2435 2413 2471
S 2173 2209 2210
M 1525 1611 1645
M 5115 4909 5206
M 2578 2465 2579
S 5057 5192 5193
M 1612 1513 1634
M 899 897 919
S 4835 4951 4952
S 656 660 661
M 4467 4495 4558
S 5133 5156 5157
S 5187 5189 5190
M 4084 4064 4108
S 1151 1173 1174
M 1835 2080 2092
M 2217 2188 2218
M 2099 2128 2166
M 5956 6000 6030
M 6157 6118 6230
S 6258 6278 6279
S 4060 4094 4095
M 1157 1106 1158
S 1625 1659 1660
S 5328 5522 5523
S 4122 4249 4250
S 3686 3797 3798
S 81 128 129
S 4130 4174 4175
S 4096 4167 4168
S 2618 2626 2627
M 3133 3143 3145
S 3520 3564 3565
M 5048 4802 5052
M 4491 4551 4568
M 631 589 768
S 3581 3669 3670
M 1068 1003 1070
M 6166 6104 6167
M 6151 6148 6191
S 196 237 238
M 5221 5263 5282
S 6373 6412 6413
S 4448 4497 4498
S 6557 6587 6588
M 2382 2322 2388
M 4598 4681 4707
M 2745 2783 2787
M 3186 3206 3242
M 3579 3568 3612
M 3380 3454 3580
S 3984 4079 4080
S 2363 2398 2399
S 4986 5046 5047
S 2557 2575 2576
M 5132 5035 5218
M 3554 3592 3595
S 1733 1829 1830
M 5369 5387 5418
S 2336 2570 2571
S 5918 5982 5983
M 4841 4911 4926
S 5869 5908 5909
M 4409 4466 4552
S 4704 4776 4777
M 2759 2826 2853
M 1796 1641 1814
M 3317 3247 3360
M 4901 4858 4911
M 3499 3603 3629
M 5303 5273 5309
S 4511 4608 4609
M 5023 4984 5055
S 4043 4053 4054
M 6738 6832 6844
S 611 676 677
S 6443 6482 6483
S 4432 4452 4453
M 6350 6359 6380
M 1519 1503 1566
S 5076 5106 5107
S 2662 2672 2673
S 5754 5756 5757
S 310 452 453
M 1326 1321 1339
S 4235 4361 4362
S 974 976 977
M 4723 4733 4775
S 4555 4590 4591
M 4248 4192 4310
S 3516 3654 3655
M 3269 3270 3297
M 4269 4217 4279
M 4531 4532 4540
S 4849 4935 4936
S 659 683 684
S 162 186 187
M 2771 2755 2790
S 37 74 75
M 996 1010 1034
M 637 638 648
S 6231 6297 6298
S 4159 4193 4194
S 114 146 147
S 1889 1934 1935
M 6830 6752 6833
S 976 995 996
S 3153 3404 3405
M 2299 2356 2408
S 1712 1769 1770
M 6773 6711 6826
M 136 159 184
M 1528 1449 1594
S 187 188 189
M 6176 6145 6192
S 351 366 367
M 6449 6471 6521
M 817 934 1020
M 695 693 701
M 3928 3768 3950
S 2972 3063 3064
S 2366 2452 2453
M 6364 6326 6370
S 792 808 809
M 1202 1285 1292
M 5426 5262 5466
M 2284 2580 2633
M 4602 4612 4616
M 1894 1912 1940
M 6775 6799 6832
M 1784 1768 1857
M 1335 1373 1405
S 1647 1714 1715
M 5198 5210 5258
M 6289 6045 6316
M 3170 3184 3210
S 509 526 527
M 6803 6849 6852
M 5795 5801 5823
M 1977 1841 1983
S 1471 1481 1482
M 941 891 956
M 6643 6587 6742
M 5487 5468 5556
S 1561 1657 1658
M 4302 4347 4354
M 3178 3295 3312
M 4882 4895 4904
M 3001 2991 3045
M 3614 3633 3648
S 5236 5376 5377
M 3664 3666 3671
M 8 35 40
S 4344 4441 4442
M 2162 2222 2241
M 5044 4982 5065
M 1098 1115 1140
S 4048 4141 4142
S 1121 1245 1246
S 6239 6244 6245
M 72 154 183
M 627 585 647
S 1524 1534 1535
S 755 892 893
S 4683 4687 4688
S 3936 3963 3964
M 4273 4178 4313
S 6695 6727 6728
M 2116 2061 2122
M 4771 4663 4782
S 2460 2504 2505
M 6686 6681 6711
M 1215 1186 1230
M 6687 6751 6775
M 561 779 800
S 2644 2768 2769
M 6337 6308 6364
S 1860 1967 1968
S 1723 1728 1729
S 2138 2224 2225
S 741 974 975
S 1590 1604 1605
S 5711 5826 5827
M 1278 1234 1376
S 1498 1500 1501
M 6283 6284 6317
M 1028 1047 1137
M 4437 4576 4627
M 6256 6501 6573
S 2093 2112 2113
M 5620 5755 5784
S 1424 1523 1524
S 1967 2024 2025
M 4529 4540 4556
M 4944 4942 4953
S 125 126 127
M 1036 1043 1080
S 733 758 759
S 58 77 78
S 4140 4158 4159
M 1192 1200 1224
M 5081 5108 5147
S 6490 6713 6714
M 3638 3647 3665
S 2434 2437 2438
S 4501 4530 4531
S 6322 6338 6339
S 3155 3280 3281
S 5822 5858 5859
S 3421 3511 3512
S 5030 5060 5061
S 4807 4852 4853
M 5854 5701 5867
M 1226 1233 1274
M 3051 3067 3109
M 4042 3954 4123
S 2837 2849 2850
M 4693 4818 4820
S 2394 2435 2436
M 1088 1080 1089
S 4981 5017 5018
S 143 166 167
S 15 18 19
S 1522 1530 1531
M 3044 3039 3049
M 3980 4098 4179
S 5693 5700 5701
M 4440 4687 4695
S 2257 2293 2294
M 2939 2900 3022
M 4980 4974 5124
S 1649 1844 1845
M 4135 3943 4145
M 641 552 652
S 6179 6219 6220
M 559 583 586
S 5695 5735 5736
S 753 756 757
M 4600 4614 4621
M 6155 6052 6180
S 3731 3759 3760
M 6789 6784 6804
S 1336 1437 1438
M 5832 5872 5885
S 4913 5116 5117
M 2185 2143 2211
M 4484 4453 4503
M 4817 4881 4923
M 1387 1216 1413
M 1483 1457 1496
M 1310 1358 1368
S 1589 1686 1687
S 1448 1552 1553
S 6759 6798 6799
S 2856 2863 2864
M 1921 1945 1999
S 5716 5953 5954
M 3098 3141 3225
M 5951 5997 6070
S 785 820 821
M 3600 3618 3620
S 1955 1997 1998
M 1640 1648 1664
M 5778 5820 5865
M 6716 6745 6785
S 4404 4508 4509
M 4734 4694 4763
M 4488 4394 4529
S 3292 3397 3398
M 6608 6584 6627
S 2507 2530 2531
M 767 895 979
S 1016 1132 1133
M 2343 2316 2397
S 2064 2114 2115
S 2205 2206 2207
M 1639 1345 1652
M 2678 2643 2724
M 5226 5256 5288
S 6730 6732 6733
M 32 85 105
M 1268 1298 1309
M 1666 1635 1672
M 6058 6089 6110
M 5046 5200 5257
S 1727 1740 1741
S 4328 4365 4366
M 1378 1411 1414
S 5493 5514 5515
M 1940 1901 1993
S 4873 4919 4920
M 4943 5005 5045
M 5439 5450 5454
M 4952 4894 5005
M 705 683 714
S 3260 3306 3307
M 2800 2789 2816
S 4769 4893 4894
M 1644 1623 1768
M 4469 4443 4470
S 5946 6024 6025
S 3979 4066 4067
S 2528 2589 2590
S 6660 6664 6665
S 6674 6773 6774
M 2230 2051 2277
M 3685 3502 3704
M 1318 1204 1358
M 3432 3509 3662
S 6766 6792 6793
M 1354 1488 1547
M 2133 2146 2226
S 6673 6679 6680
S 1084 1121 1122
M 5444 5429 5475
M 5815 5858 5862
S 3869 3871 3872
S 5528 5572 5573
S 6483 6518 6519
M 5841 5746 5922
M 1855 1818 1894
S 2293 2404 2405
S 4241 4262 4263
M 4420 4406 4486
S 6319 6332 6333
M 4151 4101 4196
M 6210 6105 6288
M 3574 3631 3678
S 446 482 483
S 1385 1396 1397
M 4218 4224 4280
M 5963 6038 6052
S 99 116 117
S 1773 2022 2023
S 2390 2491 2492
S 3727 3729 3730
S 5223 5301 5302
M 3732 3741 3756
M 5629 5616 5637
S 3715 3763 3764
S 6199 6228 6229
M 1317 1357 1400
M 4174 4059 4180
S 3724 3852 3853
M 3513 3540 3575
S 6444 6498 6499
S 2838 2890 2891
M 1577 1584 1593
M 6095 6172 6176
M 2952 3018 3122
M 1397 1429 1483
S 3596 3651 3652
M 1034 977 1069
S 3931 3932 3933
M 5786 5919 5940
S 5735 5737 5738
S 5700 5708 5709
M 5817 5838 5849
M 5467 5507 5516
M 2377 2190 2418
S 5774 5808 5809
S 273 337 338
M 6707 6781 6783
S 1697 1761 1762
M 1221 1404 1409
M 5240 5114 5294
M 3971 3996 3998
M 3409 3411 3416
M 1933 1951 2057
M 6812 6825 6834
S 3050 3174 3175
M 3687 3800 3803
M 6489 6506 6526
M 5663 5602 5673
S 4152 4177 4178
S 2698 2991 2992
M 2278 2260 2284
M 562 576 659
S 6514 6609 6610
M 5130 5071 5142
M 3240 3126 3243
S 3005 3041 3042
M 4521 4630 4681
S 4412 4414 4415
M 1994 2009 2021
M 4374 4381 4398
S 40 45 46
M 3505 3577 3630
S 4718 4727 4728
S 2020 2065 2066
M 138 111 143
S 1224 1242 1243
M 2720 2713 2812
S 2876 3050 3051
S 3692 3740 3741
S 1182 1205 1206
S 6222 6240 6241
M 2848 2845 2862
S 6238 6537 6538
S 3217 3247 3248
S 3090 3148 3149
S 1039 1044 1045
M 3324 3351 3384
S 5376 5384 5385
S 5319 5329 5330
M 6800 6670 6822
M 1684 1606 1695
M 968 938 1035
M 4314 4312 4372
M 4573 4608 4614
M 5669 5670 5707
M 6453 6307 6461
S 3263 3361 3362
M 5092 5174 5267
M 4005 4002 4035
S 1237 1538 1539
S 5856 5888 5889
S 36 64 65
S 5484 5602 5603
S 338 394 395
M 2414 2300 2429
S 6131 6282 6283
S 2488 2535 2536
M 1802 1565 1881
S 527 537 538
S 341 350 351
M 992 989 1008
S 3181 3275 3276
S 4629 4635 4636
M 6834 6788 6839
M 2508 2516 2676
M 3946 4071 4089
S 4401 4457 4458
S 2561 2586 2587
S 69 161 162
M 2947 2926 2952
M 6688 6648 6720
M 2595 2560 2601
M 4341 4249 4375
S 5441 5501 5502
S 4009 4016 4017
M 4044 4268 4276
S 5708 5759 5760
S 653 728 729
S 5752 5833 5834
S 736 770 771
S 2669 2703 2704
M 3433 3466 3506
S 5476 5631 5632
S 6755 6761 6762
M 1916 1910 1963
M 4222 4206 4246
M 2410 2433 2468
M 3662 3705 3707
S 2692 2873 2874
S 3619 3682 3683
M 3023 2984 3037
M 3327 3414 3480
S 10 16 17
S 1009 1015 1016
M 2896 2804 2963
S 3202 3264 3265
M 5585 5492 5616
S 1019 1056 1057
S 5597 5642 5643
S 200 332 333
M 1074 1069 1079
M 1020 1105 1185
S 5734 5798 5799
M 5104 5088 5111
M 3955 3927 4037
M 3182 3210 3296
M 1051 1063 1092
M 1695 1867 1884
S 4570 4602 4603
S 290 321 322
M 361 414 455
S 2506 2701 2702
S 670 695 696
M 6031 5960 6071
S 208 389 390
M 3427 3464 3596
M 3135 3162 3229
M 5933 6125 6143
M 2084 2024 2096
S 4331 4340 4341
S 3332 3581 3582
S 3002 3198 3199
M 2101 2134 2142
M 5742 5680 5747
M 2379 2297 2403
M 4651 4671 4696
S 2535 2599 2600
M 3490 3441 3569
S 5984 6038 6039
S 5448 5490 5491
M 6826 6844 6856
S 3504 3743 3744
S 2974 2988 2989
M 3132 3149 3212
M 4722 4719 4750
S 6314 6318 6319
S 3720 3725 3726
M 2247 2279 2340
M 98 93 144
S 6259 6390 6391
S 2054 2055 2056
S 6019 6105 6106
S 1459 1525 1526
S 2354 2400 2401
S 4055 4081 4082
S 5860 5873 5874
S 1439 1449 1450
M 1708 1757 1850
S 3500 3626 3627
M 1131 1176 1186
S 2381 2423 2424
M 928 833 931
M 6403 6676 6683
S 3873 3893 3894
S 5455 5520 5521
M 4476 4455 4519
S 5763 5923 5924
S 2088 2097 2098
M 2987 3056 3089
S 6159 6177 6178
M 4572 4497 4576
M 1983 1999 2011
M 5340 5362 5373
S 4868 4895 4896
M 5225 5124 5251
S 2221 2266 2267
M 5147 5329 5340
M 2589 2468 2625
S 2167 2169 2170
S 6063 6075 6076
S 1572 1573 1574
S 2472 2613 2614
S 1791 1915 1916
M 5950 5995 6010
S 4478 4501 4502
M 6831 6823 6853
S 1274 1345 1346
M 3778 3803 3878
S 3535 3542 3543
M 1777 1863 1868
M 5430 5428 5450
M 1225 1296 1305
S 5999 6146 6147
M 103 87 108
M 5737 5464 5741
M 1618 1562 1627
S 913 1052 1053
M 2553 2540 2609
S 4541 4606 4607
S 4568 4598 4599
S 929 1175 1176
S 6342 6354 6355
M 4177 4200 4228
S 4834 4866 4867
M 6835 6770 6850
S 6378 6515 6516
M 5136 5111 5171
S 720 881 882
S 776 865 866
S 178 203 204
M 3695 3646 3697
M 5942 5966 6019
M 704 699 734
M 3128 3160 3194
S 2629 2666 2667
M 107 129 148
S 4908 4927 4928
S 5749 5886 5887
S 2884 2956 2957
M 4590 4575 4597
M 830 993 1007
S 2305 2324 2325
S 5074 5075 5076
S 320 437 438
M 5657 5720 5768
M 1353 1344 1427
S 4351 4359 4360
M 6377 6389 6400
M 3013 2735 3015
S 1580 1643 1644
S 5420 5476 5477
S 86 95 96
S 444 553 554
S 6570 6642 6643
S 1312 1328 1329
S 591 625 626
S 236 290 291
M 574 593 658
M 468 201 570
S 489 540 541
M 5917 5890 5938
S 2407 2509 2510
M 6690 6737 6765
S 5699 5745 5746
M 2027 1932 2045
S 3337 3355 3356
S 2758 2847 2848
S 1315 1353 1354
S 6504 6734 6735
S 57 122 123
S 1882 1961 1962
M 6861 6871 6873
M 1376 1338 1410
M 5724 5633 5755
S 2501 2520 2521
M 100 150 177
S 16 22 23
S 819 890 891
M 424 405 436
M 2796 2819 2830
S 1759 1825 1826
S 696 920 921
M 4549 4862 4886
M 4762 4840 4851
S 4744 4938 4939
S 5127 5160 5161
M 6645 6805 6845
M 531 481 574
M 1741 1748 1795
M 6684 6698 6704
M 6035 6066 6080
M 735 700 751
M 3117 3084 3119
M 5213 5164 5276
M 124 137 208
S 6538 6547 6548
S 2250 2518 2519
M 2564 2549 2572
S 6294 6351 6352
S 4160 4191 4192
M 2732 2691 2776
M 4770 5041 5088
M 3847 3888 3895
M 266 407 411
S 806 830 831
S 2419 2502 2503
S 1452 1558 1559
M 47 52 54
S 1579 1617 1618
S 6192 6326 6327
M 2219 2239 2281
M 1307 1377 1385
S 4124 4148 4149
S 6596 6613 6614
M 344 393 413
M 4170 4179 4210
S 1177 1215 1216
S 1463 1591 1592
M 4415 4504 4507
S 6001 6158 6159
M 4775 4700 4789
S 408 606 607
S 2881 2921 2922
M 5101 5205 5230
S 6426 6428 6429
M 980 961 983
S 3530 3586 3587
M 6529 6518 6555
S 5447 5610 5611
M 4086 4087 4120
S 5056 5133 5134
S 1711 1734 1735
S 936 943 944
S 758 840 841
S 848 888 889
M 573 564 603
M 4788 4854 4910
M 3097 3055 3140
M 6837 6838 6843
M 647 660 687
S 6224 6256 6257
M 5831 5445 5945
M 2915 2902 2990
M 6011 6029 6058
M 2421 2543 2544
S 2168 2332 2333
M 2640 2737 2746
M 4690 4712 4753
M 3254 3235 3292
M 6757 6713 6778
S 6032 6043 6044
M 1472 1391 1519
M 6245 6098 6323
S 62 118 119
S 2290 2459 2460
S 6371 6594 6595
M 6650 6761 6806
M 3975 3923 3990
M 1742 1737 1791
S 5400 5483 5484
S 5696 5901 5902
M 4662 4711 4719
S 1048 1191 1192
S 3070 3226 3227
M 5678 5712 5719
M 2251 2170 2311
M 2252 2263 2292
S 3775 3988 3989
M 5125 5077 5135
S 3390 3402 3403
M 2997 3003 3031
M 2554 2415 2560
S 4892 4945 4946
M 5339 5325 5361
M 6811 6679 6812
S 3967 3973 3974
S 4772 4800 4801
S 5156 5163 5164
M 6530 6555 6621
M 1193 1089 1258
S 4308 4336 4337
S 1787 1834 1835
S 5140 5228 5229
S 83 114 115
M 5687 5644 5725
M 1113 866 1118
S 1539 1549 1550
S 3166 3249 3250
M 447 197 503
S 6765 6770 6771
S 5534 5541 5542
M 1807 1911 1936
M 2438 2476 2478
M 3053 3134 3187
S 283 379 380
S 6497 6540 6541
S 5011 5012 5013
M 1446 1478 1520
S 1360 1610 1611
M 1109 924 1112
M 166 149 202
M 4139 4117 4176
S 1713 1748 1749
M 5923 5739 5984
S 5460 5554 5555
M 3599 3671 3681
M 1203 1269 1344
M 4954 4905 4993
M 4138 4144 4151
M 2510 2539 2559
S 5021 5138 5139
M 43 22 59
S 4912 5034 5035
M 3348 3271 3415
S 1543 1948 1949
M 4033 4075 4099
S 4125 4146 4147
M 6677 6574 6784
M 681 560 694
M 6298 6242 6328
M 318 369 381
M 6250 6174 6272
S 5109 5145 5146
M 1419 1333 1421
S 6077 6120 6121
S 2945 3200 3201
S 6310 6321 6322
M 2568 2574 2578
M 2274 2309 2313
M 5037 4879 5044
M 701 658 715
S 1946 2038 2039
M 1834 1726 1841
M 6306 6454 6523
M 2890 2958 2971
M 5608 5885 5893
S 2006 2140 2141
S 6467 6524 6525
M 2968 3007 3008
S 540 703 704
S 790 859 860
M 1678 1662 1716
S 3453 3539 3540
M 1746 1770 1785
S 5010 5058 5059
M 918 876 952
S 5611 5715 5716
S 2886 2927 2928
M 835 743 883
S 3222 3230 3231
S 5419 5462 5463
S 2898 2945 2946
S 703 716 717
S 3786 3830 3831
S 873 932 933
S 2812 2907 2908
S 2572 2644 2645
M 3804 3787 3821
M 4458 4290 4494
S 4706 4754 4755
S 2514 2553 2554
M 676 569 708
S 6421 6462 6463
M 3898 3900 3928
S 5326 5336 5337
S 6431 6488 6489
M 5172 5199 5223
S 4439 4448 4449
M 388 387 458
M 715 723 752
M 1587 1864 1877
S 319 360 361
M 66 39 71
M 5579 5515 5633
M 3303 3325 3331
M 5692 5634 5706
M 3738 3789 3815
M 800 760 822
M 2741 2778 2786
S 3173 3235 3236
S 280 466 467
S 945 1040 1041
S 2420 2454 2455
S 4376 4505 4506
S 5149 5173 5174
S 1327 1411 1412
S 91 132 133
S 3886 3938 3939
S 3445 3501 3502
M 5879 5899 6013
M 4946 4936 5016
M 1275 1497 1514
M 4620 4580 4633
S 299 326 327
S 3812 3929 3930
S 2839 3100 3101
S 4941 4999 5000
M 6466 6664 6719
M 1637 1603 1651
M 1096 808 1110
S 2271 2374 2375
M 6559 6537 6568
M 2097 2204 2236
S 1011 1323 1324
M 1947 2089 2103
S 374 456 457
S 5654 5680 5681
M 5924 5862 5934
S 1267 1282 1283
S 5631 5739 5740
M 6700 6710 6712
S 1340 1407 1408
S 6591 6629 6630
M 5312 5203 5332
S 4599 4743 4744
M 4713 4747 4751
S 3698 3720 3721
M 2034 1925 2069
S 534 564 565
S 4011 4083 4084
M 2722 2712 2726
M 2696 2861 2897
M 1930 1971 1973
M 3322 3214 3385
S 947 1086 1087
M 1426 1453 1580
S 4468 4513 4514
S 1044 1077 1078
M 1852 1847 1947
S 6520 6757 6758
M 4246 4119 4288
S 4259 4323 4324
S 5538 5579 5580
S 3697 3751 3752
S 3478 3532 3533
M 2029 2085 2148
M 419 428 440
S 2675 2690 2691
S 434 517 518
M 2105 2111 2160
S 2894 2941 2942
M 4646 4643 4680
S 4914 4933 4934
M 3772 3808 3812
S 2416 2476 2477
M 4859 4857 4898
M 4003 3897 4072
S 2705 2751 2752
S 898 997 998
M 4237 4226 4264
M 4965 4863 5011
S 5490 5638 5639
S 6658 6781 6782
S 3544 3578 3579
M 4920 4924 4966
M 6074 6056 6077
M 5660 5656 5664
M 6478 6464 6495
S 6517 6574 6575
M 2368 2521 2569
S 3665 3782 3783
S 4176 4270 4271
S 6572 6578 6579
S 4186 4217 4218
M 3589 3594 3602
M 3684 3735 3784
M 5635 5718 5728
S 3834 3835 3836
S 2666 2708 2709
M 4020 3978 4048
M 3156 3130 3202
S 6054 6085 6086
M 3822 3561 3832
S 2868 2969 2970
S 5067 5221 5222
S 3508 3603 3604
S 5139 5165 5166
S 2809 2828 2829
S 3019 3020 3021
S 6141 6213 6214
M 2630 2634 2695
S 778 844 845
S 1960 1985 1986
S 3688 3807 3808
M 1029 987 1101
M 386 215 415
S 5433 5676 5677
M 2552 2375 2566
S 4761 4874 4875
M 5509 5539 5545
M 240 284 406
M 4070 4157 4160
M 3374 3343 3399
S 2196 2219 2220
S 5169 5204 5205
S 5068 5092 5093
M 3330 3379 3421
S 2331 2369 2370
S 2627 2628 2629
S 3844 3846 3847
S 4405 4536 4537
S 1170 1201 1202
S 1163 1219 1220
M 6870 6856 6874
M 1179 1231 1236
M 3284 3010 3367
S 4091 4183 4184
M 418 352 419
S 6446 6510 6511
M 5395 5389 5429
S 606 749 750
M 2817 2842 2889
S 4506 4547 4548
S 1055 1124 1125
S 123 226 227
S 3030 3032 3033
M 3769 3780 3801
M 1137 1149 1152
M 1064 910 1083
S 621 691 692
S 1116 1286 1287
M 4078 4019 4086
M 6318 6248 6377
M 3835 3771 3845
M 2971 2841 3002
S 5554 5814 5815
S 2327 2506 2507
M 1964 2011 2032
M 6368 6388 6465
S 160 240 241
S 663 709 710
M 5146 5208 5263
S 5867 5875 5876
S 1410 1474 1475
S 3147 3177 3178
M 6488 6694 6721
M 3881 3845 3922
M 4544 4522 4569
M 3640 3702 3748
S 571 583 584
M 3189 3195 3197
M 3382 3425 3494
S 2103 2185 2186
M 6127 6165 6302
S 1558 1562 1563
M 5675 5646 5733
M 2830 2788 2854
M 94 106 160
M 1394 1473 1537
S 3937 4114 4115
S 6651 6681 6682
M 557 587 588
M 6865 6821 6866
M 6816 6633 6846
S 3810 3857 3858
S 5987 6127 6128
S 1836 1897 1898
S 1486 1528 1529
M 4562 4375 4593
M 6415 6498 6520
M 2324 2288 2358
S 2863 2948 2949
S 6261 6275 6276
S 3968 4025 4026
M 4446 4560 4570
S 1300 1429 1430
M 5510 5614 5654
M 533 600 632
S 220 224 225
M 3854 3913 3916
M 6220 6405 6420
M 4447 4444 4477
S 2871 2887 2888
S 5761 5800 5801
S 176 178 179
M 2405 2411 2412
M 6703 6747 6752
M 629 622 633
S 1458 1598 1599
S 4027 4033 4034
S 2703 2742 2743
S 2769 2821 2822
S 1390 1602 1603
S 1261 1266 1267
M 6209 6226 6260
S 2253 2297 2298
M 5391 5414 5459
M 3212 3484 3491
M 5849 5920 5951
M 4127 4085 4188
S 1461 1463 1464
S 2213 2245 2246
S 5777 5816 5817
M 1758 1586 1778
S 5568 5582 5583
S 1895 2040 2041
M 5000 5036 5105
M 927 794 965
M 508 506 550
M 5435 5504 5519
S 2825 2855 2856
M 880 834 902
M 2044 2079 2091
M 2747 2807 2834
M 1601 1540 1632
S 4938 4981 4982
M 3548 3506 3559
S 3691 3731 3732
S 3491 3583 3584
S 3765 3896 3897
M 3556 3503 3607
S 5014 5073 5074
S 2329 2442 2443
M 3387 3376 3413
S 4193 4342 4343
M 1735 1693 1765
M 584 597 616
S 245 306 307
S 3750 3753 3754
S 1937 1941 1942
M 4513 4489 4532
M 6295 6235 6386
S 6272 6340 6341
S 4634 4699 4700
M 304 288 310
S 1250 1310 1311
S 6324 6378 6379
S 2625 2647 2648
M 2820 2897 3079
S 1520 1543 1544
M 2656 2684 2767
M 479 403 519
M 550 514 568
M 4520 4385 4551
S 378 630 631
M 5500 5560 5612
M 6521 6604 6616
M 4782 4794 4831
S 1563 1649 1650
M 2429 2447 2461
S 4397 4559 4560
S 1369 1479 1480
M 4472 4413 4487
S 2697 2808 2809
M 1715 1740 1752
M 6418 6316 6435
M 6462 6433 6473
M 740 673 747
S 5471 5552 5553
S 4691 4714 4715
M 3997 3987 4006
M 5001 4955 5025
S 4342 4348 4349
M 590 684 702
M 4065 4244 4247
M 5596 5610 5626
S 1512 1532 1533
M 1120 1078 1146
M 6797 6769 6824
S 5677 5729 5730
M 3101 3115 3124
M 3169 2990 3176
S 3404 3424 3425
S 6636 6753 6754
S 4116 4161 4162
S 17 47 48
M 2620 2658 2668
S 3215 3259 3260
S 3745 3766 3767
M 5279 5288 5293
S 3884 3898 3899
M 764 810 994
M 632 623 737
M 1238 1248 1277
M 2281 2265 2383
M 2393 2397 2516
M 6338 6360 6361
M 3372 3319 3388
M 942 931 953
M 4131 4173 4195
S 870 927 928
S 1136 1254 1255
S 5128 5350 5351
S 1189 1389 1390
M 122 191 195
M 3576 3593 3639
M 4992 4995 5043
S 4475 4478 4479
M 146 92 218
S 4865 4905 4906
M 5814 5791 5840
S 383 447 448
M 4776 4898 4909
S 5380 5382 5383
S 2596 2688 2689
M 4583 4358 4640
M 6593 6630 6631
M 5681 5738 5789
S 1270 1370 1371
M 6575 6639 6810
M 6820 6862 6865
M 4613 4636 4653
M 5043 5153 5188
M 2919 2940 2964
S 1547 1614 1615
S 3008 3039 3040
S 5073 5209 5210
M 5630 5636 5653
M 326 490 522
M 1365 1342 1440
M 6382 6599 6602
M 3298 3233 3344
S 3488 3573 3574
S 1849 1994 1995
M 972 1027 1043
M 4505 4527 4533
M 3469 3424 3483
S 1891 2089 2090
S 14 25 26
S 5211 5271 5272
M 624 345 769
M 4477 4512 4561
S 4945 4969 4970
M 3654 3597 3931
S 5769 5805 5806
M 2353 2369 2481
M 5757 5783 5791
S 4330 4363 4364
M 6610 6697 6724
S 45 170 171
S 323 417 418
M 6407 6541 6549
S 5374 5388 5389
M 3375 3383 3393
S 478 520 521
M 3602 3479 3685
S 809 894 895
S 5767 5802 5803
M 6858 6854 6872
S 5664 5674 5675
S 930 1021 1022
S 4548 4697 4698
S 904 1063 1064
S 2005 2125 2126
M 6053 6103 6117
M 3033 2983 3073
M 2287 2241 2295
M 3405 3950 3971
S 4175 4255 4256
M 413 370 416
M 147 126 217
M 3991 4000 4042
S 2556 2584 2585
M 3564 3533 3606
S 1455 1486 1487
S 1132 1144 1145
S 5623 5830 5831
S 4371 4422 4423
S 6009 6065 6066
S 4829 4921 4922
M 5845 5921 5959
S 633 635 636
S 442 509 510
M 1636 1665 1722
M 4074 4137 4229
S 6194 6468 6469
M 4363 4354 4386
M 5581 5593 5608
S 5206 5252 5253
M 4390 4356 4393
S 2547 2549 2550
M 4387 4414 4456
S 6202 6251 6252
M 6246 6178 6259
M 6102 6150 6179
S 2751 2760 2761
S 884 1028 1029
S 6568 6625 6626
S 6582 6589 6590
M 6601 6524 6605
S 692 779 780
S 5717 5720 5721
M 1395 1289 1473
S 954 986 987
S 1085 1187 1188
S 3061 3106 3107
S 2913 2929 2930
M 2927 2883 2931
M 3150 3071 3169
M 3146 3197 3207
M 6027 5967 6063
M 1262 994 1273
M 3547 3626 3886
S 2892 2943 2944
M 2959 2995 3009
M 6762 6783 6864
S 1704 1956 1957
M 34 64 66
M 3912 3932 3951
M 230 261 275
M 5196 5267 5281
M 644 646 693
M 347 258 398
S 1435 1521 1522
M 5361 5458 5499
S 2993 3034 3035
M 6851 6801 6863
S 6656 6657 6658
S 6051 6092 6093
S 4664 4803 4804
S 1324 1340 1341
S 5532 5533 5534
M 2180 2118 2258
S 203 387 388
S 4047 4125 4126
S 1795 1879 1880
M 3680 3609 3774
S 1138 1208 1209
M 4797 4827 4834
S 3437 3484 3485
M 2045 2131 2172
M 4804 4809 4822
M 698 665 700
M 4699 4705 4759
S 238 242 243
S 151 273 274
S 2176 2193 2194
M 6531 6299 6539
S 991 1046 1047
M 6416 6429 6484
M 5840 5797 5843
M 4054 4061 4062
M 5209 5241 5247
S 1213 1288 1289
M 4790 4864 4873
S 4040 4055 4056
S 5269 5434 5435
M 177 116 266
M 4878 4826 4883
M 2628 2546 2725
S 1243 1252 1253
S 355 407 408
M 3293 3587 3637
M 5486 5457 5525
S 6631 6632 6633
S 5926 5946 5947
M 3960 4039 4049
M 5931 5878 5960
M 6177 6142 6287
M 905 966 973
S 158 173 174
S 1057 1217 1218
S 6213 6264 6265
S 1941 1950 1951
S 2224 2366 2367
M 3045 2965 3104
S 1821 1838 1839
M 2266 2304 2312
M 90 179 182
M 5624 5524 5650
M 1191 827 1229
M 6479 6839 6841
M 6486 6452 6522
M 6744 6725 6766
M 3362 3546 3548
S 6345 6368 6369
M 2480 2464 2517
S 5574 5685 5686
S 6302 6402 6403
S 1701 1756 1757
S 5129 5176 5177
M 6358 6275 6395
S 3294 3322 3323
S 2325 2338 2339
S 3617 3679 3680
S 2950 2976 2977
S 157 524 525
M 5280 5201 5287
S 4939 5068 5069
M 6590 6678 6701
S 4768 4784 4785
M 2492 2386 2499
S 6706 6776 6777
S 82 85 86
M 3341 3515 3541
S 3227 3348 3349
S 6549 6552 6553
S 2042 2154 2155
M 4129 4333 4351
S 4922 4990 4991
M 1181 1187 1203
M 6543 6540 6596
S 3990 4139 4140
S 5964 5977 5978
S 2223 2315 2316
M 3009 3021 3036
S 4530 4534 4535
M 4906 4967 4973
M 982 783 1032
M 488 563 580
S 2977 3052 3053
S 2895 2966 2967
S 317 480 481
S 1123 1193 1194
M 3736 3712 3745
S 5185 5233 5234
S 1997 2178 2179
S 2408 2419 2420
S 6341 6415 6416
M 3817 3585 3888
S 496 530 531
S 3241 3318 3319
M 6439 6196 6464
S 256 281 282
S 6561 6611 6612
M 4631 4656 4661
S 4720 4735 4736
S 4586 4600 4601
S 3673 3780 3781
S 2347 2462 2463
M 2910 2924 2947
M 3461 3523 3676
M 2423 2268 2432
S 5352 5478 5479
S 1184 1256 1257
S 6116 6161 6162
S 1073 1195 1196
S 4029 4075 4076
S 1620 1654 1655
S 5103 5219 5220
S 3386 3465 3466
S 6241 6280 6281
M 2772 2748 2783
M 828 832 837
M 6039 6050 6083
M 6600 6638 6676
S 1501 1707 1708
M 5808 5776 5895
M 1576 1555 1648
M 3472 3553 3567
S 2718 2824 2825
S 5747 5763 5764
S 2055 2161 2162
M 1282 1091 1359
M 1287 1347 1424
M 2193 2178 2235
S 1991 2067 2068
S 4257 4258 4259
S 5535 5621 5622
S 373 384 385
S 4717 4780 4781
S 523 548 549
M 6390 6438 6472
M 6764 6808 6816
S 2805 2876 2877
S 3956 4073 4074
M 818 838 853
M 4514 4372 4515
S 5896 5920 5921
S 4678 4723 4724
S 3455 3457 3458
S 6722 6779 6780
S 3607 3635 3636
S 5804 5856 5857
S 4796 4832 4833
M 2157 2160 2171
M 3165 3264 3268
M 4343 4428 4520
S 3643 3688 3689
M 690 643 725
M 5536 5556 5564
M 3892 3885 3906
S 4877 4949 4950
S 2240 2384 2385
S 1546 1782 1783
M 2424 2425 2543
S 4677 4870 4871
S 3216 3286 3287
M 3551 3448 3568
M 1885 1771 1920
M 2163 2273 2351
M 5615 5618 5767
S 2291 2393 2394
M 4846 4783 4855
M 4184 3999 4201
S 5434 5468 5469
M 4016 3959 4063
S 2295 2545 2546
S 5178 5213 5214
M 2943 3004 3152
S 4855 5041 5042
S 6296 6344 6345
M 2246 2245 2268
S 5034 5056 5057
M 4058 4077 4085
S 332 354 355
M 4987 5052 5089
S 5345 5346 5347
S 6006 6046 6047
M 3961 4035 4038
S 3485 3509 3510
M 4607 4595 4806
S 4793 4843 4844
S 1629 1886 1887
S 6113 6136 6137
S 4566 4692 4693
M 2948 2834 2960
M 1328 1240 1436
S 6122 6148 6149
M 2756 2754 2798
S 3948 3978 3979
M 4751 4721 4773
M 1283 1236 1297
M 2136 2076 2151
S 3237 3353 3354
M 3083 3137 3222
S 4910 4955 4956
M 5818 5638 5879
M 1006 1217 1263
M 3760 3807 3879
S 4204 4208 4209
M 6071 6088 6125
M 4741 4644 4742
S 6247 6266 6267
M 1888 1870 1943
S 4498 4499 4500
S 614 653 654
S 6201 6222 6223
M 5543 5600 5623
M 5789 5825 5882
S 3642 3692 3693
S 5617 5619 5620
S 855 922 923
S 5952 5955 5956
M 5912 5902 5927
S 1909 1952 1953
M 340 539 575
M 1386 1393 1406
M 2723 2699 2792
S 655 711 712
S 5709 5717 5718
S 19 34 35
M 2563 2709 2764
M 1479 1469 1495
S 2515 2710 2711
M 4050 3998 4060
S 2967 2983 2984
M 2231 2280 2306
S 3813 4014 4015
M 517 429 539
S 3871 3884 3885
S 6708 6738 6739
S 6459 6478 6479
S 3086 3117 3118
S 853 886 887
M 1995 2000 2058
M 1197 1301 1395
M 109 105 163
S 4820 4835 4836
M 5045 5094 5113
M 5666 5682 5684
M 4972 4918 5008
M 6185 6169 6189
M 3290 3353 3381
M 6139 6115 6160
M 4536 4584 4585
M 3248 3251 3253
M 2824 2818 2845
S 6016 6022 6023
S 189 235 236
M 3400 3318 3411
S 5725 5818 5819
S 3392 3463 3464
S 4088 4096 4097
S 2781 2799 2800
M 4162 4271 4290
M 4189 4434 4450
S 1212 1278 1279
S 594 664 665
M 4990 5097 5103
S 3670 3672 3673
S 4209 4295 4296
M 3458 3465 3505
M 3629 3644 3677
S 1099 1150 1151
S 4295 4649 4650
S 1702 1771 1772
M 6330 6325 6381
M 1775 1843 1878
M 2127 2141 2146
M 5730 5671 5742
S 268 323 324
S 3653 3656 3657
M 4641 4616 4643
M 2262 2308 2314
S 1517 1646 1647
S 4778 4884 4885
S 3965 4109 4110
M 879 861 884
M 3121 3032 3123
S 2337 2349 2350
M 6734 6655 6831
S 5998 6087 6088
S 2166 2176 2177
S 1837 1971 1972
M 5503 5451 5569
S 4758 4760 4761
S 4141 4185 4186
S 1130 1154 1155
S 441 443 444
M 3628 3531 3634
M 2392 2613 2621
S 6455 6599 6600
S 384 468 469
S 2286 2361 2362
M 5107 5119 5131
M 4384 4379 4483
S 1896 1923 1924
S 1765 1871 1872
S 3866 3914 3915
M 5344 5253 5374
M 1532 1383 1577
M 1371 1464 1478
S 4454 4541 4542
M 4337 4298 4377
M 4843 4696 4912
S 4258 4260 4261
M 2378 2360 2411
S 3440 3535 3536
S 244 421 422
M 1185 973 1233
M 4698 4708 4823
M 2473 2588 2623
S 1828 1895 1896
M 20 23 24
S 1062 1090 1091
S 6634 6674 6675
M 3193 3029 3221
M 3783 3753 3810
S 2976 3113 3114
S 1801 1906 1907
S 553 620 621
M 6334 6285 6371
M 161 104 172
S 343 471 472
M 567 582 585
S 1557 1738 1739
S 4352 4384 4385
S 2387 2427 2428
M 1075 1155 1183
S 530 555 556
S 6267 6313 6314
M 2719 2642 2737
M 2989 2981 3011
S 2315 2317 2318
M 1409 1420 1451
M 3632 3525 3638
M 1158 1244 1262
S 5705 5836 5837
S 4487 4538 4539
M 1856 1904 1946
S 630 766 767
M 6101 6120 6190
S 2487 2489 2490
S 1254 1347 1348
S 272 432 433
M 6552 6423 6622
S 5665 5688 5689
M 3806 3838 3861
M 3471 3480 3560
M 1484 1496 1540
S 687 688 689
M 2171 2161 2247
S 1842 1889 1890
M 3074 3079 3080
S 5396 5441 5442
M 4533 4591 4620
S 3035 3085 3086
M 5461 5398 5472
S 3473 3492 3493
S 2844 2912 2913
M 6228 6244 6389
S 2 4 5
M 271 278 280
M 5639 5647 5727
M 2427 2511 2618
S 603 628 629
S 3088 3092 3093
M 5411 5408 5430
M 1710 1642 1790
M 3793 3790 3816
M 497 615 634
S 337 345 346
M 6268 6264 6284
S 115 136 137
S 4161 4253 4254
M 247 216 260
S 4680 4740 4741
S 5246 5304 5305
M 6746 6793 6809
S 5571 5574 5575
S 4403 4454 4455
S 5855 5899 5900
S 4795 4889 4890
M 6386 6347 6399
M 3797 3859 3904
S 4742 4798 4799
S 5275 5402 5403
M 6868 6863 6869
S 1058 1072 1073
S 4483 4682 4683
M 180 223 315
M 4839 4810 4865
M 3384 3267 3443
S 5481 5495 5496
M 3788 3826 3907
M 6197 6200 6208
M 5847 5710 5855
S 6084 6193 6194
M 1309 1325 1334
S 2816 2826 2827
S 2912 2939 2940
S 1730 1759 1760
M 5607 5518 5699
M 5437 5394 5448
M 604 718 755
S 6187 6253 6254
S 329 362 363
M 981 849 1027
S 363 377 378
S 2622 2664 2665
S 1382 1665 1666
M 3527 3396 3544
M 6806 6705 6811
S 3361 3451 3452
M 6013 6028 6033
M 1026 1071 1104
S 6594 6623 6624
S 5080 5097 5098
S 2794 2806 2807
S 1002 1030 1031
S 4661 4664 4665
M 5483 5382 5489
M 909 955 1024
M 4327 4349 4376
S 2361 2381 2382
S 3231 3284 3285
S 4880 4900 4901
M 3321 3275 3324
S 5740 5824 5825
S 6465 6500 6501
M 5986 5943 6031
S 6586 6800 6801
S 6253 6309 6310
S 3570 3589 3590
M 2855 2831 2902
M 6320 6183 6404
S 1722 1732 1733
S 579 612 613
S 2282 2304 2305
S 2031 2046 2047
M 1305 1230 1325
S 31 55 56
S 228 230 231
M 1982 2087 2110
M 3910 4013 4020
M 89 80 111
S 6204 6249 6250
M 6509 6523 6556
M 6002 5949 6016
M 2212 2152 2254
M 668 620 732
M 4172 4164 4187
S 5299 5342 5343
M 4464 4603 4613
S 398 497 498
M 1475 1499 1504
M 728 842 852
S 165 209 210
S 3528 3562 3563
M 5768 5744 5780
S 4655 4756 4757
S 5586 5671 5672
M 595 592 609
S 2321 2390 2391
S 4518 4554 4555
S 1732 1745 1746
S 4740 4778 4779
S 5012 5038 5039
M 3048 3320 3396
S 4594 4617 4618
S 5595 5713 5714
M 2585 2586 2591
S 4668 4737 4738
M 5371 5268 5379
M 2376 2591 2638
S 4121 4170 4171
S 5295 5436 5437
S 6611 6696 6697
S 227 288 289
S 3257 3262 3263
M 2905 2909 2951
S 770 861 862
M 5516 5567 5609
S 747 775 776
S 1434 1441 1442
M 1887 1876 1893
S 3981 3982 3983
S 3650 3715 3716
S 4426 4488 4489
S 1122 1168 1169
M 1008 978 1010
S 1972 2002 2003
M 1694 1491 1750
M 1351 1348 1418
M 867 1030 1098
S 5589 5811 5812
S 1844 1926 1927
S 5353 5480 5481
S 985 1102 1103
M 6336 6513 6528
S 3168 3192 3193
S 1492 1554 1555
S 5478 5486 5487
M 6297 6291 6300
M 6218 6335 6408
M 6442 6463 6512
S 813 835 836
S 6432 6542 6543
M 1374 1430 1439
S 5026 5225 5226
S 1931 2013 2014
S 510 599 600
M 3815 3921 3957
S 1803 1979 1980
M 4666 4565 4694
M 1504 1516 1685
M 3103 2935 3105
M 5306 5297 5317
M 5537 5685 5695
S 4093 4268 4269
S 6383 6459 6460
M 4621 4674 4679
M 5406 5470 5527
S 3639 3718 3719
S 1926 1930 1931
S 836 838 839
S 2814 2819 2820
M 417 524 690
M 1975 1979 2042
M 4998 4948 5001
S 3406 3448 3449
S 6796 6802 6803
S 2228 2233 2234
M 6771 6827 6829
M 226 292 302
S 3951 4030 4031
M 3759 3853 3880
M 6397 6424 6441
S 366 369 370
M 2767 2721 2781
M 6750 6719 6820
M 1334 1169 1338
M 3230 3232 3313
S 1939 1990 1991
M 3381 3308 3414
M 2069 2007 2120
M 999 871 1023
M 2550 2534 2588
M 4876 4805 4941
M 4398 4364 4428
M 6223 6203 6382
S 2726 2840 2841
S 588 669 670
S 709 811 812
S 5704 5781 5782
S 6693 6736 6737
S 3865 4224 4225
S 1303 1321 1322
S 153 164 165
M 2801 2784 2804
S 3145 3233 3234
S 1249 1326 1327
M 5940 5908 6032
S 4812 4815 4816
S 274 371 372
S 3696 3799 3800
M 2206 2215 2244
S 2065 2187 2188
S 5292 5297 5298
M 1544 1597 1642
M 6191 6227 6246
M 1743 1593 1763
M 5903 5865 5914
S 3046 3071 3072
S 4053 4213 4214
M 2877 2923 2959
S 2040 2106 2107
M 4010 3964 4087
M 1104 1152 1165
S 3752 3958 3959
M 4470 4605 4686
S 990 1067 1068
M 5064 5078 5155
M 5562 5566 5604
S 6515 6530 6531
S 5378 5427 5428
S 2350 2483 2484
M 844 850 935
S 485 501 502
M 1992 2132 2135
S 3801 3873 3874
S 2657 2719 2720
S 2203 2231 2232
S 4181 4274 4275
M 6300 6344 6394
M 2874 2951 3005
S 1005 1011 1012
S 1993 2070 2071
M 1608 1643 1668
S 5070 5108 5109
M 5277 5330 5375
S 3076 3146 3147
S 6170 6195 6196
M 926 826 936
M 474 697 699
S 3031 3095 3096
S 6485 6559 6560
S 2744 2749 2750
S 3569 3598 3599
M 6843 6847 6854
S 6164 6172 6173
S 5175 5259 5260
S 745 753 754
M 6404 6468 6513
M 1506 1568 1629
S 4154 4284 4285
M 452 492 608
M 4294 4245 4318
M 483 412 484
M 6588 6790 6837
S 6712 6755 6756
M 5781 5833 5866
M 2522 2448 2542
S 5830 5871 5872
S 2914 2974 2975
S 331 335 336
S 1857 1902 1903
M 5354 5431 5511
S 2122 2136 2137
S 4435 4473 4474
M 5120 5162 5224
M 943 971 988
M 6729 6763 6786
M 3776 3734 3817
S 4823 4841 4842
M 1938 1942 1955
S 2153 2163 2164
M 382 399 441
M 2406 2357 2451
S 4482 4526 4527
M 2334 2396 2422
S 4587 4647 4648
S 1126 1148 1149
S 3864 3955 3956
S 2277 2334 2335
M 207 234 259
S 3200 3273 3274
M 1437 1401 1454
M 5870 5550 5933
S 1789 1873 1874
M 2398 2148 2439
M 171 144 207
S 1667 1688 1689
S 484 559 560
S 2727 2869 2870
S 4848 4929 4930
M 6785 6857 6859
M 4188 4229 4257
S 2144 2202 2203
M 1412 1313 1467
S 4311 4389 4390
S 6556 6653 6654
M 1515 1467 1616
S 13 20 21
S 1875 1911 1912
M 4803 4896 4899
S 3821 4022 4023
S 5676 5696 5697
M 3591 3511 3628
S 1292 1306 1307
M 267 287 294
M 865 551 982
M 4739 4592 4746
S 2623 2814 2815
S 252 269 270
M 4825 4930 4948
M 436 356 454
M 6024 5953 6045
S 3754 3772 3773
M 1140 1228 1231
S 3757 3787 3788
S 3678 3690 3691
M 2124 2037 2147
M 6873 6872 6875
S 1323 1335 1336
M 2150 2125 2175
S 1482 1491 1492
S 3660 3663 3664
S 5335 5352 5353
S 2605 2607 2608
M 1302 1350 1392
S 402 535 536
S 1534 1581 1582
S 2471 2537 2538
S 1853 1904 1905
M 5974 5906 6014
M 4366 4433 4445
M 6640 6692 6729
M 463 423 496
S 3542 3593 3594
S 3887 3912 3913
M 4233 4289 4321
S 1049 1084 1085
S 1311 1317 1318
M 6198 6136 6231
M 726 689 727
M 1574 1508 1624
M 962 969 1051
M 199 348 499
S 1698 1720 1721
M 1659 1699 1747
S 1978 2087 2088
M 6236 6391 6446
M 5707 5496 5748
M 6265 6252 6301
M 654 504 713
S 3555 3622 3623
S 950 959 960
M 4287 4339 4353
M 5287 5289 5290
M 5006 4971 5029
S 4844 4849 4850
S 664 945 946
M 3377 3412 3430
S 2248 2263 2264
M 958 729 1002
M 4340 4386 4410
S 4828 4847 4848
S 2012 2191 2192
M 4710 4685 4725
S 732 762 763
S 3219 3271 3272
M 648 671 733
M 170 205 214
S 680 705 706
S 3249 3278 3279
M 896 425 925
M 6475 6441 6517
M 3274 3124 3295
S 5522 5535 5536
S 2682 2810 2811
S 3590 3600 3601
M 1007 956 1071
M 2338 2209 2368
M 3047 3022 3056
S 5072 5078 5079
S 5456 5644 5645
S 5126 5127 5128
S 213 228 229
S 5322 5348 5349
M 2444 2481 2493
M 3944 3890 4057
S 4100 4118 4119
S 1207 1332 1333
S 1754 1786 1787
M 2016 2049 2062
S 4123 4367 4368
M 5632 5613 5692
S 6175 6206 6207
S 2907 2996 2997
S 2181 2182 2183
S 6260 6444 6445
M 438 602 718
S 6597 6725 6726
M 1241 1259 1343
S 5372 5390 5391
S 2685 2903 2904
S 3024 3090 3091
S 5684 5731 5732
M 5977 5979 5991
M 459 401 470
S 5559 5589 5590
M 4888 4903 4976
S 2107 2195 2196
M 4350 4307 4379
M 2677 2693 2718
M 2497 2740 2762
M 1812 1808 1842
M 5008 5051 5122
S 2095 2152 2153
M 3827 3814 3867
S 6221 6356 6357
S 6609 6655 6656
S 311 404 405
M 3239 3299 3328
M 2330 2412 2417
S 3395 3400 3401
M 3870 3743 3875
M 1745 1624 1779
M 4623 4445 4630
S 3922 4012 4013
M 2399 2302 2431
M 6021 5993 6151
S 6510 6603 6604
S 4928 4960 4961
S 4018 4092 4093
S 6173 6242 6243
M 4547 4561 4564
M 4459 4556 4612
S 4303 4311 4312
S 4604 4631 4632
S 708 719 720
M 912 881 913
S 5719 5794 5795
S 1919 1969 1970
S 2074 2082 2083
S 5003 5167 5168
M 754 797 824
M 3092 2978 3116
M 6480 6305 6508
S 60 97 98
M 4798 4773 4805
M 4786 4675 4876
M 2916 2973 3014
S 6312 6535 6536
S 3311 3374 3375
S 5619 5702 5703
M 2671 2660 2686
M 6503 6534 6551
M 1573 1626 1719
S 6327 6409 6410
S 777 828 829
M 5505 5417 5510
S 4436 4471 4472
M 2292 2243 2323
M 4929 4837 4954
S 321 459 460
M 6339 6301 6365
M 3994 4115 4135
M 1714 1747 1764
M 4463 4260 4465
M 2098 2026 2104
M 1550 1569 1575
M 5565 5649 5670
S 5482 5548 5549
M 3371 3187 3387
M 2109 2226 2248
S 4610 4677 4678
M 6511 6482 6564
S 5911 5935 5936
S 4490 4571 4572
M 2823 2802 2842
S 5714 5941 5942
M 3733 3700 3738
M 2928 2942 2962
S 2931 2981 2982
M 6715 6740 6746
S 816 842 843
M 1609 1545 1656
M 3350 3346 3376
M 2632 2616 2738
M 1332 1306 1369
S 5405 5412 5413
S 5151 5169 5170
M 1450 1441 1536
S 5356 5508 5509
M 1738 1686 1755
M 4325 4210 4350
M 6026 6007 6069
M 1914 2073 2079
M 6034 5992 6059
S 1263 1269 1270
M 456 448 571
M 4950 4963 5026
S 2319 2727 2728
S 3494 3515 3516
S 2201 2242 2243
S 4951 4997 4998
M 713 883 909
S 3848 3965 3966
M 3104 3057 3108
M 5715 5690 5752
S 538 551 552
M 5281 5184 5283
S 54 72 73
M 4589 4579 4619
S 231 304 305
M 5834 5916 6057
S 6532 6580 6581
M 6685 6779 6805
M 4355 4430 4504
S 5983 5995 5996
S 2254 2319 2320
S 6147 6155 6156
M 335 155 356
S 2647 2715 2716
M 1001 1056 1062
S 4499 4517 4518
S 5462 5530 5531
S 3397 3417 3418
S 4611 4628 4629
M 350 377 386
S 3355 3406 3407
M 6657 6680 6693
M 6126 6162 6199
S 3125 3155 3156
M 2436 2459 2474
S 4624 4770 4771
M 5168 5228 5333
M 3315 3286 3378
M 773 752 787
S 4425 4432 4433
S 3093 3125 3126
M 182 183 221
M 5898 5888 5926
M 430 353 442
M 2938 3199 3232
S 2179 2307 2308
M 4242 4232 4352
M 921 915 941
S 6434 6476 6477
M 1100 1076 1113
M 303 362 409
S 1523 1612 1613
S 6380 6561 6562
M 6417 6499 6532
S 6539 6768 6769
S 6277 6295 6296
S 525 561 562
M 3935 3974 3996
S 3828 3855 3856
M 2117 2140 2159
M 3142 3034 3224
S 6776 6794 6795
M 1987 1902 1989
S 628 777 778
S 6240 6383 6384
S 2765 2802 2803
S 1092 1093 1094
S 2854 2998 2999
S 3277 3339 3340
M 1023 1054 1058
M 6037 6091 6096
S 3449 3461 3462
M 6753 6807 6817
M 2402 2575 2659
M 4819 4934 4957
S 725 772 773
M 6560 6567 6608
S 1973 1976 1977
M 11 42 49
M 4099 4066 4100
M 253 257 263
S 3762 3822 3823
S 4736 4838 4839
M 3977 3926 3997
M 4317 4299 4335
S 556 557 558
M 765 900 993
S 3378 3571 3572
S 1672 1806 1807
M 1095 916 1136
M 1804 1674 1811
S 5222 5315 5316
S 5488 5567 5568
M 1922 2030 2076
M 1146 1223 1247
M 1884 1886 1888
S 5272 5386 5387
S 858 863 864
M 5232 5207 5246
M 4692 4688 4733
M 1208 1239 1268
S 3112 3329 3330
S 2409 2522 2523
S 4142 4143 4144
S 5313 5408 5409
S 6579 6662 6663
S 6637 6740 6741
M 6406 6401 6411
S 1 2 3
S 5497 5595 5596
M 4633 4606 4656
S 1443 1461 1462
M 6727 6689 6807
M 868 751 937
S 2432 2485 2486
S 3656 3660 3661
M 5086 5143 5254
M 3203 3373 3377
S 2283 2302 2303
S 1679 1780 1781
M 5189 5158 5239
S 5191 5295 5296
S 6562 6584 6585
M 4735 4714 4739
S 5688 5693 5694
S 5060 5278 5279
S 1526 1584 1585
M 465 500 542
S 2736 2770 2771
M 2650 2579 2656
S 5341 5406 5407
M 2102 1918 2180
M 2443 2323 2473
S 1294 1319 1320
M 2272 2234 2287
S 674 873 874
S 3289 3325 3326
S 4886 5143 5144
M 6329 6073 6331
M 6422 6372 6448
M 6400 6353 6401
M 3246 3261 3277
S 3723 3876 3877
S 3152 3172 3173
S 2449 2547 2548
M 6092 6080 6104
S 1256 1468 1469
S 4845 4881 4882
S 1032 1059 1060
S 4883 4987 4988
M 2200 2154 2322
S 3410 3436 3437
S 5194 5211 5212
M 2038 2035 2102
M 4852 4801 4854
S 6057 6067 6068
M 3920 3976 4001
M 2383 2504 2577
S 289 434 435
S 1428 1502 1503
M 302 212 303
M 4112 4168 4173
S 6675 6687 6688
S 281 430 431
M 5592 5495 5629
S 84 87 88
S 1799 1816 1817
M 2491 2477 2494
S 617 662 663
S 2455 2466 2467
M 5217 5154 5243
M 1782 1792 1796
M 3519 3584 3588
S 3183 3190 3191
M 5674 5668 5712
S 6709 6717 6718
S 2395 2425 2426
M 2341 1976 2363
S 3352 3468 3469
S 2192 2270 2271
M 482 568 666
S 4947 4967 4968
S 5973 5980 5981
S 5871 5948 5949
M 1833 1948 1958
M 6760 6749 6772
S 6004 6098 6099
M 5180 5197 5199
M 6589 6576 6615
M 2524 2694 2700
S 333 339 340
S 2715 2747 2748
S 38 81 82
M 1962 1969 2007
M 5981 5990 6029
M 5575 5555 5581
M 4546 4494 4589
S 2294 2395 2396
M 5851 5880 5974
M 4056 4026 4071
M 6458 6461 6514
S 774 798 799
M 2175 2191 2212
M 526 548 578
S 518 594 595
S 2479 2860 2861
S 1276 1293 1294
M 501 566 624
M 276 285 293
M 1658 1783 1864
M 2763 2652 2831
S 2975 3046 3047
M 6493 6430 6494
M 5760 5650 5790
S 3537 3546 3547
M 3229 3300 3350
S 3925 4156 4157
M 5032 5182 5185
M 1258 1295 1426
S 2638 2662 2663
M 3080 3075 3097
M 5179 5192 5235
S 822 832 833
M 4276 4539 4567
M 6619 6470 6684
M 5587 5525 5605
M 186 120 212
S 3648 3746 3747
S 5850 5883 5884
M 5176 5058 5187
M 5318 5252 5327
S 21 38 39
S 5186 5194 5195
M 1660 1553 1702
S 6137 6200 6201
S 4230 4272 4273
S 3049 3082 3083
S 502 572 573
S 811 813 814
S 4 31 32
S 2582 2597 2598
S 6076 6131 6132
M 1416 1489 1506
S 4969 4979 4980
S 847 938 939
M 4670 4729 4730
S 2289 2309 2310
S 110 134 135
M 486 354 511
S 4642 4712 4713
M 6393 6420 6480
S 392 639 640
S 498 590 591
M 3415 3439 3442
M 3357 3356 3389
S 5230 5268 5269
S 549 656 657
M 3265 3276 3368
M 4523 4716 4788
M 6828 6817 6830
M 4133 4182 4237
S 5155 5216 5217
M 890 788 924
M 2598 2764 2813
M 4781 4695 4825
S 4665 4675 4676
M 803 675 951
S 376 514 515
S 3313 3342 3343
M 1199 1214 1285
M 5980 5971 6018
M 948 964 978
M 2442 2505 2513
S 2829 2843 2844
M 2639 2592 2677
M 5105 5100 5110
M 2313 2355 2407
M 5765 5800 5832
S 1661 1723 1724
S 1797 1938 1939
S 1961 2094 2095
S 3138 3150 3151
M 2791 2866 2911
S 2373 2449 2450
M 325 264 349
M 2904 2879 2968
M 6624 6652 6673
S 5459 5543 5544
M 4933 4961 4963
S 2645 2684 2685
M 2225 2184 2255
M 5758 5729 5783
S 1379 1386 1387
S 3634 3641 3642
M 6181 6167 6372
S 4510 4624 4625
M 4022 3982 4088
S 3507 3522 3523
S 6069 6144 6145
S 6362 6449 6450
M 599 636 675
S 5145 5244 5245
M 5215 5300 5321
M 2147 2417 2472
S 4292 4314 4315
M 1810 1798 1837
S 4346 4420 4421
M 2126 2207 2217
S 2899 2925 2926
S 3068 3111 3112
S 3450 3455 3456
S 5384 5399 5400
M 4417 4345 4484
S 3767 3902 3903
M 3726 3798 3820
S 2690 2729 2730
S 1627 1630 1631
S 4832 4917 4918
S 874 898 899
S 88 93 94
S 4588 4604 4605
S 2731 2788 2789
S 1211 1275 1276
M 5809 5766 5838
S 4567 4573 4574
M 5653 5517 5668
S 5311 5364 5365
S 4625 4657 4658
M 5991 6138 6157
M 3908 4089 4107
M 4709 4676 4795
M 2211 2216 2240
M 610 625 655
S 3062 3065 3066
M 5425 5305 5433
S 5622 5624 5625
S 2269 2290 2291
S 5337 5359 5360
S 3941 3984 3985
M 2255 2256 2274
M 3774 3781 3804
M 2499 2626 2646
M 6605 6512 6651
M 3314 3340 3369
M 2670 2470 2671
S 5958 5962 5963
M 5366 5368 5416
S 3164 3165 3166
S 232 271 272
S 2878 3003 3004
S 2920 3025 3026
S 135 190 191
S 68 69 70
S 3011 3016 3017
M 3846 3832 3851
S 5545 5557 5558
M 6767 6592 6815
M 4813 4907 4914
M 4293 4279 4297
M 2846 2851 2892
S 1805 1891 1892
S 2345 2415 2416
M 6544 6447 6558
S 5116 5151 5152
M 2503 2469 2670
M 2100 2114 2127
S 5578 5614 5615
S 1645 1742 1743
S 1210 1380 1381
S 2565 2593 2594
S 4431 4622 4623
S 1963 2033 2034
M 3442 3451 3488
M 4927 4850 4937
M 4958 4985 5002
M 4640 4319 4663
M 4619 4622 4626
M 892 902 916
S 2050 2051 2052
M 2270 2094 2275
M 1366 1245 1399
S 454 490 491
M 1135 1124 1141
M 3307 3645 3666
S 4473 4475 4476
M 3413 3221 3423
M 6581 6565 6586
M 5604 5558 5657
S 1772 1875 1876
S 6641 6702 6703
S 4373 4495 4496
S 6363 6375 6376
S 1533 1578 1579
M 4201 4285 4291
M 5342 5314 5417
S 1431 1515 1516
S 4785 4817 4818
M 349 336 374
S 3116 3143 3144
M 3623 3716 3717
S 662 735 736
S 1284 1312 1313
S 2864 3087 3088
S 4001 4010 4011
S 1927 2009 2010
M 380 397 427
S 5219 5357 5358
S 4626 4668 4669
M 6646 6662 6671
S 2664 2779 2780
M 2688 2637 2772
S 3207 3293 3294
M 1845 1826 1870
M 2025 2083 2119
M 4203 4243 4278
S 6085 6113 6114
M 1279 1280 1308
M 6505 6507 6529
M 6352 6546 6566
S 4528 4583 4584
M 3883 3902 3995
M 757 678 801
S 3470 3503 3504
S 2520 2551 2552
S 4838 4858 4859
S 2332 2345 2346
M 4318 4310 4402
S 1920 2048 2049
M 6563 6519 6576
M 4993 5004 5006
S 6292 6334 6335
S 2036 2085 2086
S 5784 6020 6021
S 5047 5114 5115
S 409 424 425
M 4752 4697 4758
M 3306 3487 3500
M 2815 2873 2895
M 1072 1050 1095
M 1242 1288 1350
S 4968 4983 4984
M 2151 2078 2165
S 6041 6060 6061
S 2985 3012 3013
M 5782 5787 5810
M 5859 5792 5881
M 2391 2195 2430
S 1218 1298 1299
M 5181 5309 5334
M 801 805 815
S 6332 6342 6343
S 2889 2986 2987
M 2833 2689 2868
S 2573 3208 3209
M 4535 4516 4553
M 3521 3543 3570
M 1655 1541 1813
M 3659 3606 3694
S 3514 3610 3611
S 2680 2758 2759
S 1384 1458 1459
M 5609 5569 5618
S 1872 2063 2064
M 5821 5904 5919
S 1012 1038 1039
S 3250 3332 3333
S 3407 3473 3474
S 2529 2713 2714
M 1749 1736 1751
M 5544 5651 5698
M 3969 4111 4231
M 957 1087 1128
S 251 316 317
M 6195 6149 6197
S 3831 3837 3838
S 5247 5264 5265
M 5770 5799 5813
S 4106 4394 4395
S 6108 6118 6119
S 1663 1675 1676
M 473 443 492
S 4635 4654 4655
M 2531 2558 2654
M 3953 3872 4007
S 2403 2413 2414
M 5422 5530 5539
S 4103 4112 4113
M 2852 3120 3183
M 6456 6437 6481
M 6448 6254 6458
S 6718 6744 6745
M 3161 3175 3218
S 1290 1383 1384
S 6040 6073 6074
M 1616 1728 1797
M 1067 1025 1111
M 198 156 201
M 5875 5816 5896
M 127 221 239
S 3185 3195 3196
M 4362 4360 4399
S 217 313 314
M 5561 5557 5613
M 3840 3825 3883
M 2462 2502 2528
M 6860 6840 6868
S 6701 6730 6731
M 2603 2661 2669
M 6440 6450 6527
M 6460 6842 6858
S 134 180 181
M 3089 2843 3121
M 3901 3904 4021
S 2059 2080 2081
S 460 641 642
S 6055 6182 6183
S 2651 2657 2658
M 5803 5819 5880
M 4725 4645 4729
S 5521 5537 5538
M 5243 5317 5369
M 1153 1143 1227
M 1670 1614 1700
S 322 402 403
M 3434 3438 3450
S 3878 3889 3890
M 5110 5113 5121
S 4867 4879 4880
S 4853 4856 4857
M 453 458 477
S 5137 5255 5256
S 6117 6163 6164
M 6280 6399 6405
S 4639 4705 4706
S 4596 4641 4642
M 4221 4253 4329
S 6343 6454 6455
M 5440 5397 5449
M 5409 5404 5411
M 4411 4407 4444
M 1990 1968 2006
M 1653 1751 1776
S 2380 2514 2515
M 6875 6867 6876
M 3205 3304 3310
S 3809 3991 3992
S 175 193 194
S 2612 2641 2642
M 3065 3069 3094
S 789 796 797
S 1201 1225 1226
S 6741 6748 6749
M 5265 5286 5326
M 3180 3171 3228
S 2576 2580 2581
M 4167 4076 4169
S 4421 4426 4427
M 3291 3063 3347
S 4457 4468 4469
S 2893 2905 2906
S 296 308 309
M 1628 1652 1669
M 667 686 698
M 2986 2882 3010
M 716 825 854
S 5017 5053 5054
M 3566 3625 3640
S 4493 4710 4711
M 3911 3742 3923
S 260 285 286
S 3630 3643 3644
S 6548 6617 6618
M 5264 5296 5335
S 1293 1330 1331
M 6602 6635 6652
S 193 205 206
M 901 798 942
S 2067 2116 2117
S 4654 4684 4685
M 635 640 742
S 5648 5785 5786
M 3966 3882 4039
M 893 970 972
S 1633 1809 1810
M 297 206 299
M 2202 2113 2221
M 1764 1761 1812
S 2832 2917 2918
M 3268 3287 3320
M 2795 2750 2805
S 2953 2972 2973
M 5790 5706 5807
S 1554 1560 1561
S 3924 3975 3976
M 2960 2925 3030
M 1879 1862 1954
M 2999 3096 3139
S 3874 4189 4190
S 5310 5322 5323
S 3711 3818 3819
S 3028 3141 3142
S 4997 5140 5141
S 3108 3159 3160
M 1974 1950 1992
M 5302 5157 5367
S 6469 6485 6486
S 1988 2019 2020
S 5520 5587 5588
S 2957 3102 3103
S 5229 5307 5308
M 2724 2790 2795
S 642 721 722
M 4012 4008 4061
M 4524 4537 4557
M 685 679 741
S 3281 3372 3373
S 3368 3379 3380
M 3679 3641 3742
M 2917 3038 3078
M 2806 2803 2846
M 5723 5625 5726
M 3020 2982 3081
M 2340 2236 2371
S 1308 1403 1404
S 2048 2131 2132
M 6161 6023 6204
S 3102 3153 3154
S 3740 3778 3779
M 3085 3148 3246
M 4833 4830 4840
S 4824 4924 4925
S 2130 2157 2158
M 960 937 999
M 4081 4051 4102
M 5453 5383 5467
M 4278 4114 4298
S 821 900 901
M 5117 5204 5215
S 1903 1932 1933
S 1432 1476 1477
S 2665 2692 2693
S 495 581 582
M 5442 5359 5451
M 1905 1848 1925
M 6022 6018 6028
S 657 681 682
S 3612 3649 3650
S 5479 5565 5566
M 6171 6215 6248
M 851 812 867
S 2584 2615 2616
M 5474 5485 5518
S 291 343 344
S 1154 1271 1272
M 2749 2821 2865
S 1934 1944 1945
M 1505 1585 1586
M 5889 5932 5950
M 3481 3468 3486
S 1220 1250 1251
S 298 352 353
S 4831 4845 4846
S 6365 6437 6438
M 5242 5348 5356
M 1518 1688 1712
S 4320 4387 4388
S 5350 5362 5363
S 4456 4521 4522
S 2110 2143 2144
S 2992 3028 3029
S 2214 2252 2253
M 1222 1320 1337
S 477 528 529
M 4418 4474 4485
S 3359 3434 3435
S 3403 3478 3479
S 2548 2777 2778
S 74 138 139
S 3416 3841 3842
M 6802 6829 6835
M 5643 5732 5744
S 1139 1259 1260
S 3636 3698 3699
M 5941 5936 5957
S 6435 6470 6471
S 5962 5999 6000
S 6427 6466 6467
S 3482 3549 3550
S 3613 3631 3632
M 652 650 678
S 1936 1959 1960
S 860 1074 1075
S 5346 5445 5446
M 2674 2667 2683
M 2700 2530 2712
M 1687 1582 1709
S 3669 3805 3806
S 4937 5009 5010
M 3701 3655 3703
M 3939 4090 4165
M 4966 5084 5087
S 5403 5606 5607
M 2921 2946 2985
S 5552 5559 5560
S 1718 1773 1774
S 2071 2138 2139
S 5947 5970 5971
S 2389 2447 2448
M 46 141 142
M 5531 5564 5571
S 1705 1710 1711
M 839 831 911
M 6665 6625 6668
M 2348 2301 2357
M 2870 2850 2881
M 5892 5881 5915
M 4267 4305 4345
S 749 760 761
S 5278 5452 5453
S 4441 4666 4667
S 2998 3000 3001
S 6020 6053 6054
S 3399 3440 3441
M 1070 1083 1159
S 1162 1301 1302
S 1013 1065 1066
S 1760 1766 1767
M 6374 6361 6430
M 2043 1957 2093
S 1108 1181 1182
M 6580 6627 6628
S 4749 4813 4814
M 2663 2686 2741
M 6396 6419 6424
S 3256 3520 3521
M 4049 4149 4233
M 5364 5367 5394
S 1897 1928 1929
M 5601 5549 5649
S 270 300 301
S 5454 5460 5461
S 2608 2756 2757
S 1599 1625 1626
S 132 152 153
M 426 367 461
S 3756 3794 3795
S 5336 5370 5371
S 2446 2524 2525
S 5053 5158 5159
S 4118 4235 4236
M 875 730 907
S 6017 6141 6142
M 5713 5673 5758
S 2182 2189 2190
M 2808 2970 2979
S 211 222 223
S 2785 2796 2797
M 1423 1476 1527
S 2746 2793 2794
M 2797 2729 2878
S 1551 1587 1588
S 4256 4355 4356
M 2969 3123 3186
M 1825 1966 1996
S 541 618 619
M 5893 5874 5894
S 6578 6666 6667
S 5785 5792 5793
S 6212 6215 6216
S 1996 2043 2044
M 4315 4284 4320
S 4126 4137 4138
M 396 411 423
S 5582 5640 5641
M 5829 5750 5852
M 1817 1767 1821
S 2649 2909 2910
M 2523 2489 2555
M 505 521 534
M 2597 2312 2606
M 3107 3100 3115
S 734 917 918
M 2346 2371 2465
S 4754 4796 4797
M 2467 2466 2475
M 3457 3446 3460
S 2463 2526 2527
S 1721 1725 1726
S 2015 2035 2036
3633 95
5996 3
6591 1
6296 13
2082 153
1621 33
6010 56
6115 57
2504 10
6172 12
5629 58
3210 17
660 25
5789 42
6388 2
1768 21
6595 54
4332 36
6425 2
3550 3
6849 356
1765 3
2684 9
1378 80
5896 55
4 427
1054 21
4834 2
1822 1
2630 16
144 25
3491 48
720 5
3330 2
2153 5
4733 48
3754 3
2532 29
4181 3
5875 43
6215 520
5781 7
2697 1
4543 158
5334 198
3713 13
1336 3
6074 21
1023 153
530 11
3991 77
5735 14
1073 15
387 20
692 1
1305 1
4324 46
627 385
4432 14
3016 41
4968 55
5703 22
5183 18
50 18
5264 8
2527 7
3736 18
2697 1
74 138
5118 12
1843 7
1410 117
2636 2
3294 36
2794 28
4305 3
4103 24
1762 35
1922 190
6499 17
3128 136
4499 14
5863 48
1406 68
4001 6
1972 191
413 6
5567 17
4624 14
895 8
2204 11
5348 200
4540 6
879 140
662 24
4870 2
2429 8
1679 2
390 75
92 142
1951 1
4833 7
5986 818
3982 3
2651 55
4322 13
2156 7
4148 1
736 40
4965 13
4589 12
3191 28
4808 1
1891 36
3011 27
3993 1
6008 69
4971 11
2676 70
2657 6
2129 1
2527 3
1978 58
4928 11
2586 2
4207 9
207 8
5351 1
5875 33
3121 54
2285 135
6871 199
4725 3
6565 6
1949 1
1698 57
4249 6
1050 12
1096 51
4912 146
1306 13
6026 3
2273 4
6605 122
4771 1
440 168
4560 5
6582 1
3751 47
6518 6
6089 38
2029 27
3167 26
4542 1
3889 4
4318 8
3310 24
6216 77
5017 13
626 44
181 8
3501 5
3744 5
2840 4
244 100
3170 15
4671 89
6484 17
2390 128
5143 64
4153 4
6109 124
656 9
6184 7
2147 23
2306 23
326 28
2311 1
1868 119
2811 1
4448 24
5905 10
4614 79
5498 1
1212 1
3742 14
2925 1
5679 1
352 7
2971 4
1588 40
5227 3
2846 13
2863 7
4804 144
4021 66
1135 23
3308 1
270 20
1520 12
4253 2
176 167
6148 20
1436 11
2860 20
4719 77
2244 3
3512 3
6834 520
3241 19
989 3
1025 1
1070 11
5128 14
1854 17
4472 1
3152 6
4509 6
3705 7
5900 11
1118 74
1993 15
510 12
3421 11
2008 293
1456 6
4952 1
6821 2
4410 3
2750 3
4934 92
2154 1
684 61
4696 23
171 51
2454 20
1424 172
191 16
1310 8
289 10
5216 66
5340 163
5119 6
5707 125
6241 1
2451 113
2996 13
490 5
947 13
283 726
3473 1
5714 1
1183 73
4188 23
959 2
628 85
1874 25
4203 11
2959 59
5831 25
6116 25
5677 8
1989 175
6456 12
3019 206
2914 59
1788 26
3069 1
963 4
4209 15
3202 5
2447 52
2526 1
3651 208
6061 40
311 2
6685 41
417 8
1841 4
4733 73
6473 19
1778 135
439 8
6448 389
2526 7
327 32
6243 6
6383 1
6819 332
1457 8
2265 6
2065 2
2291 9
6708 186
5 591
6283 4
6234 20
2622 1
5749 122
5007 4
3878 7
4328 1
1922 102
567 40
1188 4
1596 10
1072 157
5537 3
600 8
3508 7
283 157
3892 41
5928 34
6838 120
249 6
566 53
6147 13
3486 7
683 56
5443 2
6447 20
939 8
4260 61
5584 9
1564 11
6350 61
6044 8
1092 19
2613 24
4636 3
2274 236
561 1
1619 2
777 5
6250 10
1671 86
4082 2
272 2
5281 12
6129 69
2565 65
5501 4
725 34
5797 11
2993 7
4981 7
924 34
5808 86
5992 40
1200 3
585 231
4693 2
3414 14
2105 16
2263 2
5279 3
5781 3
2240 53
4320 7
5192 19
5534 8
2166 11
179 104
32 34
4393 180
543 48
1585 1
18 58
6278 55
1060 1
1099 19
4260 40
6319 9
3759 3
625 29
5600 58
3273 1
4170 1
6684 24
579 66
67 6
672 13
2207 2
2546 18
3452 2
5799 18
1402 52
6366 4
6532 53
4659 1
1507 1
5328 135
3569 73
1050 15
6152 8
248 113
3153 2
173 100
6717 33
3546 5
4642 21
2818 51
1252 16
4219 56
2368 1
6574 19
1337 2
893 40
1769 146
1459 5
5630 34
6614 4
813 6
1136 722
6195 1
5792 1
3820 9
897 4
5137 29
6833 453
1447 3
6423 3
3115 116
4991 39
1079 14
2230 41
4317 101
6792 4
3455 17
6151 151
5413 24
3332 5
5473 1
3374 6
1087 1
4745 20
5336 12
2911 356
6177 3
5170 21
5175 52
3984 10
2771 81
4508 11
932 14
781 1
2992 1
473 27
4765 13
5643 1
2247 389
514 10
5328 141
3771 39
1375 1
2147 131
6414 8
720 40
4193 5
2924 15
2136 2
3221 79
4153 1
1844 3
3574 3
144 70
5832 2
1230 13
4260 12
4270 11
4688 66
6673 26
815 12
4626 11
5021 3
5738 23
1646 2
5994 53
1030 8
6621 69
66 16
5767 53
5096 14
6488 1
5845 101
1702 4
5818 7
3500 3
6424 21
5292 15
3277 70
531 34
1143 1
5258 9
6524 2
4833 2
3744 1
5552 57
3678 21
2881 39
1008 6
6801 1
2233 11
4037 20
111 540
5712 91
3576 36
6442 10
4730 105
974 6
5049 8
5259 27
6876 2602
5560 12
2920 18
4990 3
526 3
2901 1
2712 76
3448 1
2534 4
4364 1
2951 4
1659 1
6412 3
1765 5
4399 20
2191 353
1391 320
1544 6
3230 15
2694 31
5212 19
6010 24
4302 1
6604 42
5518 73
2591 4
3946 2
4327 3
804 2
3886 4
4737 33
4889 48
6318 14
1627 2
184 121
5320 6
3101 115
4350 58
338 31
1945 25
858 13
355 14
4048 24
540 7
5007 3
4574 22
4841 18
834 491
5369 177
1368 129
6361 219
2423 11
1654 120
4472 2
6262 14
6619 3
1579 2
3258 6
2293 1
500 90
5098 21
1645 4
4679 173
3759 3
2724 321
32 78
1837 329
1375 1
5752 6
255 71
6683 94
5767 350
6251 13
2629 10
1451 33
3583 32
6876 1
5444 1
3484 16
3489 16
1909 11
2493 107
1522 3
2782 48
4863 253
5713 4
4305 3
6526 6
5050 8
229 141
5807 379
6467 22
418 7
578 34
1230 12
3628 12
6555 49
3179 13
177 36
2367 5
637 39
3163 61
3401 2
5913 1
1055 160
2289 33
5128 16
1238 11
3538 149
2595 4
6704 20
5734 33
1963 16
3734 149
6064 66
6419 5
5293 91
2199 1
3797 2
879 271
2466 1
3096 4
5413 14
1233 26
4878 1
5298 13
2179 4
218 290
2440 1
2103 4
2874 1
2381 25
615 1
123 83
2666 14
906 17
929 2
2313 389
489 4
6871 103
4902 13
277 8
2679 13
3856 7
1355 148
474 5
3848 16
5895 40
3976 2
2229 59
2431 39
5079 3
1689 22
6222 1
480 12
4176 17
102 10
5471 137
3324 180
4325 3
486 48
744 1
88 118
4338 155
2969 41
6629 1
2360 9
3076 4
6170 1
1847 11
5782 4
5753 9
3445 78
3669 1
930 1
3430 27
5383 21
1303 1
1399 12
1844 2
6804 66
7 143
4867 5
1870 3
5056 4
6176 21
5857 1
441 4
2994 23
5738 4
4020 16
6220 30
6229 59
6654 102
6092 9
282 25
5888 5
1496 87
4198 33
2183 40
503 16
6532 22
926 12
5865 40
4495 1
6610 263
6310 1
3865 3
5030 14
796 10
3484 19
2172 159
1735 2
4790 386
2306 32
3703 24
2842 2
4439 49
2257 1
6187 5
2597 6
1423 31
5948 18
1282 82
5209 3
1111 6
1718 302
1671 108
4584 75
4729 1
6589 1
2792 418
474 2
2399 47
1219 2
3598 29
5054 1
3703 2
2424 7
3906 27
3571 3
3588 133
475 3
3071 2
4112 15
228 133
306 12
595 2
122 13
5072 6
1307 8
1785 72
4986 15
6202 3
919 18
564 6
5866 11
6813 30
4422 54
2756 4
3214 12
4547 1
4146 15
6399 21
1791 15
4204 40
4526 2
941 40
5432 30
2642 1
436 60
6144 17
1725 18
3111 8
6053 30
6297 42
3817 48
3523 13
982 4
3427 99
2194 7
1239 31
3165 9
3644 278
1070 15
2153 10
327 24
3639 23
1906 189
821 11
165 5
4258 16
2003 129
1679 1
4816 2
5929 21
3401 3
2868 204
2131 4
4765 32
2512 98
6833 310
2680 7
1879 35
1853 9
260 15
3752 23
4295 35
2512 50
698 29
1704 48
6781 16
811 6
4289 1
3879 6
347 1
1022 1
3119 19
6153 111
3919 14
1997 8
6327 21
2971 4
4604 3
6593 81
2226 7
5084 7
444 5
4738 13
4301 2
710 7
3508 38
2786 26
2048 25
5646 105
467 7
3597 4
6713 4
5959 78
3890 1
3077 5
4437 3
5963 17
6161 31
6015 201
2596 3
5901 1
2516 14
1078 1
2279 5
3146 1
1393 26
6736 50
6698 1
2211 49
4456 1
373 58
4220 4
3288 9
3648 2
377 2
4318 48
922 42
5456 58
5558 109
5849 6
6401 920
6541 6
4469 2
6267 47
2694 16
583 22
4689 69
5741 14
6427 9
915 3
3306 2
4011 1
6784 147
803 14
3316 23
6876 1301
4916 4
196 10
5122 75
1789 45
6544 22
5938 25
5700 10
320 52
867 28
3645 267
1038 3
589 107
5576 5
2943 7
50 51
296 2
2503 17
88 263
5397 7
4096 8
3816 79
6206 22
4897 5
5417 24
6266 11
1575 27
3437 15
5696 10
2712 8
3536 18
6227 10
4567 23
5364 36
3052 39
2758 1
799 45
5050 54
5305 12
4335 100
871 2
1500 3
2541 18
1688 53
6470 29
6062 18
4563 92
1385 19
1452 53
3053 20
2724 235
531 29
2183 9
3778 1
4916 7
530 25
2408 8
1842 105
202 154
975 22
496 40
4213 7
3402 9
5304 13
1125 14
4909 3
1587 22
5189 14
1948 1
61 20
4461 11
5959 43
6028 23
5615 21
6518 9
6254 1
3279 2
4108 27
4473 16
3327 104
2909 7
5301 42
5595 5
4817 1
6316 25
4137 15
6594 27
5612 328
1442 1
6751 33
5226 37
5561 69
2870 12
1360 69
3743 2
1101 144
4776 1
6390 16
1642 16
6317 51
4588 48
455 14
2235 7
1400 82
5167 2
2118 253
6159 1
