1073
3728
3078
1217
2337
3532
5106
2251
635
2081
5230
2656
3248
3396
1626
3119
1970
4947
3995
852
2857
3301
2884
518
4776
1705
2775
1415
2488
4981
422
330
1518
2331
539
4140
1160
2453
3912
2802
5381
2173
3704
5044
1121
509
4696
2735
1193
5415
1121
1239
1310
1485
4799
4793
1846
4157
3878
4544
3503
3945
495
1116
2985
4540
3004
3704
3698
2056
3726
4114
2484
3927
2498
2972
958
2351
3996
3843
511
925
2562
2769
3480
4039
810
5167
1335
2517
1791
3937
5294
4999
2335
3694
1671
477
4697
4532
10
1883
1465
3929
4381
3399
2771
2732
1249
391
523
3394
2559
1656
5099
1934
2441
242
3727
5477
234
2122
125
660
4629
1149
38
5335
3147
5451
2759
2251
3448
4858
686
3647
4924
1372
5005
568
2958
4800
1065
4715
2275
2265
5332
5267
4159
4314
495
2078
4850
1714
5281
5502
1467
2244
1699
4321
1252
3650
3433
4213
1482
5012
473
4797
4634
2561
3834
5410
559
848
610
4215
869
234
3409
4766
5415
4660
5370
1550
31
2029
2891
3010
1440
4099
5304
786
2862
583
5209
422
3097
3743
1850
2764
2559
1709
270
1359
3690
4363
433
1564
1468
2153
1613
14
1940
2
5243
1762
4846
2077
3773
881
4842
2585
4672
1291
1297
3706
5173
4273
2954
3437
1157
1319
5209
4115
1275
5275
418
3364
405
2542
3008
5485
3749
5416
4621
456
5126
30
1641
5126
333
4008
4420
415
3120
5211
4783
540
2565
4886
4615
2329
2048
2666
4802
351
757
3527
70
3584
4918
1452
2159
4079
3327
2816
1504
4574
4051
4273
4519
2302
1284
2196
4950
1445
1048
2030
3269
1750
3839
953
1509
1487
2363
253
2728
1875
3169
2715
5281
3219
4725
2638
2433
4307
1321
5205
5269
1119
4037
3932
1538
1310
120
2901
3098
5415
3801
4324
56
2238
1677
3384
3366
29
2978
923
3414
4793
662
3271
3995
1073
3001
2323
1274
335
4086
2651
2185
1835
1999
982
666
4723
4704
1063
1123
344
4595
4576
2810
989
2816
5141
1024
4132
95
5270
1074
1514
2365
269
2384
2852
3345
3671
3419
31
1947
5351
3014
4173
5138
539
30
2388
3426
3047
2695
5056
5521
4864
1209
2657
5550
4863
5142
623
433
4438
3048
4926
396
3943
2041
5184
4966
2718
3340
5000
5080
176
3706
1009
513
556
3600
5271
5526
477
2125
4447
1122
1515
1934
1807
4534
1965
2114
3237
970
1645
9
1301
3410
3715
1645
805
456
3248
4479
3476
16
3236
3640
5211
319
1018
1530
1040
1426
2184
704
650
452
3332
4430
3593
949
4650
2470
2836
4907
2911
4393
5375
5515
5137
4267
3909
2252
4171
1402
1862
2575
3859
415
2192
4734
1025
5298
1209
3305
3715
4736
4722
2190
2919
919
5552
3450
4137
2355
2389
1097
2841
1009
3925
208
3807
687
1651
2974
2140
650
2910
82
974
1613
5352
3994
3964
5512
967
828
2107
5079
1137
1167
2817
4516
281
1350
5515
1038
2484
382
3300
1464
707
5326
2775
2119
4050
4093
4990
1126
2764
275
3242
7
5066
3774
3203
2560
4629
1622
4133
3898
2841
4920
3301
591
2549
1929
5531
5332
144
2530
3395
3696
2738
271
5218
592
5122
2696
109
5507
2731
2942
1803
3710
213
1092
3848
260
333
735
2940
2009
1028
4030
4173
826
621
2363
4907
4839
3525
4003
4474
1946
1170
4130
4771
2222
2398
323
2651
4045
5297
2319
122
431
1435
2972
4526
4881
4501
1343
4249
4062
5008
1249
1291
5479
4135
4508
1512
1995
1405
2118
3182
2434
4513
3490
1551
3563
1366
5224
3409
5262
3475
2509
1250
938
3561
5447
3432
3720
3218
5032
3199
4873
4985
3506
4628
3754
682
5342
3244
1294
5294
2244
99
5388
3288
650
2723
2660
528
4069
4375
1701
4501
4791
1938
3037
3933
1547
2721
3857
2030
2202
1588
1244
5512
3864
5010
2188
1087
1878
2335
4263
3078
4720
307
1122
5561
1432
1416
972
865
4173
3512
355
3686
3034
3089
343
572
5399
1885
5432
2017
3010
676
3564
501
5267
99
3916
2506
2106
4750
5202
4758
4647
5167
1884
1926
2722
965
3618
3595
3660
940
3964
4079
2703
1659
3301
3278
833
2743
738
425
735
4273
4650
1942
4508
774
3378
1174
5438
3649
3147
2174
5267
1892
1422
4156
377
114
3335
1626
2062
3399
3894
1961
4366
4171
4231
3957
724
3822
782
2721
2889
3972
3972
1001
4351
5543
1447
5374
3878
4239
5019
2682
4332
1010
1013
1111
531
5533
3711
3548
2734
712
3443
2686
1070
2188
5187
2140
4110
5522
2145
5237
2929
2660
5433
3817
5316
2511
4204
1130
1231
147
549
2333
1017
1982
949
1987
4970
856
1732
4344
2414
2680
4953
4260
1183
4279
3520
997
2890
3219
5230
771
3438
864
5128
955
1744
3473
3506
688
4099
29
1450
446
2834
2751
1817
5544
3438
2736
623
1117
3319
662
2096
2604
5011
4155
254
3153
2470
2108
109
1110
1578
2921
5048
4986
1105
2443
2756
308
4250
4311
1133
807
522
5342
3031
3919
4952
480
3755
1491
844
480
727
3313
2651
681
5099
2225
897
3550
2841
2786
1420
4287
4618
2791
4026
112
3041
2690
75
2832
846
2485
1992
5231
4065
5413
2379
3603
3228
208
3910
3888
2879
44
2923
3828
17
990
181
3953
1609
889
328
2527
5550
847
2686
559
4421
5521
735
1096
5166
215
3561
1075
2100
1852
2985
739
5534
4084
387
3716
2055
3967
4983
1614
1180
2474
2078
2625
2324
4530
5228
2729
1077
3450
4974
4349
2727
174
4999
2909
520
1439
768
3584
2482
589
4838
2908
1859
2108
5118
4370
4050
5495
4192
987
337
134
2007
1329
1451
2390
2359
95
1784
1838
4581
1235
1073
1279
4772
3392
4545
4479
4076
3907
