925 68 1000
M 88 82 91
M 14 53 55
S 45 48 49
M 49 48 50
S 74 80 81
S 41 53 54
S 91 95 96
S 19 39 40
S 29 34 35
S 68 70 71
S 15 16 17
S 52 57 58
S 22 23 24
S 21 46 47
M 40 33 42
M 62 78 79
M 100 96 101
M 9 18 20
M 87 84 94
S 39 43 44
M 51 61 66
M 50 43 56
S 71 75 76
S 10 11 12
M 38 37 41
S 13 14 15
S 28 31 32
S 56 77 78
M 65 66 69
M 80 27 89
M 102 101 103
S 25 51 52
M 81 93 99
M 98 97 100
M 24 17 27
M 72 73 86
S 5 18 19
M 36 42 45
S 59 61 62
S 89 92 93
M 64 57 65
M 4 6 8
M 34 30 36
S 12 21 22
S 46 63 64
M 31 32 33
S 8 9 10
M 75 86 90
S 79 84 85
M 20 26 30
M 58 55 60
M 44 54 59
M 85 76 87
M 11 7 13
S 23 25 26
S 16 28 29
M 63 99 102
S 70 72 73
M 92 90 98
S 2 4 5
M 60 69 74
S 47 67 68
S 67 82 83
S 3 6 7
S 1 2 3
M 77 83 88
M 95 94 97
S 35 37 38
91 191
101 372
65 5
71 6
91 227
73 3
28 10
93 7
57 1
90 3
76 2
9 98
96 50
48 218
85 22
2 192
102 45
6 15
17 62
18 59
20 9
6 194
49 167
32 7
29 20
51 3
9 214
5 188
29 20
42 34
73 3
77 177
97 291
92 100
20 71
42 52
38 7
88 43
59 10
31 18
6 30
47 10
57 3
101 457
79 257
47 8
43 17
83 3
33 13
92 18
77 153
33 26
56 103
45 216
97 182
94 145
99 11
76 3
70 4
76 2
60 156
25 2
6 70
60 159
64 10
100 164
84 72
42 42
31 7
8 160
38 1
8 242
57 1
40 55
94 36
12 86
72 3
74 223
78 52
84 40
67 3
3 372
7 87
22 7
45 122
69 3
57 4
13 47
7 27
88 251
65 16
98 64
66 25
62 19
100 492
36 373
13 241
36 65
102 143
16 82
57 1
55 63
19 45
5 50
32 16
14 89
21 11
36 254
18 20
73 1
64 1
25 3
14 163
22 14
46 28
68 10
42 48
64 3
89 192
81 113
60 107
48 229
87 55
9 121
99 77
91 62
6 26
82 8
39 49
68 10
31 16
103 1
61 11
74 126
98 80
88 133
65 2
11 109
65 10
31 1
73 2
67 8
10 40
38 2
16 33
12 10
24 19
99 31
44 14
53 11
53 10
73 3
8 308
74 202
54 4
6 39
63 15
98 115
103 153
23 8
35 6
78 119
70 1
102 5
56 66
14 40
19 42
27 55
22 33
81 37
69 40
46 7
72 4
7 109
17 59
88 224
91 135
24 18
6 38
53 7
68 13
6 125
76 2
91 189
53 9
80 117
102 29
80 57
61 1
65 6
14 70
64 6
87 36
87 74
71 1
39 37
92 34
4 208
73 2
86 6
44 29
75 4
41 8
5 175
71 5
68 11
62 8
66 19
92 22
2 48
56 417
46 4
48 211
73 3
68 7
55 127
44 11
90 11
87 16
66 15
10 121
38 1
67 7
27 31
77 248
72 2
60 180
10 12
22 29
99 180
23 17
92 36
94 92
91 25
22 13
73 1
65 9
72 3
99 196
7 46
68 12
91 56
51 2
90 7
4 91
82 3
53 8
49 19
102 184
74 4
8 294
12 33
33 22
31 20
96 122
28 11
88 118
84 78
25 8
34 14
94 106
45 477
70 3
32 6
69 14
53 1
72 2
17 67
36 156
49 172
21 36
63 14
89 103
77 131
56 68
21 51
42 32
30 115
22 12
99 188
70 5
94 238
66 28
40 15
63 9
64 4
39 16
8 140
40 52
55 14
62 16
88 143
51 3
81 18
33 31
85 125
47 25
57 4
83 2
15 4
103 274
2 206
80 100
35 6
64 8
65 3
98 6
66 2
27 48
30 149
44 12
54 4
52 5
23 14
41 5
80 13
81 113
82 8
66 23
71 4
46 22
67 12
48 65
76 1
13 54
85 57
17 68
103 925
102 162
6 165
74 53
82 6
81 60
54 8
23 22
36 167
12 14
9 177
15 149
53 2
21 11
42 60
80 12
89 23
32 9
37 5
90 2
67 2
20 265
71 4
83 5
80 39
35 1
90 10
26 9
75 1
61 20
43 11
26 13
71 7
26 8
56 346
95 121
37 10
73 2
56 215
19 84
43 13
26 7
57 3
81 28
6 25
41 19
101 479
74 78
61 5
102 39
59 21
80 4
70 6
31 15
83 2
20 169
12 95
20 288
17 72
59 39
10 161
100 130
47 29
72 4
23 6
82 5
70 5
17 81
74 74
39 42
16 10
13 317
60 63
60 47
31 10
43 13
66 20
52 2
73 2
88 221
51 8
31 5
65 14
2 96
95 81
90 6
66 28
8 231
67 13
82 4
40 45
27 79
68 11
22 13
12 76
39 21
12 77
101 481
55 4
44 8
103 797
40 44
38 8
51 7
102 83
16 45
80 1
68 3
68 10
10 163
50 97
50 307
47 4
22 32
8 305
55 45
50 208
46 1
60 30
19 2
48 139
21 2
28 26
33 41
82 7
35 9
8 449
68 8
2 234
59 38
25 9
88 111
43 28
8 207
5 214
15 75
53 6
64 12
30 288
7 130
6 63
28 30
27 4
31 4
64 1
83 6
11 6
22 36
6 154
73 3
45 180
73 3
84 64
5 88
65 18
19 39
7 15
38 10
81 109
85 91
8 216
76 2
99 63
11 38
43 1
76 3
9 125
46 23
30 230
93 45
97 130
28 8
7 60
49 46
40 14
61 19
78 186
29 22
12 90
24 20
56 447
10 117
75 1
46 7
81 22
90 3
30 75
26 12
13 289
86 5
55 131
60 146
29 9
82 2
51 8
96 43
81 19
50 432
4 145
14 146
90 10
44 7
61 12
6 102
31 3
23 29
65 4
72 4
29 6
44 13
85 68
64 13
93 63
87 90
37 11
13 122
96 112
55 61
20 243
16 55
103 402
44 17
60 179
85 122
28 42
24 8
39 47
91 226
34 17
93 102
50 259
7 76
9 28
55 35
78 138
64 5
5 114
35 7
65 17
32 8
79 158
78 10
23 16
88 92
18 89
67 13
16 20
29 17
47 5
2 318
81 17
6 176
54 1
54 7
87 42
99 222
96 45
54 10
85 14
38 9
35 12
33 35
91 244
50 258
81 63
79 146
95 35
98 104
88 212
50 477
11 9
47 8
78 40
39 48
17 60
51 8
13 329
68 13
7 74
19 89
11 7
71 5
100 103
46 24
73 2
59 9
99 223
26 4
2 413
18 8
11 28
56 23
95 75
17 56
85 95
25 9
98 97
42 43
97 327
76 2
71 4
26 8
57 4
100 276
14 67
103 258
7 189
75 4
18 6
16 85
65 1
20 78
80 65
37 2
23 26
9 66
27 14
59 20
77 152
4 82
93 66
58 2
59 27
26 10
53 2
2 62
15 107
23 16
81 51
21 51
18 70
29 9
96 102
91 146
7 208
100 190
51 8
20 313
2 319
70 6
79 245
58 2
73 2
52 1
13 262
86 3
7 95
57 2
58 2
59 19
47 5
41 16
57 2
10 64
79 269
63 3
59 35
103 386
71 2
4 1
75 2
36 177
64 2
101 70
66 6
19 48
58 3
19 43
80 82
84 92
6 77
66 24
57 3
13 143
17 46
22 19
94 18
99 90
103 745
70 2
6 202
60 181
75 3
88 204
40 15
10 228
78 193
45 284
65 3
51 3
80 88
43 14
33 23
25 9
89 59
96 85
17 36
57 4
62 3
86 1
41 12
68 1
61 9
37 10
88 158
22 34
76 1
60 120
55 19
31 14
95 47
41 8
40 19
73 3
63 7
84 98
17 45
39 43
24 2
12 16
43 6
30 274
17 25
29 18
34 1
72 3
44 10
8 149
89 160
18 31
42 4
16 58
11 108
66 10
40 29
101 662
56 254
35 11
45 109
18 112
84 72
35 16
20 101
10 146
73 3
61 10
82 6
78 17
40 48
18 73
80 8
63 8
103 719
77 14
68 13
59 6
19 66
17 3
75 2
45 354
74 159
31 10
70 2
94 236
67 6
95 77
88 193
28 5
71 3
98 96
31 17
40 2
56 166
88 230
30 198
65 1
36 307
42 29
71 4
13 239
61 5
102 197
15 26
66 14
100 55
61 8
74 200
56 304
52 7
63 3
54 3
67 5
89 158
86 5
32 11
50 79
62 8
94 7
31 18
47 11
6 199
7 125
19 47
99 120
12 13
82 3
99 197
92 98
28 1
41 3
34 9
95 88
28 6
9 23
27 44
83 1
18 58
89 66
68 14
31 1
46 5
21 17
97 309
92 13
26 5
88 68
26 1
36 32
100 489
6 162
42 1
92 48
88 21
97 22
58 2
32 10
66 12
87 141
94 274
23 1
24 10
53 11
15 89
85 61
27 98
27 60
9 85
101 362
83 2
64 14
62 14
37 2
48 165
56 199
78 179
28 41
26 9
34 19
2 187
26 13
33 16
52 2
96 133
46 11
39 9
37 9
99 69
48 79
89 171
52 2
65 11
2 167
67 2
82 1
89 164
83 2
67 8
78 12
93 31
81 99
43 23
55 128
47 14
36 207
48 153
86 3
46 7
8 215
89 36
66 3
47 13
5 89
62 14
32 1
23 8
10 109
76 1
65 1
12 80
53 8
72 3
4 184
86 3
101 466
71 7
70 4
77 32
60 21
78 194
70 4
94 108
62 18
32 7
103 437
78 3
66 1
45 460
42 60
3 384
51 4
35 2
61 13
62 13
25 9
66 1
98 17
5 35
38 10
53 5
50 440
85 113
27 79
60 26
69 14
8 94
29 16
82 2
81 106
29 43
82 1
92 52
97 31
38 3
24 10
6 187
102 231
47 12
49 125
9 177
79 80
62 12
68 3
88 14
92 114
55 68
43 7
60 20
28 6
12 8
71 4
22 27
97 289
103 463
67 7
71 1
9 112
57 1
17 67
97 288
87 139
28 21
20 166
74 171
