27
26
2
19
54
18
36
14
11
25
49
60
39
12
41
36
31
2
34
58
19
35
14
6
12
28
2
12
61
41
40
30
5
4
25
34
9
31
63
41
19
6
23
63
12
39
62
53
25
5
10
32
30
15
36
20
25
18
47
1
13
5
54
13
21
41
25
27
49
31
66
42
30
11
35
12
31
35
28
47
14
25
19
16
46
33
6
22
50
38
9
57
58
31
22
31
7
28
41
2
65
25
28
9
21
59
37
25
41
31
51
66
36
44
52
41
38
51
47
50
12
57
11
3
41
28
37
31
14
50
66
31
47
36
11
38
21
55
51
27
46
5
28
21
6
65
41
55
35
31
67
6
51
3
41
63
41
54
42
67
44
31
11
5
11
36
61
13
44
41
53
42
53
31
19
26
9
52
36
25
58
2
64
31
35
67
42
5
14
66
11
28
38
63
48
20
9
65
4
63
30
40
34
54
63
21
35
66
46
29
55
50
27
50
41
22
14
25
14
25
22
54
9
66
50
36
44
25
59
44
31
57
4
16
50
36
34
63
4
63
20
50
19
9
67
38
34
5
34
58
41
41
39
7
31
11
54
19
14
22
55
44
21
36
25
43
60
41
25
44
60
48
35
41
30
52
2
50
41
41
39
54
46
41
66
22
3
25
22
11
30
41
63
13
22
31
51
31
6
47
49
66
20
39
38
6
54
48
19
14
66
19
63
63
15
21
25
30
31
12
1
62
57
52
31
34
22
36
11
36
36
27
32
60
34
45
47
61
6
60
41
54
57
55
20
31
54
44
9
18
46
17
60
1
6
55
21
25
60
40
41
52
57
47
18
62
30
42
29
9
33
36
6
32
35
65
43
59
27
5
63
50
25
18
66
50
5
14
52
31
4
54
63
54
22
30
44
3
66
47
10
66
63
56
11
57
46
38
44
55
46
2
20
19
60
34
31
6
44
44
54
50
6
54
62
63
14
39
50
13
4
15
11
48
16
57
62
16
14
66
20
38
25
21
51
28
50
25
21
39
13
63
38
31
51
66
3
30
60
28
22
4
11
54
12
31
29
9
63
66
3
36
3
55
35
4
15
27
31
38
41
9
47
14
36
52
44
22
60
34
54
63
42
21
9
15
40
27
27
36
52
58
63
18
38
25
47
34
37
54
3
31
26
8
58
46
33
55
22
9
25
4
3
25
15
31
31
43
47
55
14
46
60
34
34
41
41
3
6
6
67
39
51
45
34
48
43
1
18
18
25
40
5
51
43
60
31
12
46
26
20
6
44
14
31
31
50
25
3
24
7
33
46
22
41
44
18
65
66
28
56
49
36
38
4
62
43
48
66
54
12
13
57
31
60
29
31
59
23
6
31
44
50
14
52
37
15
25
41
31
25
51
26
22
14
44
3
11
51
31
14
66
48
59
59
21
21
31
41
50
47
48
25
11
44
58
18
63
22
29
12
14
66
30
56
18
47
44
31
27
53
45
9
31
18
34
37
25
37
40
54
11
27
65
26
54
50
60
11
14
60
61
67
38
67
6
39
26
31
38
31
55
15
23
9
67
21
66
1
22
40
60
3
39
11
46
14
30
39
42
2
36
57
26
35
47
66
35
41
15
15
31
20
24
54
6
63
52
9
57
12
55
28
44
41
60
9
38
46
13
50
27
23
19
20
23
64
4
47
14
6
60
41
28
36
67
12
32
63
36
31
35
7
46
31
26
55
12
12
6
23
41
38
62
8
32
51
23
35
44
66
63
14
7
3
7
39
3
25
55
36
33
63
3
27
31
58
38
22
18
31
6
55
67
31
16
51
34
9
55
32
42
6
63
39
3
16
50
16
52
60
41
16
40
64
14
6
55
53
50
47
67
53
37
26
6
46
38
27
31
46
16
9
44
41
22
2
6
18
12
38
5
53
2
18
44
38
15
51
54
49
50
25
2
31
18
28
44
13
20
6
1
2
11
61
67
37
3
20
51
14
63
39
66
8
63
31
23
41
54
37
42
18
15
14
47
18
63
66
19
20
57
31
41
48
41
56
31
16
20
28
36
41
37
14
59
3
34
9
9
64
29
26
5
60
26
11
61
44
66
14
28
25
44
25
32
18
20
32
9
25
46
50
32
36
34
31
52
50
34
47
8
66
57
42
46
54
26
54
17
21
24
52
28
45
43
57
36
66
40
36
25
45
20
11
51
14
41
53
50
43
60
6
50
23
39
64
42
7
21
67
11
15
60
50
30
66
41
4
41
21
57
34
66
31
34
28
50
6
34
