3857
6410
388
610
4546
6570
3907
5794
2201
3916
3863
5557
2009
1782
942
879
1395
4980
1955
784
5424
4493
1186
6665
6744
4501
5774
4549
4496
1240
1433
2386
667
3323
2230
6234
163
3108
4022
4343
1503
5806
1295
4783
3085
1090
4278
4496
2424
2581
584
6049
1950
25
6646
1124
449
5248
5442
5799
5594
5991
6467
6351
3529
5978
2455
1157
3397
4835
4254
3839
2005
420
1796
1378
5171
5242
6068
3605
5379
5108
2198
2634
1675
2590
6672
6765
3826
5674
1698
5379
4711
4967
2469
1624
2098
3190
4194
4039
4152
3046
4736
11
3261
6727
1828
2710
1620
754
4600
5665
2520
1580
3982
3296
5064
1991
1626
3396
3357
2071
6661
1808
4709
5311
4726
5005
3199
6582
4955
3872
359
5919
5119
1612
2015
1987
358
4106
1080
3837
3548
5036
2813
6277
4743
3345
2266
2843
6012
548
4766
6327
4844
1945
3842
2811
4256
5513
1175
1988
3722
6371
6779
2741
568
2276
2079
3527
5294
4164
1542
4637
4402
2639
255
209
405
674
946
5434
5394
6431
987
1458
5454
1650
3138
5632
5558
2172
6289
3081
5998
747
541
4303
5748
6127
1551
4161
4473
5042
4953
1509
6587
2047
176
3625
2564
3146
6128
5558
5975
5024
5632
11
2129
4296
4687
4638
1842
2742
4954
834
3438
4915
1047
564
4853
5698
4258
4623
6466
3605
696
5557
783
4669
19
6769
387
3857
5283
6594
5173
3798
1691
548
4535
2033
2063
2546
1753
6648
2578
6520
6221
2805
6008
681
2294
2674
206
1582
3881
5887
2551
5074
1146
1115
2770
740
465
4695
5708
835
4149
2754
2644
4624
4356
3690
438
5048
5207
5015
6134
5908
1215
63
376
1137
2507
2645
6090
1073
423
1892
4379
1028
6234
3097
5022
4607
704
2285
6302
3919
1175
548
5026
3559
104
2011
5557
2226
1364
3900
5850
3109
3095
6469
5579
1095
3016
3387
1576
4256
5986
5672
1859
979
5771
3931
3596
2496
3980
161
3097
4354
2231
5496
1893
6724
2913
6530
5924
2325
176
5115
557
4338
186
2735
4267
2875
2588
3120
1156
1024
6496
279
5722
4688
842
506
1526
5653
5067
5178
3346
1201
6421
2138
5125
5479
6026
3227
6122
2358
3394
4351
1323
2462
4845
1526
667
3753
551
3340
3009
5066
313
4711
2683
6708
25
1576
2484
1415
3074
1555
2155
1930
4568
6116
1974
6139
4679
192
3032
4674
3774
5991
658
4706
464
2421
3473
3768
4860
1014
5055
2285
4172
6334
4917
3760
1626
6100
546
3402
2092
3051
5572
3257
1327
4440
982
1048
1248
5436
1967
5168
595
2733
4035
484
3253
1398
2066
775
6532
4434
4350
2521
6683
3198
2666
261
3860
4422
5204
3330
3904
5156
1179
2588
3303
1967
6180
941
3520
825
2720
3154
3683
4924
356
351
1731
3204
610
479
6712
2588
2155
3355
368
5665
46
3482
5375
3161
6238
5233
3740
3340
5311
3647
2783
4096
2874
2389
1413
1424
952
595
3571
3227
1499
4159
1122
2966
6620
69
3940
4504
4153
2545
6490
3252
3874
6725
2096
2542
5722
2011
3422
1486
4706
4686
6478
6584
6500
1976
5434
5378
703
3097
99
2551
20
4583
3704
6775
4697
5193
1137
1008
1882
1948
5300
2963
4721
4636
2476
6101
2498
3355
2898
5057
4652
458
5073
4442
6582
3568
1221
3729
4484
5443
5432
25
2605
4197
6466
3536
717
3368
2684
428
979
4363
5998
1681
5145
2481
4375
6178
3714
1455
5204
6601
6537
5810
4361
4721
3327
1072
1913
5379
2526
4263
6100
4377
5982
5904
1134
1266
6288
4716
1822
3916
4470
3510
6055
328
1113
3413
3045
4650
3000
2198
1230
2074
4153
4567
6351
4069
409
4087
2779
2195
2618
1570
4120
4611
1003
268
6653
1261
4012
6784
1789
5473
3863
6648
5184
5570
4682
1691
6518
169
2043
6486
3456
6482
5102
5660
1861
1031
4240
3518
2593
5808
1090
5302
1064
6030
519
2330
5722
1976
5705
3978
5434
5531
79
488
1148
4906
3589
3330
787
3439
5190
2316
1417
4971
6304
558
573
5722
4397
191
348
6421
2090
5402
975
426
5379
5714
5674
2941
5722
5082
1972
3911
1439
3870
2074
3222
1976
856
6198
5129
5748
1582
2555
97
1899
2126
2454
6614
2588
5248
6163
1106
5279
6088
5357
2447
2650
6787
5867
2436
3847
2302
1906
5732
2115
5752
1499
3860
3097
2731
2089
3225
3490
353
6040
2787
3669
3340
483
1954
4133
1073
3423
2891
3803
4823
1336
1761
5435
1626
6758
3234
6105
4311
2917
306
1326
5434
3982
5719
3247
4532
1618
2569
2684
6427
3178
3978
2098
4033
5714
1650
5177
4145
4648
1991
5284
2130
6489
280
2296
88
4263
3271
5123
3004
1445
5698
3162
6622
4125
3689
2604
4167
3750
6077
1058
2155
1669
242
4797
3367
336
2756
5507
6332
6533
165
2874
657
6472
2449
5062
45
6072
6315
3163
5837
3526
4211
2035
6754
3330
376
4050
1548
6055
3461
5998
6097
632
116
4660
6600
6248
5022
244
4985
2902
5210
5057
2911
3550
298
4674
1684
6723
4920
438
1626
2951
1970
5051
6303
405
2833
32
4419
1179
1110
5040
3292
6639
2304
588
5272
248
36
2650
1270
4303
5190
2436
235
4642
5327
6137
2011
1613
5349
1280
3257
5412
3869
4121
3190
3079
1912
2338
395
5892
1077
2647
534
3443
1718
15
2523
2244
4421
313
5119
1438
6101
3292
5173
4835
5384
3125
3770
3564
4810
5589
4565
2245
4766
4908
6769
4603
5277
4100
21
1491
1347
6334
466
2833
946
587
5928
5820
4996
1437
299
4002
5931
3212
1261
5008
736
3227
3384
2162
2874
5928
5218
6276
3845
2834
722
2861
464
6063
4550
4145
6285
3339
4650
147
3144
375
3884
6530
5534
3303
2588
1361
610
4980
6101
3560
292
6354
5205
5597
3093
1246
462
1584
3629
