187821228
366651030
52852727
308067944
354657940
232789970
421616206
283181248
792111684
852513733
324668148
429039954
767584290
796252534
699591398
425184006
302588861
59135876
110071181
844739244
864085254
363892328
273236460
439943138
177830156
711773080
883025868
295196499
273307628
879769376
490021894
735951575
308680886
436500492
574443101
391597692
407533958
796804940
841221732
759240324
803660063
479206532
177087488
413928096
661349678
198034597
424948612
491695272
786302489
546935173
409427082
601006872
188725412
94112589
347973580
527104241
127962988
884678912
227446444
764338106
622880069
480502024
848967994
803522933
420117843
584831770
431940198
515220888
382014894
779009228
730338370
324196790
780294102
116873196
795042260
865284536
88456366
605349743
510602374
47464232
799370948
288193654
812481772
611592812
544629652
331905286
125699340
53341749
58465825
465385645
304332281
451825620
115651950
637480502
65554752
117350124
87656044
231184134
520275180
385471516
731634551
465158227
752665141
212069412
465802212
424980691
5950964
756205333
140135122
840049996
591416460
315987362
743129642
16346708
749344036
731648200
380590350
165973120
208858988
657163288
838237205
20274985
846806889
794838380
382554778
647773702
287249249
821688486
719706732
707579937
586881804
686370490
502158760
530452
745012004
48557317
514910482
256345108
655257836
349948615
744814978
466376718
457884310
49437874
95145959
512756917
241911339
689453798
812708993
748041260
796021326
612402658
601052115
257212243
209177001
329394834
707921413
274316156
649974267
808837820
135484411
319421132
256997772
851545452
353679276
500485866
819450011
108214288
98246847
358009806
237757500
152014313
801726101
805511046
75297253
808979302
217350196
147606828
553460244
431078764
808068691
95481900
411757526
256980068
102492086
77453509
754817618
251087090
450360789
758773880
253275636
195513130
850877637
702984652
652470903
628172564
806126313
263495174
827555597
506671853
465580938
41999064
253934148
159381844
231098743
653117051
857314482
725190940
104890506
303182446
402734540
159585516
62743129
472937876
711298555
546944970
757211046
388644088
857874732
478615361
81940213
474078979
883387751
489911492
565138115
889445131
312764166
422596807
200935294
74818612
32382701
186336150
699439172
288804874
297506836
364145235
185387381
63519980
748352342
724564048
564199471
873289772
775400423
302964744
483841046
859637528
331896150
274788626
133627479
701727028
340335932
361213451
469038310
867363078
342910301
201751959
91006276
720150929
425401250
109019380
609697516
32469236
675150332
139915756
427973943
851010725
454553627
819196036
158122827
496967701
451271080
150492013
175681316
163834399
504125046
554792150
452633028
126171134
889160822
748700996
719372523
416791802
759267413
121123571
430469879
66582700
102485697
602944716
496161900
552197172
541995434
397929119
99147259
16554036
442629228
340269143
521465792
213598671
240503062
489073196
793686565
4509302
829969058
483320517
865298887
780604247
37773559
211249220
860956804
225405520
483201145
563719012
727942654
295815980
433456168
668482210
140402540
425252902
480625340
406359860
53225199
120058426
842422719
451694918
379249654
36383559
854030316
379895335
135670864
561374324
244940116
403905786
117517164
352158163
133641814
118271644
557368492
797873239
718845580
640363685
620014576
289285484
712458772
589875392
242529621
396769611
756234832
667182064
310836607
586721606
883991895
812940470
751206582
465424480
30438204
693890380
225204886
702539036
846724690
571635269
720361732
532211999
321455740
7946786
622756214
47227732
710502188
726461392
438617399
532390248
759429750
398419038
289866651
12235106
457903067
491569205
302266609
880592136
815784140
664845749
604823997
324475220
591447970
746126965
532308392
621715237
62165987
294898924
79833256
170323851
47226790
874887020
161958610
773407386
693252908
550024936
199552391
869518738
336244266
307376428
698870454
291032396
323568080
35878737
84296896
179496570
46837704
38114267
468733410
726879439
6876437
60700309
857390724
316546632
221398616
886289334
27916201
420996560
667774837
806095164
77918804
408216474
362799044
288023644
89130629
96753447
435338509
112096539
605449127
603269946
782482005
50719036
741434338
889201260
571709618
835976170
480554328
776632200
853757160
667854426
139859769
125350131
534985468
205147528
314764210
783283188
322738644
742307245
342323382
313216840
112207291
329572134
438956550
116048140
763528329
590153550
876594258
206027116
736031656
210736208
761575703
50718096
689762117
622393685
627873736
570708538
339640188
656392012
885038444
729940149
91379369
674019094
180259504
186358858
345732340
101749196
728907852
772544771
289634604
591719050
470140690
567034150
421033556
668906388
116078232
182883732
637284037
82772613
817918668
661922404
769369622
474852071
528088568
444903668
758593061
567494768
485881508
108269197
202221888
247103810
683430988
314762230
663818662
624133305
227292528
357260278
689921312
21629204
316547258
856295638
198885384
614230952
672977380
673183687
419551404
796182476
701332124
838688894
267474829
381791847
727014277
715368406
848618866
710888242
520107434
547826358
665047323
652093948
697731670
753137577
607846996
371004109
410272236
59249234
501374314
786894122
50769836
358998044
11898353
504222773
765542621
27677332
827607838
838322819
159705805
639676985
779561765
327537798
72681836
495180501
775361992
216940479
329251745
421144705
46964001
512287889
857982327
513941813
692967764
260438312
573937576
826751681
508987115
259777722
45183448
504883508
881025264
806111911
324498470
809791397
486352606
589640911
104945533
615028294
739446599
610615121
140157027
257075091
885426229
572425876
57277787
302498796
577879218
548166538
660619332
589322524
831601430
585213964
169404548
23952557
488227554
874864421
443342071
43913537
737090996
546491718
755316309
705040595
712325699
795311338
644186539
154399306
15284331
64640869
46165742
267223340
720991765
588774316
190546828
823643497
223404160
479088237
105557093
293133967
670510501
732421541
764747404
558231688
108343308
645219268
889517836
356983252
155991376
166611164
205721962
864146405
40603205
603156020
10207100
712453678
289584278
787022188
34356972
363749307
381758952
222383840
866814340
873737878
371734646
872070693
212198956
109009180
582477683
214991392
870525932
388473639
368974416
510294772
426375972
239766493
517768218
133992951
812377936
585431285
685248230
560111546
172200048
178310075
205602068
379511738
449908422
305444120
713554484
130997571
204449032
643830652
788677497
237104470
62710949
692122736
824878405
324186106
330437396
293079963
26391256
695512859
497793276
670101171
29860109
889966897
156999739
344105996
447788162
478968717
771090560
169917611
472474085
197929252
421031442
319142284
687560740
753949996
29542151
688845560
283115496
732981007
669020756
796710116
172518217
338809444
184549072
639449244
306993014
297086531
32047432
524111022
350664530
315200073
534544565
713361474
325550615
66320095
252626729
826037610
786243904
669277068
107587978
858538034
445031187
444665036
14330729
410690612
641920120
354536616
136466556
88517228
354589591
889561568
388388618
599928556
604169267
777794868
867981861
297816031
820154260
46444352
502860914
146720519
405711767
581185633
265029676
158280191
250251111
416076031
374673252
774203382
683394148
3081270
154795892
444046221
10
218094260
97903790
230277389
178098156
336678128
694717804
156640492
761560701
45489713
151632474
272437080
611243109
797740084
681609583
273266623
347041742
616651891
160567760
632499826
178807961
821914395
113564376
49956460
168545698
795157526
30425932
515416764
334801526
826183942
518112989
121103862
609440693
846047546
803212576
149849624
528349676
418227402
84709243
168096020
778739013
49418264
710883820
483039468
799661264
91010873
363621094
181717802
685237720
698650296
392495288
57376268
723295911
690314380
392371020
864358980
854975820
693457082
586864788
795785524
474947772
839008997
476619061
556080836
351468669
48590267
856724850
34244978
609690185
33226480
839885812
729394485
240621273
10180513
231143092
802425868
641776363
65228781
14873489
319921144
595003206
383805489
608512549
55511319
64570501
54451896
823443565
719572326
499225740
330356500
204928981
90271088
352716610
267477494
500345288
1354826
458674223
81037922
785350996
191388073
728911505
436205844
233434860
841287622
330423433
706596947
9700692
71099102
439276444
205008534
658732533
346947659
166561474
664519248
736001707
708655972
486302524
723585228
470368940
651995446
612124383
889541917
591711404
137578870
760383068
861367166
486620992
571609228
204269053
814037420
512097926
577400882
182759260
240005448
485038762
569136904
568606596
807847958
660795528
725519720
43334296
369972724
44397870
755131813
359498660
843940901
379560052
38793199
471902700
277037694
690410604
817927100
428807500
847159084
30531173
651251592
81661509
770538469
757472164
32137196
776267452
465889492
56710827
609953001
328146135
310686361
353776680
491819116
3337992
707891236
530645961
505104664
883102150
865223307
864804517
641932508
750968382
203019276
84185388
597174652
472415302
601227352
688538264
833534800
421062487
2230193
1175700
535994284
530362072
353211537
355775843
860752567
140998348
841777617
81973417
101773822
590772725
365866722
733464412
629212610
470642806
656783836
697547654
32442413
815174250
856064597
607764690
439801926
837712154
777832500
644440938
866068130
820438124
706999002
608005356
541412310
136711063
587351932
765601511
414088854
629340239
813553634
597613874
850019733
348114080
32169556
584600212
205168041
445997483
818390008
296993452
591128625
562839417
598355718
575606188
36073556
692487006
601444501
39068160
87636637
269944202
607386512
593874636
205315566
231447535
451548254
72392766
820836741
879998496
217326822
