518
1254
1652
639
549
1580
805
1820
2180
2193
321
1531
1483
2313
2372
581
2321
1378
853
2267
1069
2394
1704
749
155
654
2339
1434
1321
1659
1691
2042
2345
1062
1948
2093
447
1571
284
1973
2209
1713
1355
1997
1789
1754
177
168
685
559
341
386
179
759
973
801
585
194
2349
1028
1397
954
310
1909
2017
907
856
2075
187
1745
75
2299
426
2121
254
1403
843
2249
293
753
1079
2227
2355
809
550
2323
1277
1245
1921
405
562
225
1979
2085
109
7
1311
551
2293
107
574
1889
499
2323
979
1374
2017
2282
83
1277
1150
1636
2253
1508
518
1851
1639
1461
1893
36
1826
1332
789
629
1235
2221
1533
253
1790
1094
2389
1001
1031
49
917
720
1135
1657
1341
2308
1710
2080
2183
1324
1134
734
2030
2357
994
138
1225
1149
305
1998
891
1820
516
325
567
452
355
2157
1507
111
985
2313
493
2158
2249
1538
837
662
1467
1901
1908
1411
1301
1677
1753
1867
518
503
1453
2272
1669
89
2307
176
2175
980
2025
2146
928
121
705
958
827
532
2065
898
2045
2053
455
741
1356
463
2262
579
372
2043
2241
399
147
567
500
885
111
902
535
1920
1505
1152
1618
1606
1514
1544
1278
1
1237
1729
1065
1862
1463
1527
2385
1179
955
925
1917
1386
709
553
359
111
1348
1947
409
125
406
1616
1374
570
455
293
2143
931
386
2373
1265
2093
1089
1139
2169
2137
2325
1893
2207
315
585
1709
1681
568
885
1669
1195
1806
1118
1715
1353
784
2375
904
1219
1011
624
376
1169
1940
633
662
1701
779
368
1651
1755
1850
1603
407
375
261
1362
648
831
902
223
1693
1334
2275
921
1503
2357
2019
2357
205
1211
361
1136
2367
341
204
1821
390
777
807
1764
1021
2111
194
915
131
822
1600
2376
1617
320
1095
1591
1797
205
2137
1273
2179
1705
1928
551
626
449
1405
1504
200
40
99
1715
1299
369
965
949
1477
736
1937
2140
1500
1028
2298
1163
650
2125
1464
829
1124
1697
510
2281
1889
1322
313
1057
412
466
1045
1135
818
1267
1607
695
1989
1245
673
1654
1481
831
370
200
67
2082
351
2153
2141
1428
1536
359
1045
711
1060
2059
1302
149
2269
1315
1128
344
289
1023
575
665
1117
1205
1359
2197
1499
1517
2381
1187
253
2296
1699
253
715
801
827
1629
1214
1279
1326
119
513
363
1593
1990
285
245
1845
1269
1242
645
2189
1502
1213
1086
999
2150
890
265
1941
223
2178
1761
1547
2120
2343
2169
1339
445
834
1166
391
917
1311
1685
2303
103
651
2213
2079
910
1987
583
1203
2235
651
835
376
1240
1751
1961
371
107
1668
1618
819
1281
1470
2250
2184
463
1328
1013
2346
233
2331
109
1350
1574
169
2386
643
306
11
1845
1687
1865
1687
95
2371
2005
7
1283
1433
1485
1551
1656
1117
1025
1685
666
57
2278
7
530
1169
606
609
1422
1187
2053
1935
747
837
1127
276
1823
2117
1053
482
1591
2386
2025
1617
400
237
2181
1388
2005
1009
7
1720
2089
2019
2210
1548
2347
1125
543
1386
880
1585
233
993
332
283
786
2113
2197
367
1840
2143
1387
399
727
832
1111
1181
1574
1397
883
2265
305
1179
944
2295
2240
537
441
533
1473
981
1998
2155
1524
356
1171
237
627
1051
1625
1295
2375
369
1383
2187
1367
782
2051
1429
2297
917
1577
1304
415
1723
1246
562
2229
2358
1611
906
193
494
1061
701
2336
1173
497
1221
1555
1480
1363
41
314
525
2046
2303
1429
1476
1212
1049
913
1459
1367
532
1345
561
2385
107
1880
678
1122
2080
1263
1525
2069
2279
668
559
925
1949
2249
929
611
2381
1176
1601
895
973
1014
1473
1350
848
2268
1727
1333
1153
2295
390
487
1901
1237
933
1334
2030
112
533
347
622
23
1167
511
119
935
1019
1869
444
47
841
710
2321
635
325
1269
2
2066
1589
1105
23
2169
1703
1940
1811
101
1873
1113
114
2329
2277
58
417
1261
1042
2017
2054
1987
1367
1950
1694
1467
761
125
2282
1645
2145
1182
1331
1973
136
327
266
1886
227
1772
2219
817
2082
661
1473
2339
1147
1888
684
1929
1151
406
917
1387
1123
309
893
961
611
2001
2301
196
285
625
943
814
1618
111
127
1044
1389
1289
716
2256
1403
691
477
1113
5
2171
768
1957
2281
44
79
1444
620
892
502
796
83
1213
1993
1605
2391
1525
1589
600
409
1424
616
144
1605
1515
1763
46
473
2087
677
293
2277
2063
1643
220
617
839
1922
1717
1518
987
581
1815
393
1178
1900
1819
1321
1771
1203
1949
1728
1952
1700
1
1363
658
1444
1574
126
1041
1365
103
948
699
127
444
1182
300
1611
432
1657
1417
947
2334
1613
2333
1843
1982
1329
1535
1112
587
2242
2163
2295
103
1216
1178
1431
2158
342
166
1900
3
1777
75
1737
363
1465
1529
61
1155
2049
1831
1900
1323
1103
2228
1917
1627
1817
1238
1367
1672
150
755
1135
2196
1222
1569
1700
1886
529
682
1607
986
701
833
1887
2051
891
1331
1088
769
315
1089
2306
54
1073
573
59
709
1969
1617
2277
527
1889
2384
1000
750
885
443
891
2008
1040
2207
777
2359
2340
2031
1466
1491
2094
11
1070
1254
1011
2279
1887
1381
1477
215
1349
769
521
2080
1983
1974
2324
1531
439
1580
137
623
1057
1731
2086
1831
1608
2312
516
1162
1749
821
1731
1373
2333
778
457
2190
2153
81
1687
284
1819
642
1782
2273
864
1693
36
