2713
3135
7424
8962
5813
6814
8984
9112
4565
8002
2752
6949
975
2763
2107
6221
9050
495
2941
6690
9368
1009
3343
7504
1018
3288
8002
9263
4017
279
355
8112
3042
1125
2965
5951
7687
4288
7233
6848
769
499
2658
6080
7398
6594
7170
8230
5953
8148
6848
5050
6848
6431
4917
6339
7631
2769
3263
2243
6046
2659
3906
7760
7614
3968
1792
2370
1055
7776
9253
7135
9026
2637
6361
899
8896
7558
997
4011
239
5592
275
740
869
8002
9312
3111
3762
2835
449
8676
8800
7077
6569
1704
1635
6842
991
921
4581
5845
677
6226
3239
7694
2373
6577
2137
5421
1472
2752
6039
6933
4482
6663
5138
54
265
3360
3903
5544
3141
7917
6161
3776
4930
6223
6407
3147
8011
6365
6325
2650
6039
3074
2117
4864
5187
3343
5665
5540
9088
2914
2370
7564
6954
20
8287
4133
1081
6965
7716
6159
2882
2119
1447
4133
4934
3409
2165
4357
5600
2946
4930
5088
3519
1187
6466
1811
6470
5824
1268
5463
608
5639
8907
3551
5640
2897
5794
5727
6944
5882
9141
1060
6722
2107
3394
5709
414
6978
5858
3296
1748
320
8512
3654
5718
8291
4376
7230
3376
7426
1717
4432
5446
1420
6048
560
1200
5954
6719
4417
3177
5641
2423
4405
6932
6681
3906
5621
1329
6752
301
2727
8816
7008
1764
895
6880
5809
2786
7211
4288
2775
9361
8416
3542
4824
6146
6854
8822
6800
5394
8896
1488
4724
1973
3936
1773
4150
6914
3687
7216
1728
7634
1664
504
8002
2991
8576
2269
8960
992
9154
7382
8763
2511
6869
6848
6055
1529
3368
6229
448
2882
8930
3671
9031
6422
6181
9256
3919
6848
7503
4807
6496
4351
4374
1211
6752
5255
5023
6997
450
7333
2102
4607
5525
7111
8160
6860
5346
2343
2539
2895
3223
5570
2752
5743
6022
5717
4367
784
1556
2043
6505
4151
6312
8357
1557
5602
8677
6438
6117
8336
1988
5761
6466
4736
9090
613
7104
4421
5592
9341
3910
8560
2880
1823
3850
8237
4005
5959
4369
2139
7486
2219
3426
7841
5685
4749
3064
5536
3396
779
7561
6655
8837
4847
4451
4037
784
2465
6741
100
7065
2928
5056
4960
4246
8960
9323
2141
2564
3682
9026
8800
15
2294
175
399
4439
7922
9093
2132
6638
2600
2016
5954
3938
1360
8896
671
7983
8742
5770
70
2363
2887
960
6690
5568
4800
4631
5536
4079
1573
8408
912
527
1303
3679
6706
3101
3394
3650
6956
7938
5504
2722
9086
3730
2346
2928
7176
4517
3424
4418
6848
6475
3551
8032
9297
7104
2098
3279
7328
1032
83
2548
7957
405
6809
7597
7446
7460
6390
7509
6912
7648
1110
4446
7909
2062
4598
1407
5392
3668
5833
296
5466
7771
3595
2210
2083
4370
8007
4184
3182
4800
3225
6683
3090
3433
359
11
4074
2110
6422
7430
6034
988
5931
8881
4809
5632
1923
7683
5535
6901
4704
2538
3936
2530
6815
2699
1048
4175
1113
2597
3453
7391
2008
8524
6075
2213
6402
405
4390
8319
3006
2873
4003
6226
9249
6848
192
3609
7819
7200
7265
5218
8727
7569
5281
7392
3986
7776
9001
1541
4546
8992
7234
5536
4707
8429
1427
7874
31
5932
8101
4239
1187
9272
5638
6367
1083
7336
3489
5445
6502
5455
9223
937
3330
5743
6294
7826
3683
5642
6381
3948
7668
4053
2039
7552
7047
9343
1887
7287
207
771
1679
1369
8069
3173
2882
8719
2880
36
4255
4130
3298
8706
7216
2799
3223
7929
5684
6711
5849
2786
5856
5854
5663
4721
5769
363
6848
4448
4576
8896
9346
2807
6466
8292
2132
6353
2313
6743
3187
8192
2963
4
5378
6946
9135
5688
6752
8160
3124
114
583
4619
142
4453
7205
515
5954
3583
3695
581
3650
8006
3513
3067
7493
4262
3584
949
9288
7794
9358
8309
8505
7221
7687
7872
4567
4127
8896
641
8213
9008
2786
6880
5537
2784
8608
8424
77
2463
3534
580
9026
1391
3705
4994
3209
8514
2454
8830
1183
4579
4548
5943
8792
1720
1204
827
8595
9332
5730
3915
2914
7052
947
4695
3049
8792
3847
3654
5226
3702
483
6240
6953
2356
8095
2791
6865
5079
4443
1635
8050
1436
8815
5455
1106
8594
1819
8718
7237
4785
2185
5159
1712
327
3485
4704
3368
327
2326
1169
5312
8884
1752
8999
6608
8998
5579
704
3202
6280
9255
9056
2448
5954
1349
2725
8503
233
5471
6752
8002
2786
8384
907
8276
963
2385
864
1487
5312
4288
4482
985
9312
6626
6149
4556
4210
8896
6018
2402
3906
6978
537
5217
5170
5350
3127
5760
3091
6566
9350
7009
2370
4486
3682
4482
3856
8384
7647
1125
8540
4431
127
5328
7183
5695
7128
3915
8057
2496
69
743
5832
9152
4180
7344
984
8777
345
3328
3490
3737
962
9225
5312
2786
6080
1860
753
6866
5154
6495
7731
7881
3239
6870
8830
7682
1878
3264
8519
2597
956
4418
713
2127
8242
3362
1728
640
1349
5253
6256
4846
8902
2310
5445
4255
5325
6073
3763
6407
5699
1688
5042
7138
7598
4630
5781
8162
563
6565
3155
235
4005
7095
2390
1623
2949
2147
5328
6848
5648
4890
192
5184
327
7559
1986
175
2109
8923
6208
7501
8656
472
4730
467
215
6615
8183
7941
8002
1094
7423
7129
2708
3416
5557
8000
2987
1148
3394
8400
739
2669
1685
2099
207
8432
7956
4832
8063
1881
1783
4058
7490
8578
3352
7154
6631
6006
8080
2181
5954
4975
4025
7279
7381
2346
4038
4839
7104
9111
5279
2272
1223
4905
8565
1243
7909
1643
7246
6977
8764
2752
5509
2605
6313
4565
2463
8752
1525
7384
1819
7953
9271
4678
2596
383
6848
1208
6690
3174
4263
7778
8406
5104
6911
2514
7255
1984
2616
7767
2473
1920
903
2533
6242
7055
6112
2063
1570
6267
6845
5045
8213
2958
7654
4418
6807
6070
2803
1855
6812
8640
4512
5728
7699
707
3334
5954
1856
