4527 9 1000
M 9 3 11
S 4 6 7
M 13 12 14
M 5 8 10
S 11 12 13
S 7 8 9
M 6 14 15
S 2 4 5
S 1 2 3
7 566
6 513
7 191
13 1143
15 1560
4 230
6 188
15 1411
10 532
6 428
9 13
4 738
14 86
7 378
4 879
11 1509
7 4
12 1104
5 577
4 428
6 262
3 2106
15 797
12 913
10 628
2 1549
3 1943
2 1356
8 125
6 315
6 548
2 1715
12 1258
11 318
13 1255
7 218
13 469
9 29
9 73
5 458
15 1222
12 899
15 3096
6 469
3 1431
9 222
10 217
10 120
15 732
10 137
13 954
10 328
9 132
7 482
2 1742
3 369
10 1235
3 840
12 729
4 727
14 329
5 103
2 1764
3 669
7 559
15 1
15 1301
14 2251
5 552
13 175
14 372
15 2291
5 195
2 1434
6 9
15 446
12 456
3 1736
6 216
4 338
13 152
5 75
10 130
3 1207
8 116
7 103
10 304
5 700
15 2003
5 937
9 67
11 951
4 803
12 707
9 220
14 215
14 1433
2 1169
12 240
7 145
9 200
15 1732
15 2205
2 1165
12 737
3 1197
5 860
10 152
4 1018
14 400
2 1808
9 115
15 854
7 454
3 2184
5 11
2 2257
14 373
10 384
8 233
14 1340
9 7
10 1323
14 2012
13 320
2 716
2 1126
6 71
3 1865
3 1185
8 144
4 386
14 2396
2 2204
13 1031
15 889
9 121
14 733
13 1028
14 1189
2 285
6 504
12 1266
14 1270
11 2487
2 308
5 411
7 103
15 933
13 160
12 631
2 631
9 37
5 245
6 359
10 418
6 143
14 1775
13 901
5 405
7 34
11 587
13 1214
9 222
6 520
8 92
10 1004
5 778
13 1111
2 34
8 89
15 296
4 401
8 211
15 1498
13 870
4 94
11 357
2 1152
15 1501
12 145
4 327
7 69
6 410
9 23
8 208
15 1806
2 1339
4 85
13 877
9 4
8 246
7 133
13 1256
10 17
13 971
5 840
9 201
9 200
9 146
3 1699
11 1816
4 860
5 86
5 567
4 121
3 230
3 573
3 1956
13 571
5 872
11 751
9 99
7 142
11 2213
10 171
5 157
11 201
10 1100
4 546
2 1122
10 925
13 280
4 91
11 25
15 2085
5 29
9 2
5 188
7 293
7 102
5 418
12 186
7 282
4 627
6 206
7 254
4 1018
7 160
8 25
15 2620
2 659
4 212
10 453
13 1020
15 426
12 413
14 670
11 2039
2 2114
4 523
13 137
4 6
14 1118
9 23
14 474
12 485
6 468
5 725
6 112
9 58
7 263
14 2062
8 213
15 764
3 1858
8 84
6 385
10 861
13 70
6 504
13 552
6 424
5 509
13 486
12 604
8 229
4 796
8 105
15 914
2 657
7 7
3 1928
12 669
3 1643
2 1556
14 1854
10 959
7 63
10 258
11 2336
11 382
9 125
15 256
13 134
12 961
6 425
5 829
7 44
8 96
2 121
8 3
5 294
6 119
5 956
10 423
7 76
9 207
10 1267
8 137
15 583
11 2143
5 99
2 1873
15 2784
15 884
14 1760
15 1288
9 182
15 2711
9 200
7 95
9 121
6 464
10 3
13 1266
10 121
9 182
14 1681
4 573
12 876
2 606
4 147
12 615
15 2330
13 1075
15 555
3 1540
11 1722
15 2671
12 538
6 246
7 462
14 486
3 386
3 1380
5 588
10 814
10 896
13 188
10 140
2 1167
7 204
12 55
6 354
10 1122
14 819
8 216
15 1518
5 57
14 1745
7 375
2 311
14 1737
2 1628
13 579
2 713
6 106
4 484
13 273
8 270
12 815
5 468
3 582
2 1606
11 732
9 28
11 277
10 200
15 787
13 771
12 1212
6 43
7 415
7 333
4 150
2 2117
8 9
2 1707
5 1024
13 1257
3 2038
14 1839
15 1822
7 487
4 426
8 239
2 1029
15 1556
4 605
4 379
15 2175
6 316
7 55
7 211
7 306
14 1658
5 467
9 181
7 126
12 1052
6 350
14 1729
7 21
3 995
7 361
7 131
14 1517
8 259
15 6
6 549
9 18
12 1070
7 308
14 29
11 1679
7 208
2 282
14 322
2 815
15 987
9 195
6 17
11 201
7 483
12 861
2 1395
13 589
3 252
6 351
8 91
2 2057
13 874
12 1264
12 53
2 1065
2 1255
7 199
2 1690
6 420
7 242
2 489
11 2223
13 9
14 1094
6 382
2 1243
7 219
10 1089
6 431
6 113
8 193
3 857
7 289
14 2505
11 1709
12 218
14 287
11 163
10 3
14 351
11 767
6 388
13 223
4 895
11 1283
3 1309
10 1259
3 961
14 420
9 108
4 478
4 87
14 422
14 1932
2 1240
14 1011
10 872
9 73
11 1841
6 72
7 461
15 417
11 332
7 431
5 377
9 270
13 1110
11 1159
9 197
14 675
5 419
4 444
5 817
15 644
3 262
12 1191
5 161
5 726
5 52
6 157
4 832
10 876
5 648
7 395
5 619
15 1264
13 181
8 180
9 281
2 703
9 119
10 455
12 1204
10 587
9 254
12 471
6 363
13 872
2 1997
8 146
2 1249
15 2365
12 1119
3 70
7 152
8 147
8 189
8 178
13 192
11 2302
13 208
10 1287
11 1414
15 2314
5 426
7 29
9 194
15 3055
6 18
8 39
14 1062
15 242
2 2067
12 1190
8 146
7 434
9 67
8 236
11 1574
8 253
14 447
6 382
6 505
4 813
13 488
9 29
5 869
11 2101
15 1254
8 39
7 287
15 1042
6 77
3 1841
6 480
14 2468
6 432
13 18
6 215
4 145
15 1409
12 969
12 160
4 694
8 166
3 1496
2 949
15 1801
6 298
3 1035
13 931
2 965
9 18
12 503
2 196
4 250
9 281
4 935
9 72
12 201
6 264
13 1252
11 2444
10 771
11 2044
6 181
14 2092
2 1275
15 681
6 288
10 650
10 1152
8 195
14 1623
9 42
13 124
14 2149
7 290
2 249
15 1400
13 1218
9 253
3 1259
7 210
2 872
15 1567
2 1837
4 190
6 24
2 1663
11 446
5 1066
3 1069
5 220
15 1056
13 758
3 650
12 1124
5 407
12 759
9 182
10 413
12 727
14 1956
8 211
9 212
2 2082
5 532
7 273
3 2197
4 1079
11 1870
6 345
4 229
14 378
4 323
14 171
12 383
14 2060
4 912
8 4
6 339
15 205
14 2081
15 115
4 357
8 81
14 2016
13 537
14 2043
6 303
2 655
9 62
15 2925
5 924
14 1801
13 1057
13 1190
10 1132
13 55
14 2456
15 352
6 256
10 516
12 958
11 949
8 45
12 1157
8 49
9 106
10 953
4 332
9 170
12 852
15 730
8 117
9 48
12 592
8 216
2 1145
8 47
2 835
5 781
8 156
12 730
3 580
5 567
12 472
11 2186
5 733
5 721
2 1658
13 187
6 103
9 174
14 1745
9 264
15 1234
15 297
3 1312
5 86
3 2055
13 712
5 579
5 389
3 399
7 268
8 255
10 458
7 535
11 264
2 1249
8 98
4 756
15 1973
13 199
10 1020
13 1080
11 1827
12 1235
6 170
3 1167
6 104
15 424
3 955
12 904
14 400
15 2021
4 111
9 37
9 78
11 1816
12 167
12 928
2 1827
8 111
8 82
12 473
15 3019
5 868
5 862
14 2072
12 453
15 1114
15 1149
8 83
8 162
2 2110
9 115
13 46
12 933
10 516
11 495
10 674
13 937
14 2138
11 376
5 520
13 708
10 5
15 935
3 1934
6 199
5 821
3 437
9 151
5 48
7 461
10 684
15 410
10 484
5 223
6 482
3 1090
2 172
8 78
2 2040
5 919
11 1653
9 121
10 100
15 876
13 490
8 258
14 975
8 174
12 272
4 892
2 1409
15 2524
13 1016
12 63
15 2050
15 1478
7 445
11 1013
13 231
10 396
10 1147
3 1001
5 684
14 1567
7 94
11 2107
13 13
14 900
2 1274
14 15
5 528
5 257
15 1405
15 478
14 1524
8 232
9 2
3 1169
5 354
12 156
15 2486
4 321
5 449
2 1961
10 94
8 268
12 1191
5 179
5 136
6 160
15 875
10 648
13 840
9 171
9 11
2 680
10 1371
14 2458
9 192
11 507
9 197
14 1165
10 19
9 185
15 1594
4 908
7 317
12 1201
3 1651
7 219
14 1413
15 2629
15 2592
14 2280
8 256
12 845
14 579
13 1113
2 1946
9 67
12 46
14 1705
7 130
15 1607
7 97
3 391
2 645
8 86
7 484
9 84
6 72
8 207
11 713
13 929
7 173
15 517
4 1053
12 311
7 562
6 170
7 300
14 1908
6 334
10 1251
7 40
12 264
15 3112
12 219
15 3012
3 1551
6 306
14 2543
14 1603
5 766
6 566
13 342
5 237
14 191
2 1335
5 732
8 185
9 197
10 1309
2 2037
2 1797
14 521
7 552
11 1530
2 237
7 93
11 1701
3 2074
7 71
5 630
11 806
5 657
14 316
10 229
2 2135
3 1005
9 226
4 533
9 149
7 407
4 212
6 128
9 124
15 1948
14 942
10 1262
2 352
6 552
14 817
6 52
8 35
4 1056
10 878
11 1132
4 1106
4 488
11 1053
8 34
9 177
7 101
8 172
11 1725
14 441
13 537
8 73
9 99
8 189
14 2228
2 1445
5 1047
11 673
15 953
10 654
7 319
14 1746
10 156
7 518
8 139
12 1172
4 582
2 898
13 376
13 252
15 2085
3 160
11 936
14 652
5 510
11 1552
9 163
4 560
10 1367
13 785
14 295
3 1815
4 459
13 346
