1
999999998
536870913
999999996
268435457
999999994
134217729
999999992
805306369
999999990
67108865
999999988
402653185
999999986
33554433
999999984
671088641
999999982
201326593
999999980
939524097
999999978
16777217
999999976
335544321
999999974
100663297
999999972
469762049
999999970
8388609
999999968
603979777
999999966
167772161
999999964
738197505
999999962
50331649
999999960
872415233
999999958
234881025
999999956
4194305
999999954
301989889
999999952
83886081
999999950
369098753
999999948
25165825
999999946
436207617
999999944
117440513
999999942
503316481
999999940
2097153
999999938
570425345
999999936
150994945
999999934
637534209
999999932
41943041
999999930
704643073
999999928
184549377
999999926
771751937
999999924
12582913
999999922
838860801
999999920
218103809
999999918
905969665
999999916
58720257
999999914
973078529
999999912
251658241
999999910
1048577
999999908
285212673
999999906
75497473
999999904
318767105
999999902
20971521
999999900
352321537
999999898
92274689
999999896
385875969
999999894
6291457
999999892
419430401
999999890
109051905
999999888
452984833
999999886
29360129
999999884
486539265
999999882
125829121
999999880
520093697
999999878
524289
999999876
553648129
999999874
142606337
999999872
587202561
999999870
37748737
999999868
620756993
999999866
159383553
999999864
654311425
999999862
10485761
999999860
687865857
999999858
176160769
999999856
721420289
999999854
46137345
999999852
754974721
999999850
192937985
999999848
788529153
999999846
3145729
999999844
822083585
999999842
209715201
999999840
855638017
999999838
54525953
999999836
889192449
999999834
226492417
999999832
922746881
999999830
14680065
999999828
956301313
999999826
243269633
999999824
989855745
999999822
62914561
999999820
260046849
999999818
262145
999999816
276824065
999999814
71303169
999999812
293601281
999999810
18874369
999999808
310378497
999999806
79691777
999999804
327155713
999999802
5242881
999999800
343932929
999999798
88080385
999999796
360710145
999999794
23068673
999999792
377487361
999999790
96468993
999999788
394264577
999999786
1572865
999999784
411041793
999999782
104857601
999999780
427819009
999999778
27262977
999999776
444596225
999999774
113246209
999999772
461373441
999999770
7340033
999999768
478150657
999999766
121634817
999999764
494927873
999999762
31457281
999999760
511705089
999999758
130023425
999999756
528482305
999999754
131073
999999752
545259521
999999750
138412033
999999748
562036737
999999746
35651585
999999744
578813953
999999742
146800641
999999740
595591169
999999738
9437185
999999736
612368385
999999734
155189249
999999732
629145601
999999730
39845889
999999728
645922817
999999726
163577857
999999724
662700033
999999722
2621441
999999720
679477249
999999718
171966465
999999716
696254465
999999714
44040193
999999712
713031681
999999710
180355073
999999708
729808897
999999706
11534337
999999704
746586113
999999702
188743681
999999700
763363329
999999698
48234497
999999696
780140545
999999694
197132289
999999692
796917761
999999690
786433
999999688
813694977
999999686
205520897
999999684
830472193
999999682
52428801
999999680
847249409
999999678
213909505
999999676
864026625
999999674
13631489
999999672
880803841
999999670
222298113
999999668
897581057
999999666
56623105
999999664
914358273
999999662
230686721
999999660
931135489
999999658
3670017
999999656
947912705
999999654
239075329
999999652
964689921
999999650
60817409
999999648
981467137
999999646
247463937
999999644
998244353
999999642
15728641
999999640
255852545
999999638
65011713
999999636
264241153
999999634
65537
999999632
272629761
999999630
69206017
999999628
281018369
999999626
17825793
999999624
289406977
999999622
73400321
999999620
297795585
999999618
4718593
999999616
306184193
999999614
77594625
999999612
314572801
999999610
19922945
999999608
322961409
999999606
81788929
999999604
331350017
999999602
1310721
999999600
339738625
999999598
85983233
999999596
348127233
999999594
22020097
999999592
356515841
999999590
90177537
999999588
364904449
999999586
5767169
999999584
373293057
999999582
94371841
999999580
381681665
999999578
24117249
999999576
390070273
999999574
98566145
999999572
398458881
999999570
393217
999999568
406847489
999999566
102760449
999999564
415236097
999999562
26214401
999999560
423624705
999999558
106954753
999999556
432013313
999999554
6815745
999999552
440401921
999999550
111149057
999999548
448790529
999999546
28311553
999999544
457179137
999999542
115343361
999999540
465567745
999999538
1835009
999999536
473956353
999999534
119537665
999999532
482344961
999999530
30408705
999999528
490733569
999999526
123731969
999999524
499122177
999999522
7864321
999999520
507510785
999999518
127926273
999999516
515899393
999999514
32505857
999999512
524288001
999999510
132120577
999999508
532676609
999999506
32769
999999504
541065217
999999502
136314881
999999500
549453825
999999498
34603009
999999496
557842433
999999494
140509185
999999492
566231041
999999490
8912897
999999488
574619649
999999486
144703489
999999484
583008257
999999482
36700161
999999480
591396865
999999478
148897793
999999476
599785473
999999474
2359297
999999472
608174081
999999470
153092097
999999468
616562689
999999466
38797313
999999464
624951297
999999462
157286401
999999460
633339905
999999458
9961473
999999456
641728513
999999454
161480705
999999452
650117121
999999450
40894465
999999448
658505729
999999446
165675009
999999444
666894337
999999442
655361
999999440
675282945
999999438
169869313
999999436
683671553
999999434
42991617
999999432
692060161
999999430
174063617
999999428
700448769
999999426
11010049
999999424
708837377
999999422
178257921
999999420
717225985
999999418
45088769
999999416
725614593
999999414
182452225
999999412
734003201
999999410
2883585
999999408
742391809
999999406
186646529
999999404
750780417
999999402
47185921
999999400
759169025
999999398
190840833
999999396
767557633
999999394
12058625
999999392
775946241
999999390
195035137
999999388
784334849
999999386
49283073
999999384
792723457
999999382
199229441
999999380
801112065
999999378
196609
999999376
809500673
999999374
203423745
999999372
817889281
999999370
51380225
999999368
826277889
999999366
207618049
999999364
834666497
999999362
13107201
999999360
843055105
999999358
211812353
999999356
851443713
999999354
53477377
999999352
859832321
999999350
216006657
999999348
868220929
999999346
3407873
999999344
876609537
999999342
220200961
999999340
884998145
999999338
55574529
999999336
893386753
999999334
224395265
999999332
901775361
999999330
14155777
999999328
910163969
999999326
228589569
999999324
918552577
999999322
57671681
999999320
926941185
999999318
232783873
999999316
935329793
999999314
917505
999999312
943718401
999999310
236978177
999999308
952107009
999999306
59768833
999999304
960495617
999999302
241172481
999999300
968884225
999999298
15204353
999999296
977272833
999999294
245366785
999999292
985661441
999999290
61865985
999999288
994050049
999999286
249561089
999999284
3932161
999999282
253755393
999999280
63963137
999999278
257949697
999999276
16252929
999999274
262144001
999999272
66060289
999999270
266338305
999999268
16385
999999266
270532609
999999264
68157441
999999262
274726913
999999260
17301505
999999258
278921217
999999256
70254593
999999254
283115521
999999252
4456449
999999250
287309825
999999248
72351745
999999246
291504129
999999244
18350081
999999242
295698433
999999240
74448897
999999238
299892737
999999236
1179649
999999234
304087041
999999232
76546049
999999230
308281345
999999228
19398657
999999226
312475649
999999224
78643201
999999222
316669953
999999220
4980737
999999218
320864257
999999216
80740353
999999214
325058561
999999212
20447233
999999210
329252865
999999208
82837505
999999206
333447169
999999204
327681
999999202
337641473
999999200
84934657
999999198
341835777
999999196
21495809
999999194
346030081
999999192
87031809
999999190
350224385
999999188
5505025
999999186
354418689
999999184
89128961
999999182
358612993
999999180
22544385
999999178
362807297
999999176
91226113
999999174
367001601
999999172
1441793
999999170
371195905
999999168
93323265
999999166
375390209
999999164
23592961
999999162
379584513
999999160
95420417
999999158
383778817
999999156
6029313
999999154
387973121
999999152
97517569
999999150
392167425
999999148
24641537
999999146
396361729
999999144
99614721
999999142
400556033
999999140
98305
999999138
404750337
999999136
101711873
999999134
408944641
999999132
25690113
999999130
413138945
999999128
103809025
999999126
417333249
999999124
6553601
999999122
421527553
999999120
105906177
999999118
425721857
999999116
26738689
999999114
429916161
999999112
108003329
999999110
434110465
999999108
1703937
999999106
438304769
999999104
110100481
999999102
442499073
999999100
27787265
999999098
446693377
999999096
112197633
999999094
450887681
999999092
7077889
999999090
455081985
999999088
114294785
999999086
459276289
999999084
28835841
999999082
463470593
999999080
116391937
999999078
467664897
999999076
458753
999999074
471859201
999999072
118489089
999999070
476053505
999999068
29884417
999999066
480247809
999999064
120586241
999999062
484442113
999999060
7602177
999999058
488636417
999999056
122683393
999999054
492830721
999999052
30932993
999999050
497025025
999999048
124780545
999999046
501219329
999999044
1966081
999999042
505413633
999999040
126877697
999999038
509607937
999999036
31981569
999999034
513802241
999999032
128974849
999999030
517996545
999999028
8126465
999999026
522190849
999999024
131072001
999999022
526385153
999999020
33030145
999999018
530579457
999999016
133169153
999999014
534773761
999999012
8193
999999010
538968065
999999008
135266305
999999006
543162369
999999004
34078721
999999002
547356673
999999000
