1
2
1000000000
500000000
333333333
999999999
499999999
333333332
1
1
3
3
999999999
999999999
499999999
499999999
333333331
333333331
999999997
999999997
499999997
499999997
333333329
333333329
2
2
4
4
1000000000
1000000000
500000000
500000000
333333332
333333332
999999998
999999998
499999998
499999998
333333330
333333330
1
1
5
5
999999997
999999997
499999997
499999997
333333329
333333329
999999993
999999993
499999993
499999993
333333325
333333325
3
3
7
7
999999999
999999999
499999999
499999999
333333331
333333331
999999995
999999995
499999995
499999995
333333327
333333327
2
2
6
6
999999998
999999998
499999998
499999998
333333330
333333330
999999994
999999994
499999994
499999994
333333326
333333326
4
4
8
8
1000000000
1000000000
500000000
500000000
333333332
333333332
999999996
999999996
499999996
499999996
333333328
333333328
1
1
9
9
999999993
999999993
499999993
499999993
333333321
333333321
999999985
999999985
499999985
499999985
333333313
333333313
5
5
13
13
999999997
999999997
499999997
499999997
333333325
333333325
999999989
999999989
499999989
499999989
333333317
333333317
3
3
11
11
999999995
999999995
499999995
499999995
333333323
333333323
999999987
999999987
499999987
499999987
333333315
333333315
7
7
15
15
999999999
999999999
499999999
499999999
333333327
333333327
999999991
999999991
499999991
499999991
333333319
333333319
2
2
10
10
999999994
999999994
499999994
499999994
333333322
333333322
999999986
999999986
499999986
499999986
333333314
333333314
6
6
14
14
999999998
999999998
499999998
499999998
333333326
333333326
999999990
999999990
499999990
499999990
333333318
333333318
4
4
12
12
999999996
999999996
499999996
499999996
333333324
333333324
999999988
999999988
499999988
499999988
333333316
333333316
8
8
16
16
1000000000
1000000000
500000000
500000000
333333328
333333328
999999992
999999992
499999992
499999992
333333320
333333320
1
1
17
17
999999985
999999985
499999985
499999985
333333313
333333313
999999969
999999969
499999969
499999969
333333297
333333297
9
9
25
25
999999993
999999993
499999993
499999993
333333321
333333321
999999977
999999977
499999977
499999977
333333305
333333305
5
5
21
21
999999989
999999989
499999989
499999989
333333317
333333317
999999973
999999973
499999973
499999973
333333301
333333301
13
13
29
29
999999997
999999997
499999997
499999997
333333325
333333325
999999981
999999981
499999981
499999981
333333309
333333309
3
3
19
19
999999987
999999987
499999987
499999987
333333315
333333315
999999971
999999971
499999971
499999971
333333299
333333299
11
11
27
27
999999995
999999995
499999995
499999995
333333323
333333323
999999979
999999979
499999979
499999979
333333307
333333307
7
7
23
23
999999991
999999991
499999991
499999991
333333319
333333319
999999975
999999975
499999975
499999975
333333303
333333303
15
15
31
31
999999999
999999999
499999999
499999999
333333327
333333327
999999983
999999983
499999983
499999983
333333311
333333311
2
2
18
18
999999986
999999986
499999986
499999986
333333314
333333314
999999970
999999970
499999970
499999970
333333298
333333298
10
10
26
26
999999994
999999994
499999994
499999994
333333322
333333322
999999978
999999978
499999978
499999978
333333306
333333306
6
6
22
22
999999990
999999990
499999990
499999990
333333318
333333318
999999974
999999974
499999974
499999974
333333302
333333302
14
14
30
30
999999998
999999998
499999998
499999998
333333326
333333326
999999982
999999982
499999982
499999982
333333310
333333310
4
4
20
20
999999988
999999988
499999988
499999988
333333316
333333316
999999972
999999972
499999972
499999972
333333300
333333300
12
12
28
28
999999996
999999996
499999996
499999996
333333324
333333324
999999980
999999980
499999980
499999980
333333308
333333308
8
8
24
24
999999992
999999992
499999992
499999992
333333320
333333320
999999976
999999976
499999976
499999976
333333304
333333304
16
16
32
32
1000000000
1000000000
500000000
500000000
333333328
333333328
999999984
999999984
499999984
499999984
333333312
333333312
1
4097
999993345
499994625
333328385
999989249
499990529
333324289
2081
6177
999995425
499996705
333330465
999991329
499992609
333326369
1041
5137
999994385
499995665
333329425
999990289
499991569
333325329
3121
7217
999996465
499997745
333331505
999992369
499993649
333327409
521
4617
999993865
499995145
333328905
999989769
499991049
333324809
2601
6697
999995945
499997225
333330985
999991849
499993129
333326889
1561
5657
999994905
499996185
333329945
999990809
499992089
333325849
3641
7737
999996985
499998265
333332025
999992889
499994169
333327929
261
4357
999993605
499994885
333328645
999989509
499990789
333324549
2341
6437
999995685
499996965
333330725
999991589
499992869
333326629
1301
5397
999994645
499995925
333329685
999990549
499991829
333325589
3381
7477
999996725
499998005
333331765
999992629
499993909
333327669
781
4877
999994125
499995405
333329165
999990029
499991309
333325069
2861
6957
999996205
499997485
333331245
999992109
499993389
333327149
1821
5917
999995165
499996445
333330205
999991069
499992349
333326109
3901
7997
999997245
499998525
333332285
999993149
499994429
333328189
131
4227
999993475
499994755
333328515
999989379
499990659
333324419
2211
6307
999995555
499996835
333330595
999991459
499992739
333326499
1171
5267
999994515
499995795
333329555
999990419
499991699
333325459
3251
7347
999996595
499997875
333331635
999992499
499993779
333327539
651
4747
999993995
499995275
333329035
999989899
499991179
333324939
2731
6827
999996075
499997355
333331115
999991979
499993259
333327019
1691
5787
999995035
499996315
333330075
999990939
499992219
333325979
3771
7867
999997115
499998395
333332155
999993019
499994299
333328059
391
4487
999993735
499995015
333328775
999989639
499990919
333324679
2471
6567
999995815
499997095
333330855
999991719
499992999
333326759
1431
5527
999994775
499996055
333329815
999990679
499991959
333325719
3511
7607
999996855
499998135
333331895
999992759
499994039
333327799
911
5007
999994255
499995535
333329295
999990159
499991439
333325199
2991
7087
999996335
499997615
333331375
999992239
499993519
333327279
1951
6047
999995295
499996575
333330335
999991199
499992479
333326239
4031
8127
999997375
499998655
333332415
999993279
499994559
333328319
66
4162
999993410
499994690
333328450
999989314
499990594
333324354
2146
6242
999995490
499996770
333330530
999991394
499992674
333326434
1106
5202
999994450
499995730
333329490
999990354
499991634
333325394
3186
7282
999996530
499997810
333331570
999992434
499993714
333327474
586
4682
999993930
499995210
333328970
999989834
499991114
333324874
2666
6762
999996010
499997290
333331050
999991914
499993194
333326954
1626
5722
999994970
499996250
333330010
999990874
499992154
333325914
3706
7802
999997050
499998330
333332090
999992954
499994234
333327994
326
4422
999993670
499994950
333328710
999989574
499990854
333324614
2406
6502
999995750
499997030
333330790
999991654
499992934
333326694
1366
5462
999994710
499995990
333329750
999990614
499991894
333325654
3446
7542
999996790
499998070
333331830
999992694
499993974
333327734
846
4942
999994190
499995470
333329230
999990094
499991374
333325134
2926
7022
999996270
499997550
333331310
999992174
499993454
333327214
1886
5982
999995230
499996510
333330270
999991134
499992414
333326174
3966
8062
999997310
499998590
333332350
999993214
499994494
333328254
196
4292
999993540
499994820
333328580
999989444
499990724
333324484
2276
6372
999995620
499996900
333330660
999991524
499992804
333326564
1236
5332
999994580
499995860
333329620
999990484
499991764
333325524
3316
7412
999996660
499997940
333331700
999992564
499993844
333327604
716
4812
999994060
499995340
333329100
999989964
499991244
333325004
2796
6892
999996140
499997420
333331180
999992044
499993324
333327084
1756
5852
999995100
499996380
333330140
999991004
499992284
333326044
3836
7932
999997180
499998460
333332220
999993084
499994364
333328124
456
4552
999993800
499995080
333328840
999989704
499990984
333324744
2536
6632
999995880
499997160
333330920
999991784
499993064
333326824
1496
5592
999994840
499996120
333329880
999990744
499992024
333325784
3576
7672
999996920
499998200
333331960
999992824
499994104
333327864
976
5072
999994320
499995600
333329360
999990224
499991504
333325264
3056
7152
999996400
499997680
333331440
999992304
499993584
333327344
2016
6112
999995360
499996640
333330400
999991264
499992544
333326304
4096
8192
999997440
499998720
333332480
999993344
499994624
333328384
