1250
6640
4138
126
4249
5828
2883
3362
7205
3447
1312
3239
6717
6217
3684
1247
651
3141
5848
1885
2387
4964
6382
3516
385
7682
4488
2631
2114
6338
3870
3125
1550
4200
5004
1543
7517
483
5121
5272
3485
3231
1
3065
7361
6621
291
2521
3216
178
6073
4148
6403
7496
365
1383
1753
7213
171
7300
5170
1063
6406
6778
693
5770
7422
1094
6770
1180
6500
7346
6381
2801
3526
1567
7736
3949
6093
4850
4012
6809
6020
3919
5937
5307
3734
1157
4964
24
4533
1165
4522
2062
5882
3610
3086
1261
5678
10
5168
2129
5854
6588
6075
677
2568
4102
3766
1903
2858
2988
2732
4119
6777
6616
6872
5309
3025
2963
6082
2553
7723
5936
4285
4664
2533
1989
2274
7236
7328
6484
4490
1569
5552
3316
2134
3322
6046
1217
2292
6098
2771
5346
1627
6348
1909
4900
7410
7753
7070
6927
3469
5264
1141
3022
3478
5374
1919
220
5973
7045
2459
6039
5806
4187
2918
6487
3721
3059
3964
5
2080
5766
6881
2584
6728
6018
3507
1190
4175
4635
7257
2892
2024
5826
660
4610
179
6386
6102
2879
6170
2066
543
3397
7259
6613
7131
2306
2179
3040
1509
6826
705
5145
6853
3537
1106
3181
3663
3023
4964
4742
7085
6230
4314
290
4140
1384
25
7482
4574
2431
3722
1756
6170
4653
2768
4310
2860
1256
1724
7639
322
4841
3068
4539
4249
3010
115
5656
4265
6566
951
7332
3090
5209
3230
241
4144
3771
3745
3644
4625
7052
6493
3835
1781
215
370
2548
1133
1292
5011
3486
2633
6350
1607
2680
2628
1474
2367
3380
1250
6226
2198
4157
4491
3075
1574
4746
1577
7303
5075
2855
3796
4035
6312
2606
1959
1902
4485
3102
5935
6027
703
5813
778
1613
5056
4462
1848
5314
3985
6571
903
5082
52
4851
951
512
1515
2041
2602
5622
5911
1358
7152
4119
4270
3206
2854
7682
378
3670
793
5216
7366
6131
2758
3341
7266
5802
4135
6375
204
1728
4362
6599
4427
3458
5399
7397
1742
128
2909
5644
7443
3613
6923
4092
546
5939
7609
5685
5379
5774
1136
4030
7419
5767
1327
1345
3579
422
5971
7753
4053
4578
1089
6609
6062
6751
7328
7212
3357
969
3843
145
4574
15
4018
4586
3045
1734
1020
4210
2227
145
1118
4643
2613
2291
4462
5050
4704
6103
4203
2606
6652
197
4580
4762
4304
4714
5460
458
2963
5557
217
3846
1732
6743
5425
888
6824
3983
1406
7790
7593
3437
5832
1131
6112
1827
1228
2174
4816
1326
5319
2828
2445
2061
3011
5965
7393
5855
847
6299
2360
720
1911
5843
905
5233
268
7268
7059
5009
6233
4850
5207
1809
4161
320
7692
1805
7257
4351
5446
6183
6142
5936
3015
6043
7301
2298
5372
5209
1810
1202
3999
3479
5107
2008
2004
2365
6137
4866
5192
4535
1042
5066
6772
7338
5293
1613
2606
3065
5924
536
2857
299
1282
3727
4851
5637
5462
4081
3298
2772
409
7786
5307
5626
2572
2897
4610
4998
5098
3952
7178
3620
6027
1341
2987
4723
4297
2622
204
802
1275
4639
1925
6116
1739
3931
3383
2572
594
1386
6472
3134
1057
5671
2253
5093
5685
748
2871
3727
6250
7782
5613
2897
6131
281
4730
3341
3567
7521
6106
7369
7295
103
3326
7453
872
2365
3654
319
7723
5239
6761
219
6230
4089
3085
4431
4854
3048
7138
1295
2747
5872
3911
6451
1381
7389
3168
4317
213
2493
4717
1718
5838
1179
7345
3177
6431
6228
7049
4692
828
177
2239
1886
3417
6030
77
3518
5835
406
6576
5471
6161
5287
3351
1845
6211
6378
6216
1065
7273
2243
7270
2767
7260
5189
6397
6838
4376
4841
6231
3769
4119
1717
5223
6590
5654
2087
3965
7026
1648
144
2099
6800
2022
3180
2986
557
4806
949
453
845
1802
2833
1538
1203
748
3564
888
82
2955
1191
2577
5986
6194
782
6084
3901
1273
581
157
3645
3911
2453
3326
3932
4853
2308
3852
5394
5527
7434
110
6628
5887
2344
807
266
2273
4030
6399
1485
5416
5905
1111
4469
4824
5405
4560
3405
6376
2167
3469
2493
2180
798
4850
4999
7055
6648
975
3847
3277
4271
7446
2280
3645
5872
365
5
6075
3092
6628
5244
5542
6510
1853
2151
7782
7757
488
4028
7223
2660
59
4461
1527
2968
3536
6679
2166
6819
737
1956
289
4236
2283
1589
801
5202
5761
6178
1961
7566
2552
7636
1381
4822
4496
7029
6834
5648
2191
1379
5408
4939
2866
6965
428
3982
7400
4161
3610
5946
1509
6131
777
7096
2721
7455
1350
2106
5036
1212
7710
4982
6876
4922
4713
4499
7714
2234
2504
3614
2934
2754
6726
5720
2817
5949
4928
3769
4304
3933
3142
5463
2411
4
5665
7690
3245
5520
777
5224
4053
2691
5302
1707
339
803
1037
5825
699
3996
1516
2735
5994
5240
4315
5178
882
23
7603
3195
1904
2987
2372
581
3765
3943
4230
5399
7387
6429
4964
7017
1136
4033
7395
7041
1532
5484
1286
3796
26
6440
461
4226
2450
4225
1739
1812
399
6714
5595
642
182
748
2635
1599
3048
655
213
1706
423
1650
3570
1118
2911
5117
7551
319
6782
6533
6840
2532
4590
7609
524
3204
7144
7184
6819
6213
1739
966
3115
2814
1088
3446
1120
4967
1309
7560
5348
2646
7082
350
7358
6824
397
5328
3069
5687
6713
4872
5887
3424
4639
7571
252
4330
6534
4949
7633
5685
2796
2335
5384
1913
545
101
3672
7609
5825
81
4648
1715
1289
2691
345
1283
2888
4173
2055
4441
5415
6251
4053
7043
2412
938
6145
7787
7112
3395
952
7508
4824
1065
1758
4627
3473
2950
4780
1421
4360
1697
576
6143
4850
1697
3361
3755
159
3923
6958
7663
4107
2952
210
4841
6888
4754
831
4769
4513
3216
7524
4496
3090
5642
7189
6438
364
2498
5778
2568
1962
5202
4776
4506
2617
6871
6597
2318
