4225
2029
4231
3049
2629
4104
1975
2199
4345
2309
553
3657
4477
4297
4133
4201
689
2207
4259
2373
1608
54
783
3433
1505
1257
71
3791
3079
3223
1921
665
3533
297
2609
52
1279
4549
121
1425
159
2665
2111
4265
3321
2025
3005
1705
304
4409
873
3817
761
889
2115
4473
3113
4489
1143
1298
2729
3705
1072
3917
972
1751
3305
449
4607
1930
1837
889
4201
3751
569
1059
3545
1469
1599
3399
3641
3551
2285
1108
2045
3497
73
3191
521
1917
325
2557
1721
2495
2295
3201
1905
4625
137
4313
4581
3261
2393
2647
4609
593
1127
605
1225
2821
4629
1639
3871
3263
2033
3841
3145
3201
4371
2620
4119
3207
1043
2840
2221
2228
185
1175
1213
3577
2265
1785
3623
1221
2853
525
2745
4193
49
31
745
2151
29
45
4126
4099
3767
841
2119
3177
4087
1995
2081
1901
3113
3609
4259
3607
377
3201
3433
1263
2649
3865
3239
1793
1576
1129
3457
1537
169
3769
113
2983
4279
3709
4257
2729
1769
761
1641
2855
2337
2993
2851
580
1257
869
1065
1843
1993
3013
296
3081
4093
2759
2327
2263
3247
1141
3505
1186
7
2747
2105
2929
1311
3157
3197
781
1096
2361
4409
785
487
2551
4583
3385
1298
1933
2345
3529
251
3791
1737
2582
3461
1340
297
4425
905
3416
3225
313
3309
93
809
1533
4265
995
1895
2968
1257
4215
2475
4521
4295
263
2152
1985
2917
537
2759
1897
935
609
2436
1597
2407
2805
4401
1081
4285
1607
4229
2661
3023
2351
2089
1985
847
3463
2617
2833
1639
2461
1251
2089
377
864
1597
3649
4369
4008
781
645
3482
887
313
2565
3289
1245
2441
3845
4289
648
193
1543
873
3301
4585
95
1353
3129
3865
3747
706
36
3161
433
3893
4528
231
941
4558
286
3001
2857
1865
653
2249
3086
3301
2315
2501
2665
3497
3495
613
4137
519
3303
4153
1564
3853
2849
3975
3193
3143
3997
2009
1129
1685
4487
2537
1409
3311
1989
4263
1549
3517
2233
1193
1681
2793
3625
2889
839
1862
2663
4287
521
4025
2781
2113
3521
1513
3521
4585
4534
2003
1281
3577
448
3419
152
1941
105
3705
1307
3585
1345
2749
3847
4097
1895
1321
1108
4449
1257
79
607
2913
3239
3730
4481
103
3653
1493
4111
745
731
4069
2345
1929
3405
85
3475
2177
1225
4201
1367
237
3753
4141
384
2821
1041
3191
511
1383
381
3147
1897
2297
2653
2377
1465
2216
303
385
3113
3246
329
1031
1473
3791
2429
3192
3209
3300
1351
2743
953
4389
3911
2439
2195
4155
4025
2233
769
2961
1807
4632
3309
819
2023
4009
402
4526
4067
87
2649
4314
1257
3449
4172
2281
637
4521
1357
1687
4377
2513
285
1797
3970
2305
3081
453
4097
1081
3823
4460
669
2253
1833
1181
482
4117
2649
4371
3913
3681
1577
3175
3969
2537
600
3289
4225
1093
1833
3423
2728
3069
255
3773
479
385
1136
1793
3985
2727
2565
1433
615
2305
3687
1629
3329
704
2237
121
2917
1125
3537
1449
2297
3247
2385
1811
3327
167
4582
1817
2221
2621
1449
1673
2285
761
3007
2965
669
3550
3681
4361
3129
697
4105
4477
1385
967
589
3153
441
1665
2229
4305
4495
2023
3005
3913
199
4473
967
4410
3881
2089
829
45
1391
2281
2557
4559
4129
311
1705
4389
3567
2278
2693
4057
3325
2663
3399
550
2183
3781
4061
325
1337
4097
2171
134
1581
3281
1469
2753
1385
2921
2349
2063
1165
3095
1593
1255
1885
2793
3809
469
3129
1325
2865
559
3837
1085
1095
4581
3497
836
3561
4033
2951
93
2953
4245
3290
808
1127
2777
519
2986
617
1575
4071
3033
377
3839
878
4385
2921
2848
1703
3753
1443
2445
2473
4310
4541
3864
3305
1641
943
3631
125
2961
4295
801
2873
2419
1583
3975
3328
2473
1515
301
3585
553
4601
1231
266
1193
3913
2607
1033
2322
3977
3543
4607
3137
817
2729
4009
937
3769
3033
2567
1559
705
1449
3145
321
4617
1071
2473
3625
4201
4585
3995
170
295
295
291
1484
849
1129
3753
305
3785
3847
1433
1295
2601
1273
245
573
2089
3255
2913
3767
135
4373
1139
2205
3977
469
985
4201
3743
1705
3003
2217
13
1031
4411
4506
2829
3013
1833
4076
1246
541
4057
361
2309
4281
2617
359
3559
2705
3641
1354
2003
4124
681
2881
4098
489
103
3449
4422
1653
1217
409
1913
1879
477
4173
881
2023
2597
3640
4263
3463
592
4305
489
661
4325
1665
697
105
4005
2903
2139
2409
49
146
3149
2101
2254
4304
4231
2415
525
1991
473
207
3257
3589
2697
2441
711
414
357
3869
1251
2086
4105
2913
2791
4201
163
3207
425
1033
1434
3113
599
3049
4062
1319
3997
3875
281
1415
265
3717
641
1757
2927
2185
393
3719
2913
2729
1593
1960
1715
4329
1
4561
3321
3245
4073
105
4481
4333
1067
2417
4197
2109
3244
3289
4073
2878
3177
169
2022
471
2077
405
487
4015
747
2633
806
4497
2897
625
2639
3329
817
3673
2199
3615
3811
3073
1151
4229
1189
2745
4029
1233
2617
713
3945
2633
2775
97
772
2099
1049
2601
1239
3005
5
649
1773
2177
3723
1065
125
1335
685
205
1717
4085
4281
4125
4617
228
941
2627
3593
457
3391
1181
3316
1089
761
3017
3751
489
377
3161
1193
2311
3154
1541
4549
1044
3657
2409
3301
3851
2393
2603
697
513
4525
2585
1397
2937
3517
327
1319
2465
1806
3145
3299
7
2791
9
4153
157
633
3561
333
917
2905
1697
189
2725
1357
3111
1725
3497
1325
97
1799
701
3237
3477
745
3965
2769
3897
1415
2937
1154
3353
2481
2912
3729
1253
2877
1325
3653
2810
2205
320
4265
4298
2953
2793
2233
