73932123
36563359
36495488
105077878
103950940
143940377
121108561
95044744
11161914
108779671
174798595
190927766
151596009
53052965
121534395
5064668
116743698
213336900
11651720
125591207
27907940
9670623
85129877
39263350
108697512
129932484
102733716
215292543
184349467
34587402
152836639
84310013
39834868
174082895
115747518
64324254
88581548
108043549
158105470
100923977
71725204
104004457
204317699
81586794
116232208
209144903
156385258
9851968
77362043
12028919
87362352
80944111
152895469
54647320
183093051
41680282
2250507
173610213
100570150
76463704
140794541
201628430
168703572
12382183
141388816
89090978
20963633
35928637
49047265
169403751
1307323
161888279
206870711
209415815
128811403
90016852
79936420
161152704
132189999
42854479
40780720
72346502
65107240
88580841
171625380
67309944
2458528
189496749
109115531
170959365
66376619
136352349
82799166
76174117
151148442
82083209
190974328
25922616
64527692
84837402
64995495
165921005
35226904
181725644
28024069
219072698
219024969
165021823
69391948
86611555
76447194
172511849
58938634
7006607
91648378
143034695
110197555
94736405
119649848
36760128
148924541
21167831
138758912
8756270
194007154
77425408
142024577
35500024
96367376
174494275
86616680
102289958
31954712
136482800
128860393
90331673
105302570
167829148
122952884
49222601
193165548
71327974
169692130
204736101
147710084
165589337
92190157
139386492
184620512
80028714
211134831
118407001
48325791
18768107
13610952
151750956
153187015
70290794
4777471
45108023
208131079
98451849
24239256
160318604
202003194
29156083
189274295
140728458
190550053
133904251
200799817
174801977
20087942
220281353
85773150
7053840
101875951
208285973
74425472
172406601
25359391
125807754
185986162
67984293
48471421
80888065
47539592
3802319
105888785
148056801
162614101
82129529
151852638
165545379
168534458
120468865
153250749
124826182
175982840
130801033
117780107
185115616
135274768
14805296
101050811
78777979
48156844
64494941
5732316
86591787
219131460
6921724
195377452
32816586
212968840
4234245
85402719
102477114
88328573
1479691
53819203
71582425
110571452
5775480
219177581
50486989
62605556
180386284
106346800
162432212
44447581
185586107
79378518
40512239
97203150
143395003
209348672
185676908
48968137
7545077
218767565
115237086
159648688
128849899
187763499
37191643
136428780
211845332
53492696
14953420
70728421
80161683
145936376
209047963
195467931
102241859
41103686
88644103
120911859
90158165
211828740
216816636
104308569
185957349
67345004
49801697
119390937
104545503
97371523
199442412
208662602
184524997
19372199
108897624
200736443
128553686
95393153
194911799
132559542
20965299
93021534
82016579
159379614
25772916
166742176
159822828
131779929
117058196
180289306
147888474
183730810
93339617
207671544
62744044
121991089
22583318
209185860
55775963
52665311
6496441
3436996
21972228
43223929
176617576
39069469
97149420
113079668
158172718
184723475
136803184
100829859
83978862
45594877
73115738
20538533
179830816
121464979
141250133
155504648
188605749
151514503
58675598
64761343
126567631
85711610
127104520
143646440
130745393
206086422
177700490
32705972
56440050
3828585
150169190
25771758
44867137
200885247
27203841
62058436
80413717
212614436
23434491
3562223
35513587
54329158
203301577
83996967
98116058
90383585
153612933
8946990
129543870
81740218
86882450
34733213
139523226
18538579
40881355
15319897
90114376
48787917
121126380
194494295
11731592
117271090
28414856
130859516
198249832
76001836
52425709
76261635
99128590
163975523
121553200
78895549
52799798
67780464
136691215
208026578
12215902
126174973
115228325
41744691
147180387
192810824
43134297
129315203
209596934
213198247
171609616
158948619
47006747
170730537
46596925
214241512
130921562
110525143
4441891
109433538
120797599
26940631
187335870
45368670
1061367
163513624
114399057
84046890
39486155
210440940
21375888
177918437
40333796
9658951
112886259
52440495
65511789
128862012
50522478
12326599
115433358
107239838
123563098
219547000
59794132
132003029
166708181
147592168
84156834
81862964
203471881
114195165
156235057
210325902
192757255
85269926
178617719
195705347
63224571
52209634
53553008
168714343
126917037
179537157
112700009
91634818
178840526
188917567
158643033
47918883
151936731
199928923
10449460
96657714
212401147
64544586
52511456
101848479
141008849
193276018
161027742
50199892
195489842
102065024
26939818
210495458
169999621
5065376
96007472
219078326
90328340
214636319
214211230
168725744
187015473
196523924
163902434
3255987
94917554
202807932
107680757
53937605
174075232
174049878
28824986
14132971
117312097
71223219
74923994
186687363
39934132
4919346
3470073
217412690
62034110
82443958
199559723
63514991
177864826
111211919
152521025
65884184
84419264
151606787
72561363
192816581
130586823
47412008
192911704
49920674
134568238
208761621
23502972
131342574
216355524
171534866
43695021
72397545
117648047
208873867
56608671
183510514
44443666
6876125
26616226
22838428
139511964
162583678
54050263
98603268
72454466
209772860
122177168
138310538
213760181
52045813
149687240
181045727
119139177
121950587
79386452
17225748
145990332
140389891
208134849
133773145
217647222
13207240
37266076
20577219
76888251
201854355
121551017
98448124
122954401
68872269
199528602
144867765
35527276
198979447
80454465
159049374
20073940
217610463
205564151
58369015
81854313
183504273
9123935
173909650
33927740
101406628
123454026
169263025
77600361
60585334
136604064
21996914
100679525
28277009
95411899
184442487
123151061
16146777
98150521
76611650
185824185
217954910
73497303
184895828
128114621
12218427
204131764
96477007
103545425
172421247
159963534
152019791
148306877
194870557
48167113
19051271
146008977
101809507
194743753
66511354
27269692
142379486
67302799
170003644
71916203
126259568
90116700
11769621
31649040
9685346
145571747
74505435
24092814
211393682
20569578
38472698
110210440
20820014
86087702
161501405
206342875
34913183
132390761
56803246
27003263
172635023
204539273
39898321
32600794
23828828
98359950
114298910
213008420
141389658
126534123
118235882
4316689
63573345
37461637
54193392
165210957
171718202
78248449
144522732
207008876
93362712
58718775
56986826
37153030
160999660
192133880
171909164
6465940
205867065
31470874
7501105
154788229
159580567
50123605
86519481
122227074
96235338
71431149
76123116
35111504
173792724
29274583
53236468
181994847
47064090
38312057
7514983
119624021
52575453
144179756
45686211
142426658
172215266
33392936
160823901
126259274
122019539
160281533
125550861
187783072
39516099
104491989
160796561
95172991
104342657
189757274
203585218
21939952
118397229
29782284
199622951
94699441
12943034
172100457
22204787
92894989
88515617
10251856
4240251
159336556
40548888
128480236
210523487
205140028
162318065
114074755
41722126
112416090
7215752
189091615
127717086
25504475
18201172
45062502
18439889
8763814
20499116
10746871
175022566
161465177
12227607
84430825
187964657
207785616
214950256
202144961
77916492
36659380
20350011
204650954
115887114
104231870
134674285
113567717
51736347
143110615
184994722
152586447
12851144
122182432
103919711
85875613
31314924
97908760
64108944
71259681
125040920
150078322
78851681
15440152
132461648
12349704
66088297
8324401
160102925
6218550
94576161
33160922
100161762
103762996
101948989
196355889
3744352
92227034
19073508
153949290
198727419
133023001
157594718
54614088
204563438
25396518
83725789
89950997
4806650
184409035
14949534
6883864
120737597
130325433
189358465
195207674
131620476
859786
156724071
201188417
160918096
3957491
52950364
83935151
10975374
168533000
24984280
108506802
199753358
15129148
15389676
214195092
84989522
45389697
58849957
172052587
24769595
34681052
38323339
92574427
152504790
128178484
169715046
138992604
110321781
48791539
43488764
3146540
216989193
2612865
16389799
203943404
169566721
216040033
158885519
183183772
158166802
140492859
210772573
31462052
37778961
111940659
64739880
24737437
172875839
171090879
145816844
73369268
152282280
204813577
175529002
179083988
179373382
46403328
12140351
189169082
17903602
1785755
50711388
57627090
172281551
202101401
124024750
206445186
153586828
50778540
107683110
82580899
66125844
123903278
143569604
156345781
26423912
187433581
207863178
50679700
179423219
124578356
54223116
174331916
73058051
76175578
13622595
161938177
160420359
109584691
129581273
163581815
96420576
101099846
183850749
119118996
50205768
105309333
170056494
175077988
31906679
123102484
154235311
14922354
198080226
206338374
210779047
7011916
69394222
10323862
28738834
13537916
33954028
2104299
169133420
155871449
206580158
3715315
160280931
193892771
102509270
40102503
178583968
44801330
11122213
88953416
190675129
197056672
203056364
112310707
64967216
170864291
190800234
218024810
105225223
211339725
32625472
156007925
64715656
100215020
19684659
130264813
57806856
164343898
8224053
101888173
95175169
5300250
24694951
44804156
53665809
96723591
132003531
70986719
148868876
183665924
53353258
53957583
125294761
7250220
25360060
161071976
83000783
99819458
131924564
188659716
116140552
27801400
81824838
115507869
97760726
42171922
147550856
102001420
57799246
73075370
70476936
116903356
118072481
60490349
40099130
52989978
213409901
117440168
160992637
213661827
77297480
119017507
97987440
12636439
150794824
65818669
10398107
1488514
129623175
124124685
184131426
220279199
84811264
161531843
41056629
43225305
24563937
122536899
75817656
92891329
39994292
206053314
