946583475
39950867
12114520
344042237
925236152
196637666
522940481
585398886
153165178
111583555
605886099
982385470
322756559
612482216
897028405
972371026
571912484
93984365
630146423
284805281
584957467
351316787
631855216
707739262
808047962
89733919
834604257
813408335
454854794
759626715
579663218
913905522
454825278
438066916
809423802
676336985
210529554
906404775
326143653
957110157
421562634
201883325
584386435
630007681
950407833
828742441
150520963
679497957
785760061
496415760
240984396
12974717
226881294
715342375
675663390
575681570
293107971
562549787
206992611
815469254
406325761
309061957
801979502
560646373
332629408
257259704
725406157
546563863
720899218
37192543
658038358
729297927
318369742
375506671
983549787
56105526
933512819
702764177
55307713
607042290
866039433
439734632
507249863
912654287
196399944
627655868
483778691
507827717
953541176
87423734
236118847
680322003
722678098
774265276
300745552
923101257
366177209
303133220
661573144
267525740
855950284
372565629
234525672
558258144
788091721
990045362
603627357
909632691
979266548
223405379
65985793
579774990
702571339
28535215
515971571
188207922
727534750
764042959
917490644
906621340
917461591
296768365
540098619
138470988
899363546
155953253
232652473
741953946
924003238
321973676
244838798
656221727
494911421
207312767
686654464
569142200
886143451
370253380
548207070
604762180
861629814
851715626
773303790
924853937
217161759
462307118
705574760
714202914
666673581
880693682
784900219
310904143
852230512
375170415
793093242
984142205
378696446
786726049
949732223
399120098
306395801
41555208
768385820
112996042
735081098
670942872
455600638
936065300
486518924
500533350
988193866
850789201
358408754
537353802
463646635
334790424
470717565
887822547
229320349
348377491
897930150
984334746
969717397
958230068
281277849
949611829
654081536
492097416
715689697
760068450
95277055
224685825
568081371
250853796
140631019
42784048
673705430
837228407
993160070
863575382
251525971
721763363
602404121
587987857
300721262
34765811
871149600
64479389
694643905
194635367
567463156
473026568
579709237
40673882
262286398
837366250
503688439
673660202
526954407
888537039
929642723
617405434
369832147
954171549
367585597
2633893
240889601
352558141
564071239
488691189
724601691
823383353
186850702
386252341
402565600
959459925
286927681
105465149
55421103
660438531
555626748
723902846
307518475
124502089
545959603
305070106
923671090
227159695
740041254
911744955
748783551
32503088
711535040
139412863
10103242
764670771
347443234
851302424
242619737
12957092
603493855
506734760
917024647
823701225
383222874
793770352
666360560
568912658
303735173
711523281
462041791
924078762
842217943
882804915
313423144
99250283
586147409
447941591
252742413
444976102
707875089
782176467
338493708
327720930
917436660
511175892
460641356
524860105
88104010
533726300
460159174
355091832
129995126
895260908
666809027
688914358
31184556
537751710
192500047
157946165
533791506
24847507
717385940
616202938
155154417
820507025
961701068
774517901
872487091
770428514
72291567
949915634
671909536
347173538
801150199
102752599
820018067
872341887
579931208
207728702
956713206
854761761
554192598
449445218
227320981
154599154
886795390
174579377
767951697
145407838
201895964
137078910
886916214
482682055
946485355
699995324
549838953
772323943
334624351
408563508
811969333
814580077
296430615
93101051
306365013
213776637
472684699
908987039
844464526
782720425
248233288
146023880
674836680
719284610
705255338
285205225
9939206
104955783
935225393
609490264
387287568
939139519
707009953
564418832
211818583
407744853
249341660
511936473
284481487
650811070
474210011
246216169
434267633
393535888
663379909
218595224
901736651
558505443
351973037
986083926
604193828
538155115
435959568
55048440
17423251
661810383
685765588
493785152
271513249
927082911
80511139
764827841
768371843
920188673
702503945
951003111
992109837
507833685
668121220
947311940
506486679
323629757
869788743
714366057
228466564
407649141
683804136
749992967
751683151
888142179
809816066
279953648
615019582
299676263
216756048
955078320
120814141
478168226
88388282
801609765
599283010
770657159
691207315
442543394
850274920
110357400
747922827
911445864
852352318
146630693
871749235
278754964
542212919
454765258
948485851
83035186
630422203
814216833
318414213
884650382
988874655
550000906
238191246
792108409
286198045
388483086
512422799
130251689
319051400
312944959
968210757
393884660
974888661
372571660
345625282
878213572
49515123
492823301
551258412
881517334
922233754
966739937
590353586
517550930
155841095
688652951
406774131
397697303
672172616
480627993
980464639
187672105
760759726
785098987
209463308
654072463
2332894
50409369
182599517
324896359
560532191
777207999
612791561
995685388
440839171
564107255
944713517
826776253
164886648
695970692
750956479
983114167
271079329
909360014
958813037
387429502
846888787
568820257
763160830
707636411
756648263
726024991
593227305
439000546
136030676
801256597
974138817
855263232
546703893
395407972
976747784
376697675
368334128
91062223
561511600
882581668
363591337
55290483
673155679
199826376
928695265
259287892
223884223
650491401
489946821
316196789
928913154
484615883
528650039
617898761
138762648
821705105
127662071
390892811
622157634
119451415
35066846
372582850
733663576
618728434
123382649
162365318
103079267
955984112
384131065
263780615
818407576
30134555
466971458
155550225
214316477
92960942
654711309
376249972
464373365
86459973
268135160
991641207
435653157
698517305
48433171
214466245
248714070
491565469
861322021
260303144
238506925
945949286
199740858
365286616
663352742
392185001
174142928
451989676
608884113
859558708
443331852
950778032
752178793
633083576
807215141
579904970
478671690
829526942
904984606
385884917
580957459
543028751
999839313
456830714
236205423
972130315
810549680
87052950
755374560
589249042
21455743
818578285
244639687
539085799
661303366
994200219
906943388
913132575
665927838
97792901
271261124
978949847
646768061
409810327
801505036
908810119
269250895
119573917
746749816
705559000
114058907
377661373
387427894
125071359
940054090
84282716
812623028
32290755
180039555
679392874
12680801
366050947
678607628
395429926
146365117
595517491
157398180
911636832
390577274
922161230
255074212
238182869
916878505
123053394
933697046
115399792
397022461
945949064
478287904
132243770
338665675
412912241
68616535
354039305
879359439
409677550
292672819
792961662
402704275
330728340
451723028
787003793
932405780
156857172
961553145
442445241
117855096
297994895
641024500
573106880
79980303
195899123
606891638
891648790
898558522
506747011
678033631
557843333
520031361
199058491
205101231
525601386
331987269
45626272
385589758
360267128
825858125
348667189
726974277
346501764
904804191
849917342
748726466
314516266
335323903
305107564
760855564
678775309
173844496
209977274
779564979
322419264
362275574
448298708
390786130
402555043
323912851
119930831
18913652
154833383
608530444
998585375
214219046
763127041
79561219
175882250
888243786
347405443
284696818
438899306
505339344
997181510
732555926
263635249
423747002
982495627
554752916
207491339
550917312
714964
203591265
760580805
458434900
430275530
792451237
353697148
780335862
780486132
888283852
431017517
676456872
597876518
198420026
195904846
672268935
973671012
935279119
422301338
693209927
493504281
912743059
116969305
733476535
666435999
631773940
64874525
55803402
671107899
940807145
738828384
444689958
992318158
943222006
361731174
909153242
841351119
295937732
270531288
65842712
880981846
806908027
511908433
541771263
200658293
418999524
83194758
981174872
68698774
830055971
930088942
102788369
969096163
476404941
781423768
867970500
412898140
894625744
253021608
823108096
874337645
930328268
111636918
196796624
887523683
553144673
179011110
99456968
322992612
119894215
479644642
687404223
92495580
737718369
810094030
62694991
412377156
704292678
38493259
352647773
493150142
417751339
134898353
781205881
236300709
548720787
949669662
671739743
634660064
812345986
791379534
279185324
323203546
812761223
607739844
680165995
11126022
703402033
434725738
424303357
79548883
276246943
452396310
136110060
483232998
727097753
86283074
779375287
398241601
39417091
19391283
298731663
17128304
708600775
474110606
226387920
385519926
516873252
989384382
725991915
99910754
734156663
635499990
651601343
820944734
613974525
537526895
639236418
89089719
170802378
581548870
650917220
384363602
613778936
425138519
21809481
910839449
426131673
449542461
752832694
654627869
787437046
494171460
450159592
662107727
260158243
453694285
898923966
889680210
993290052
962513734
6871651
598580911
167869878
547915027
87414204
387254590
208327964
199900920
979382481
489858809
547045983
966690063
564479580
615347617
683050257
835156174
156409436
174352485
22105578
439882231
462121766
836106346
631226468
475414960
236735855
25517398
913785197
770104195
540833584
573211348
713464361
875215196
690202726
223330368
945622999
66158978
953959903
381651990
578601151
391705083
949700176
762560551
477525971
318212954
389925136
506913824
243441835
911473551
845860479
640848675
878121073
18371834
703665922
38661706
22716574
912687281
410988730
256923596
590516776
40418160
411262162
745396525
756859615
445890984
34069984
937283006
875626500
165127088
756010937
119355510
120042664
101585615
630706604
523227587
425006220
133937690
880499996
692290181
513244198
297283322
671637370
868215931
409145915
521979442
813775162
121003448
59325620
183855028
429946927
240127683
802740173
241297418
288361310
686623000
265728792
421063916
286162938
8192186
350755645
637198568
642411976
141497250
770986741
102375472
21398170
997728484
132458875
69091647
201046162
425356509
969808104
87563285
530662746
122002428
995627332
338874460
181067421
129822702
480792048
131335240
137900461
184194151
385040927
72569801
