49 29 1000
S 30 33 34
M 11 15 16
M 35 29 37
M 33 32 39
M 12 6 14
S 36 40 41
S 2 4 5
M 41 38 42
S 20 23 24
S 26 31 32
M 21 17 30
M 16 18 19
M 14 10 15
S 4 8 9
M 39 27 43
M 43 42 45
S 28 35 36
M 37 34 38
S 7 10 11
S 19 20 21
M 31 40 44
S 5 12 13
M 9 13 22
S 1 2 3
S 8 17 18
S 24 25 26
S 3 6 7
M 25 22 27
S 23 28 29
21 13
11 6
27 12
25 1
2 17
30 7
4 11
43 24
34 8
37 2
20 14
5 5
43 5
2 19
26 4
13 1
11 5
33 3
30 19
27 14
18 3
34 5
27 5
45 2
9 1
35 2
27 7
14 16
45 23
41 1
14 10
7 12
39 2
12 1
2 5
28 2
9 3
9 4
42 14
16 14
24 3
29 4
12 2
21 13
42 17
38 3
12 3
20 12
31 2
29 1
5 8
24 8
31 1
28 1
26 1
6 11
40 1
45 36
41 1
35 3
30 8
18 1
19 1
11 2
27 1
22 2
5 2
7 3
27 13
4 13
26 1
34 2
4 13
29 2
9 1
41 1
22 3
15 12
24 7
6 9
4 4
28 4
6 1
6 6
27 8
38 12
12 5
21 3
5 1
34 1
8 2
41 1
44 3
25 4
14 4
2 3
43 3
22 3
29 2
40 1
39 6
30 17
33 6
25 1
35 1
36 1
23 3
25 3
18 2
17 4
3 23
35 3
38 8
21 11
25 4
38 16
13 6
40 1
37 5
15 8
5 11
21 5
4 5
15 19
21 10
36 1
25 2
17 4
11 5
11 6
25 4
23 2
30 5
24 2
13 3
22 12
32 1
33 8
36 1
33 8
18 3
19 21
8 5
24 1
3 14
23 9
40 1
44 2
16 16
23 9
30 17
20 6
36 1
34 8
13 5
15 1
6 10
26 1
4 10
36 1
39 8
7 11
45 26
5 5
28 3
31 1
39 2
44 1
45 29
12 1
43 22
32 1
36 1
41 1
31 2
10 6
45 19
8 1
41 1
24 2
3 21
6 10
34 8
28 5
34 6
18 3
26 2
45 32
33 4
15 7
15 13
45 43
27 14
14 5
37 4
40 1
15 17
20 8
8 2
37 1
32 2
39 6
9 5
24 7
20 3
16 28
32 1
7 1
39 3
13 6
12 6
36 1
19 21
28 3
27 12
12 6
25 3
6 7
37 4
43 1
11 5
22 5
29 3
35 1
36 2
38 15
9 1
22 12
43 15
44 1
3 19
43 16
29 4
30 11
36 2
18 2
20 11
8 6
5 6
19 5
2 24
23 3
41 1
39 8
6 3
39 4
36 2
38 17
2 13
5 9
22 3
31 2
7 10
23 8
39 3
26 3
30 14
25 1
13 1
9 4
31 2
35 3
8 2
32 2
36 1
6 3
9 3
45 40
7 5
5 6
5 7
7 5
16 30
24 4
15 23
39 5
20 11
45 41
24 5
45 41
42 17
11 6
39 9
5 4
26 4
11 4
27 16
7 11
28 2
18 2
26 3
19 13
25 3
38 7
33 9
8 2
29 3
40 1
3 10
34 2
22 8
11 3
8 5
15 22
4 13
6 3
26 1
17 1
32 1
27 14
41 1
6 7
43 25
22 4
28 1
11 1
13 4
14 11
32 2
29 3
41 1
43 1
3 7
38 8
17 4
2 23
24 6
35 1
10 2
20 6
4 13
30 15
18 1
18 3
20 14
17 4
41 1
33 4
28 4
6 4
41 1
10 1
7 12
38 3
7 10
13 4
3 5
31 2
36 1
41 1
2 6
23 5
40 1
22 12
36 2
23 3
15 7
44 3
17 3
2 16
37 2
25 3
42 4
15 6
44 2
23 4
9 6
19 19
26 4
22 10
7 9
35 2
19 17
31 1
19 4
16 14
23 1
21 5
15 24
4 1
38 12
25 1
45 7
20 14
37 6
40 1
12 5
13 3
5 5
15 5
2 16
11 1
2 23
4 12
42 4
10 2
15 8
21 4
19 13
10 5
36 1
42 14
37 2
39 4
12 1
14 2
28 2
26 1
22 12
26 4
9 4
40 1
20 15
27 14
2 7
22 1
21 15
11 3
35 3
23 1
39 5
11 6
22 4
18 3
26 1
19 10
29 3
37 4
31 2
19 18
21 5
2 25
3 10
15 8
43 18
28 1
10 4
33 10
14 10
27 16
36 2
35 3
21 6
9 6
6 9
31 1
43 27
12 3
4 11
31 2
11 1
6 8
28 1
45 7
23 5
36 1
42 7
2 5
40 1
9 2
15 21
22 1
34 6
27 3
12 2
21 5
21 8
26 3
31 1
34 4
6 2
16 19
20 17
18 1
9 5
45 35
37 6
17 3
33 9
15 24
3 14
29 4
4 1
45 24
23 1
16 11
17 2
44 1
31 2
20 11
45 12
40 1
4 11
40 1
10 2
22 2
27 6
22 5
29 1
36 1
39 10
4 2
34 1
40 1
3 4
30 1
27 14
35 2
22 8
12 6
20 13
14 4
34 1
44 3
34 9
32 2
43 6
31 1
10 3
23 2
38 7
11 2
7 6
45 1
5 5
16 4
17 1
42 3
40 1
25 3
26 4
18 2
31 1
26 3
43 19
40 1
5 6
11 6
26 2
3 3
39 1
25 3
10 5
39 8
29 4
41 1
35 3
16 12
18 3
8 1
28 2
12 3
11 2
8 7
37 1
17 2
22 6
34 1
34 3
23 3
26 4
20 17
14 13
42 9
23 5
16 18
44 1
43 4
10 5
33 10
40 1
3 14
7 4
26 2
6 5
28 4
21 6
13 5
9 3
22 8
15 13
33 4
18 3
9 3
9 4
29 4
13 4
19 7
18 3
29 4
33 6
24 1
15 22
29 1
40 1
28 4
12 6
35 2
5 12
37 5
20 11
25 2
44 3
24 8
34 1
31 2
30 15
27 10
40 1
33 3
35 2
44 1
12 4
44 2
42 11
2 21
21 12
32 2
37 2
27 6
37 1
28 2
23 1
41 1
24 8
10 2
25 4
4 3
43 2
15 22
16 4
29 4
13 2
18 2
22 1
24 4
19 19
41 1
13 6
6 12
37 5
7 1
31 1
30 17
20 15
12 1
38 4
12 1
4 3
43 26
27 6
28 4
27 16
45 46
25 4
33 7
6 4
14 17
6 1
18 1
22 12
11 1
4 1
32 2
34 5
33 6
34 6
4 7
8 2
24 4
2 15
17 4
36 1
36 2
6 2
8 1
35 1
40 1
3 14
40 1
39 9
45 20
40 1
18 3
35 2
24 7
28 1
33 10
16 21
25 4
12 5
20 7
25 4
40 1
2 18
33 5
22 8
10 2
13 5
42 16
27 6
11 1
22 4
27 3
41 1
27 7
33 4
15 14
26 4
37 6
3 17
31 1
4 4
2 16
38 11
16 20
34 1
28 1
32 2
15 23
35 2
13 2
12 2
45 43
13 4
19 1
30 12
39 7
42 2
36 1
9 2
27 15
33 1
26 3
9 6
37 5
44 1
10 3
10 2
38 7
45 4
33 7
26 4
23 3
29 4
35 3
45 1
25 4
32 2
42 11
28 1
8 5
15 11
21 8
17 1
30 7
6 1
27 16
23 6
23 6
25 3
10 2
38 9
15 24
19 1
20 6
33 9
11 2
5 5
24 7
43 8
7 6
37 2
29 2
41 1
13 6
12 6
25 1
20 1
8 1
38 15
40 1
26 3
11 5
37 4
39 2
37 5
11 1
21 1
8 1
38 14
38 10
34 3
27 15
42 6
14 3
16 3
20 10
30 9
24 8
7 1
10 2
2 11
3 5
38 14
43 11
6 2
11 1
39 8
5 12
4 9
41 1
14 1
36 2
2 15
43 8
28 2
11 4
45 8
23 7
38 14
30 4
39 3
26 1
39 9
26 3
26 1
38 13
36 1
15 15
27 7
45 39
7 4
38 17
9 4
15 22
31 2
7 3
24 6
11 5
36 2
33 1
19 32
36 1
31 2
21 10
5 1
18 1
34 6
14 2
16 11
26 3
3 7
6 7
36 1
24 7
17 1
5 8
36 2
10 5
35 2
9 3
22 3
23 8
44 2
42 12
16 6
17 3
21 8
24 5
6 6
18 2
38 17
31 2
37 7
22 5
14 7
39 11
39 12
21 11
35 3
17 3
31 1
28 1
27 16
13 1
14 15
37 3
2 17
29 4
10 4
14 6
7 8
24 5
26 2
30 14
10 3
9 4
23 5
37 7
34 5
10 3
39 4
20 1
42 7
5 10
8 3
5 8
31 1
12 5
22 7
22 7
41 1
28 5
3 13
43 4
4 13
10 6
39 1
7 2
7 7
35 3
27 2
18 1
24 8
24 4
13 2
9 2
40 1
45 5
21 9
35 2
12 3
39 12
6 1
43 11
11 2
32 1
23 9
13 6
36 1
14 8
4 6
40 1
3 22
9 6
15 7
28 1
9 1
19 31
14 13
45 19
44 3
26 4
36 2
8 4
35 1
20 16
25 1
21 2
12 3
11 3
38 7
7 9
43 17
13 5
32 2
24 2
11 1
18 1
34 5
17 1
27 15
26 2
11 1
32 2
2 15
34 1
16 6
24 5
4 10
12 2
25 2
19 3
8 4
20 1
29 2
31 1
24 6
44 3
5 8
5 7
14 10
6 12
26 2
29 3
37 7
13 5
31 2
35 1
