2154
4268
257
4942
1001
998
3549
558
6564
3501
6505
6038
3021
4882
5324
347
5176
46
4815
3758
1332
919
5119
6136
1008
1562
5974
4272
3961
4371
1872
4352
4782
4184
2838
1957
1971
3142
1305
1063
3909
1406
2577
3152
1075
4508
3324
4131
4508
2020
3129
3911
568
5967
2295
2568
4518
736
5784
3820
4644
4733
3329
2029
3618
4114
6025
5418
614
5977
6128
6550
1015
3043
6122
5122
112
3086
2575
42
3042
6297
6441
6111
199
6407
5557
2015
2679
1711
3512
2879
2224
2255
43
3246
767
2630
1882
3427
275
1686
2709
435
5505
1345
6317
4611
704
2469
2309
981
5663
584
500
5151
4563
4105
6021
2479
4145
916
5989
6408
3820
1398
2837
4839
2190
2839
3638
2891
3650
2499
3116
5890
5230
5962
2417
1639
6354
6016
2364
1103
6181
5964
1823
2482
3326
2455
1719
5631
5480
6444
1381
3952
6494
5983
5773
2013
2224
1290
774
5480
6530
1380
4072
1880
5890
79
5148
542
4826
487
465
124
446
3262
4767
570
1002
5968
5224
3492
2142
1092
3743
4512
4666
6598
4234
3668
3757
648
1563
2291
3464
6046
6491
2747
1843
5109
213
2045
2382
3697
160
11
4828
2275
1766
6249
5728
2014
3674
259
5026
4924
2326
1790
269
3234
1314
6303
3300
2156
6429
5613
5152
2082
4710
301
143
1398
2355
5575
5242
5914
3722
3097
1347
6609
5761
5258
1041
889
2445
5507
5935
3175
3783
2380
4257
1632
5352
2826
1612
3579
2606
5047
5078
1749
3439
4263
4585
2998
6142
4992
5947
2634
5935
6629
3526
3253
3932
6574
6325
104
2348
1792
3085
2795
4198
2068
6527
5836
6711
610
4354
2137
2891
4443
1510
299
6606
2850
3672
5529
1056
5473
2357
4550
4062
3617
6198
6265
2581
4489
4982
4499
4805
4761
2767
5673
4208
2228
2487
2077
4332
6520
1198
4501
4304
234
4547
1010
4969
4967
5155
6171
486
209
5633
1813
2016
177
41
3792
204
6020
6570
3043
3226
3907
3646
1758
1949
149
1023
330
859
4831
4760
1672
250
4005
5728
802
2368
606
6652
1656
6108
4966
1639
1711
883
1950
5244
3212
5616
5802
3765
1917
6328
4560
5049
4384
5370
5262
191
1049
3017
6455
4083
4775
5051
6610
3349
4693
4916
52
1593
1502
14
3303
5231
1637
2701
3187
2908
4460
5219
3734
2625
3690
4602
4008
1491
1077
3721
5468
3722
5094
3620
1139
1301
6446
1819
475
5532
5445
4280
2751
96
4741
5012
3616
3743
5945
18
3131
4955
4836
2561
987
5010
6323
4199
5197
6443
956
4722
4202
4464
1886
4437
6366
2159
5400
5184
3909
5212
2840
3360
172
1333
1161
6248
2204
4135
963
6093
3932
4824
2856
3134
5402
1949
5267
3044
2415
6486
3224
1607
5258
2845
3219
3359
6060
2718
2074
2
5896
5489
3990
5056
2709
5442
5092
5559
832
646
5644
4900
2295
3898
4939
5442
6720
2940
1785
6139
970
1900
4637
1407
4308
5967
6389
5729
6163
3299
4367
3027
3648
481
2507
3112
3742
5324
688
1542
4117
3506
1643
6638
1263
4313
1570
5328
4236
1778
5341
2347
6406
2873
3075
3088
4594
4476
6617
2954
3858
2189
4299
4340
6313
5754
6434
5298
1061
6432
784
300
5614
4155
776
2871
4140
394
563
2460
2713
2791
6514
6507
2393
2325
2649
5754
2488
4289
3512
5164
1005
2090
5951
4670
582
650
1630
4863
1762
1795
5389
3463
5282
752
2625
5437
2170
6024
4804
948
4286
552
4734
4058
2186
1979
686
4231
3637
5628
4979
974
632
1638
868
334
1858
6029
1412
1284
4781
2476
4517
4467
4785
456
6274
801
4998
6700
2241
3668
332
5313
4169
6566
901
6285
3760
1922
2849
5864
2262
5115
5141
320
1433
5056
1553
1287
4118
1583
6631
4416
5731
5438
4608
3431
2562
5973
4683
5931
1913
1930
4482
1390
5322
625
3936
5710
360
1353
4191
317
3302
4951
4510
324
6087
4162
1133
5963
5508
2375
3237
4424
2071
6102
5029
2098
522
5138
676
6506
1519
4329
3166
5712
6483
4615
2881
3826
3959
6017
1146
606
3056
1100
3484
1950
6189
3948
6276
5049
1196
51
3683
4956
2485
5214
4669
3704
1487
2110
4607
484
6284
1633
2800
5486
1903
5246
6116
5900
4136
4864
2890
4615
4930
5167
5712
2951
5995
3535
39
5781
5502
3717
4085
344
5339
4424
6439
2460
4237
6066
4060
426
5431
5590
836
2395
683
230
2342
4547
5178
1377
4273
3498
3021
1837
5805
4759
4222
576
4899
6611
1724
1019
460
1772
5529
4832
4904
1962
4483
5283
830
1539
4341
1402
5211
6010
1276
3998
1119
5571
4597
733
2972
5641
4080
4111
3787
3973
3531
4733
4993
3733
1587
6291
2410
6014
510
2851
1950
6675
6705
4890
1675
3663
3618
4861
3838
4457
1677
3931
3969
1101
39
2968
5875
455
1161
4335
2816
1232
5751
4704
2604
1647
6500
3479
27
4440
57
6608
3351
5148
2921
2268
3839
5140
4445
4261
5796
2586
383
3173
3759
2651
2829
930
1026
5359
5330
3892
4095
6419
3816
6116
608
6630
5574
2470
3256
1666
3760
5436
551
612
5715
2938
3613
5083
1356
1217
1709
502
2214
6252
2240
3519
675
25
651
1457
3796
2627
544
2455
1285
2431
839
2776
2898
3466
6663
5351
3230
2823
5857
1440
3440
2362
4249
4224
5565
1444
5115
2683
621
5570
1895
2130
4937
3893
5876
3106
1777
3891
514
417
3133
357
2422
428
5895
3053
3368
6142
3173
2122
2150
125
4396
1881
282
6308
5321
2048
6376
3110
4718
2458
3283
693
1351
3555
4942
4677
1181
3964
1183
4918
3829
6668
2692
5124
6022
2524
4523
6703
5215
5137
2997
1668
1918
4571
4982
2045
2134
791
679
629
1965
1785
4610
318
2685
1354
943
3908
3833
3981
1794
792
4043
5020
6010
388
907
4325
2756
