70 8 1000
M 4 3 8
S 2 4 5
M 7 10 11
M 11 8 12
M 9 12 13
S 5 6 7
S 1 2 3
S 6 9 10
5 8
2 34
5 16
5 9
11 5
4 2
9 4
13 36
3 24
10 1
8 53
12 37
8 50
2 24
9 2
9 4
3 27
10 4
13 32
9 1
4 6
11 11
13 27
2 12
8 15
10 4
7 5
13 24
4 1
5 11
10 4
8 40
9 4
3 4
10 2
4 6
9 2
4 6
7 3
4 8
4 9
5 16
7 4
9 1
12 55
6 3
6 8
6 1
11 1
6 3
3 33
10 2
4 13
11 4
11 6
10 4
4 5
13 38
12 51
12 58
7 7
2 28
2 12
10 2
13 37
3 7
11 7
13 42
10 4
3 6
12 39
3 11
12 62
2 19
3 17
6 6
10 2
6 1
8 17
11 11
13 5
13 32
4 2
12 59
5 4
8 37
8 15
5 5
13 2
6 3
3 32
3 5
10 4
12 36
7 8
8 41
4 9
2 5
3 18
2 3
11 7
11 5
9 4
3 18
12 9
10 4
3 21
12 29
12 9
8 22
5 12
9 1
5 6
6 3
8 16
2 35
7 8
2 22
13 28
7 5
8 2
10 2
7 7
12 11
13 30
12 7
13 21
5 13
13 16
11 6
10 3
11 9
3 15
3 17
7 8
10 4
11 6
10 3
5 2
4 8
2 5
4 13
4 3
4 11
11 5
13 16
13 61
4 7
4 10
12 53
2 30
3 15
5 2
7 3
2 7
7 8
11 5
6 9
4 18
5 5
8 39
8 52
9 3
2 20
10 4
3 17
2 29
6 1
7 5
4 15
5 7
13 2
13 36
12 50
4 16
2 10
2 26
13 70
6 4
4 13
12 52
3 1
6 4
9 2
3 25
7 3
4 4
6 9
8 21
2 34
9 5
12 34
9 3
8 42
3 12
4 7
11 1
5 11
6 2
4 17
10 1
9 1
9 4
7 2
10 3
4 15
10 1
3 17
9 2
7 7
12 54
2 1
13 57
7 2
5 4
4 7
9 1
8 9
9 4
7 2
7 2
6 5
11 3
9 3
11 12
9 2
6 5
6 8
8 47
3 9
7 7
7 1
9 1
5 5
9 2
11 5
6 3
6 4
8 7
10 2
7 6
6 9
7 7
12 12
11 4
2 24
9 3
3 17
11 10
8 2
2 30
13 28
12 39
5 5
13 14
5 15
2 3
10 2
10 2
12 48
13 1
2 16
5 5
4 15
8 14
9 1
3 35
8 52
13 23
12 49
13 64
11 1
6 6
3 35
7 8
11 10
13 30
3 27
9 4
4 8
12 31
2 1
9 5
2 6
7 7
6 7
9 2
13 23
4 4
5 6
6 4
10 2
9 3
2 16
7 3
2 30
5 5
11 5
8 10
6 5
13 40
8 16
2 6
11 6
7 4
12 47
13 38
8 51
9 3
11 12
11 1
7 5
3 34
9 2
10 4
11 5
6 4
9 4
8 17
8 20
9 2
13 14
10 1
2 29
6 1
6 1
8 7
2 16
11 6
11 7
10 4
13 48
6 7
8 27
9 2
4 12
6 6
2 7
10 1
4 5
5 8
3 13
10 3
9 3
8 40
12 54
8 43
8 39
6 4
13 69
11 11
9 4
9 3
12 36
3 33
6 1
4 14
5 15
7 8
3 2
13 5
11 12
13 15
12 29
12 30
6 4
12 16
6 7
11 2
8 33
12 28
8 31
3 6
13 37
10 2
13 6
5 1
10 4
12 22
2 31
5 2
3 20
11 12
12 55
5 4
10 3
2 13
4 8
11 10
6 4
10 3
10 2
8 24
6 4
4 9
7 2
6 5
5 12
12 9
11 8
7 3
7 1
6 7
13 4
7 2
7 7
13 49
8 34
7 4
12 5
10 4
8 39
4 12
4 1
10 3
13 6
7 6
5 1
13 15
5 1
12 38
3 23
5 1
12 27
7 1
5 10
11 4
10 2
10 1
5 17
10 4
7 5
5 7
12 50
2 19
10 1
9 2
2 30
5 11
4 18
9 2
7 1
2 24
6 8
4 8
4 7
11 11
2 25
12 7
13 54
12 34
13 49
7 3
2 13
11 11
5 16
3 8
4 4
8 45
9 2
13 28
12 61
12 43
5 4
12 2
2 22
3 3
5 13
11 7
5 10
7 4
11 7
2 24
9 5
3 23
7 6
6 6
7 1
3 1
11 1
12 39
7 4
4 16
13 63
8 9
9 1
2 16
9 3
9 1
11 5
3 1
5 15
4 3
2 26
5 14
4 14
13 35
6 4
6 3
8 7
3 3
4 10
3 21
4 5
2 30
7 2
2 23
4 17
12 23
7 2
5 10
3 22
6 4
13 60
12 4
2 30
6 2
6 1
11 4
6 3
12 31
11 5
4 14
6 6
5 15
2 29
4 18
12 38
9 2
12 38
13 65
7 4
13 51
11 2
6 1
4 3
13 48
12 5
3 13
5 5
3 18
12 22
12 33
5 10
3 1
4 16
5 3
2 25
8 37
13 29
7 6
10 4
13 9
4 1
12 41
7 3
3 4
5 16
10 2
3 8
10 1
5 12
5 11
7 1
2 7
7 6
12 65
11 8
10 1
10 4
8 51
9 5
2 1
2 29
8 20
13 55
11 4
2 14
5 10
9 2
12 43
2 15
9 5
11 5
4 3
9 1
6 6
2 18
3 5
13 47
13 69
10 3
2 4
9 5
2 10
10 1
13 15
3 12
13 57
12 31
8 17
12 43
13 4
4 13
3 26
2 21
9 1
4 8
7 7
7 6
11 9
8 24
4 6
5 12
11 11
7 3
6 2
13 40
2 7
8 10
6 9
8 10
6 8
10 3
10 2
5 1
10 3
8 4
13 5
8 51
9 3
4 6
7 1
2 32
4 10
12 22
2 5
3 31
12 6
3 23
3 10
2 4
5 1
9 5
5 1
13 32
11 11
13 29
12 9
11 11
11 7
10 3
8 36
4 14
3 19
11 7
6 4
6 6
6 9
2 30
7 1
7 4
10 2
6 7
4 17
5 6
11 3
12 28
10 1
3 13
4 15
6 5
8 44
7 8
11 12
9 2
8 35
11 6
3 21
10 1
13 31
6 5
8 10
2 32
4 6
13 32
5 8
9 5
8 18
2 16
4 5
2 31
13 10
8 53
10 2
10 1
8 17
9 5
11 2
4 7
13 18
6 2
13 35
3 24
7 1
13 28
9 2
2 35
2 32
12 25
8 14
13 49
7 3
11 6
7 1
10 1
12 50
11 12
7 3
10 1
3 10
3 17
4 2
4 5
11 2
6 7
4 8
3 29
8 46
11 7
6 3
13 70
11 8
8 41
2 6
5 12
10 4
5 13
6 6
6 7
2 6
3 20
10 4
4 13
4 16
4 15
2 2
2 34
4 17
7 4
4 17
4 10
8 31
7 2
2 3
5 1
3 26
6 2
5 10
3 23
4 9
11 9
3 4
10 4
7 6
12 32
3 29
12 57
6 7
10 1
12 55
10 2
9 2
10 4
13 55
10 1
13 70
12 3
7 1
5 16
4 17
4 15
5 16
13 51
10 2
3 27
4 9
9 4
3 31
11 7
4 3
10 1
4 9
6 7
12 52
12 20
7 5
9 5
6 3
2 5
3 1
11 8
8 42
12 48
9 2
2 18
5 11
6 1
11 8
5 17
6 2
12 37
13 65
13 14
6 9
11 11
11 1
10 4
9 3
12 52
2 2
2 5
10 2
8 49
4 15
9 4
7 4
10 1
2 30
7 8
2 15
8 2
8 18
10 1
5 17
13 51
7 6
10 2
11 6
9 3
11 9
6 4
8 33
9 5
13 26
5 7
4 12
10 4
6 7
12 19
13 40
4 1
12 56
10 1
13 70
8 47
10 4
7 3
10 2
7 8
9 5
5 6
11 5
4 15
13 53
12 54
13 64
11 3
4 7
3 28
4 10
12 50
9 4
9 1
3 32
10 3
5 2
8 30
7 5
9 1
12 27
2 26
12 39
6 7
8 35
8 40
12 4
3 16
3 24
2 8
13 53
12 43
13 30
10 2
10 3
5 5
3 28
12 53
11 7
7 3
8 14
9 2
3 13
2 7
8 49
8 35
10 4
12 11
5 8
11 3
4 17
13 25
11 4
6 4
12 37
5 15
8 11
10 1
7 4
6 1
11 7
9 5
4 10
2 20
2 16
5 14
4 15
7 3
10 4
5 16
9 3
5 7
6 2
10 2
6 9
8 42
7 4
12 39
12 14
3 27
6 8
7 6
10 3
7 7
8 36
9 2
8 43
10 4
3 13
6 3
13 45
12 16
4 1
13 11
6 5
5 5
10 1
4 1
9 2
7 7
3 33
4 14
11 3
2 10
13 53
13 14
7 2
7 2
3 29
4 3
10 3
9 4
5 7
4 3
10 3
7 1
13 60
9 4
8 50
9 5
7 1
4 13
3 23
5 4
12 4
13 60
3 4
3 1
4 7
7 4
7 4
2 31
10 1
8 21
7 8
7 2
4 4
9 1
7 1
10 4
