326435589
4360343
91529785
567798927
78628032
355085057
372301336
100807429
150952222
256497691
342941648
656490157
581284190
193815818
59861051
70527983
235966082
592467702
633326075
518341065
201871328
226796643
136880954
90238250
90728216
289631436
397507732
264874932
271675568
638832537
262222705
277556625
422605851
40820167
364398031
598706374
122752165
408264119
581566459
66891654
390744996
274087561
652680616
30141927
254505342
257227546
511137306
377710545
393239955
60159082
525765506
351275221
357711146
242037485
94690637
421207403
97015904
387805513
189709754
156812171
390964059
574509660
336868583
469688626
514257205
83908888
207121019
218325315
519766744
229432534
534584596
117872666
521695159
583016083
564667507
190970147
235497360
198554401
70659546
376104149
197663206
272355382
549841322
252790571
270392088
554659680
242540101
656375914
550519608
259958206
205061064
374694901
641984879
111121314
320282797
415880134
147133590
618588709
404846037
618245241
232184055
69298522
332492648
301082650
642854315
75542377
191794505
647388097
368965321
577058632
425721853
21415363
369728471
429418161
206771183
118888565
288625545
358498671
182933849
257642006
308796858
155182127
493686198
304338803
580293395
311342405
559255203
471724673
587809806
489497776
384891201
585943995
654930840
276701138
492654506
258215719
605473897
134307035
157745949
21351571
169461526
125215304
539092354
24584483
347269166
395092091
387386518
541593466
169890691
656960003
580896282
53594824
309171995
43512249
18523261
16514386
377472439
517503723
23662910
84251657
273798436
42730537
184907410
576485416
241175239
491435565
50186384
432444203
65773275
616499243
351112534
475894791
170223162
342521872
359031218
82936530
473141968
548290442
659845927
450873256
494908411
380586403
49382337
475312874
497066794
405911926
393247089
369731029
425961350
237312334
514054442
545083265
344490049
32388175
514048751
101001045
68652126
461910254
482611474
93392622
471670590
306482802
619849282
621467936
341574425
168316584
170392134
250461464
246742053
329822499
30948017
224092826
394929580
579782130
412628263
80511497
289110063
444115947
337653034
126708779
370338623
7690753
177061810
517984716
214057207
443761235
393892952
350861195
58000542
382366303
296799241
11187086
263469425
514041622
591557086
515042791
104722041
235164523
493957938
467558215
33750850
271625872
556574541
171235459
46269263
423260773
157025912
484519563
579150312
297849556
510296310
414264902
103049238
39731978
118721264
505831208
510414484
135734633
378695839
298518881
534188681
433544139
490401775
526745807
30873038
611248526
493443219
157377357
442560310
392069708
97647903
547063393
552316233
546421001
404194994
623939318
32138661
329452550
275070267
25367585
561585427
550070558
278040107
59748829
581313685
632068444
332640205
491581088
454182847
221298751
594199688
286002967
235802853
274388935
456923701
422102360
485008666
168297272
92729522
419230174
339692906
60490784
284380104
11031815
590571274
83261581
87135072
551737750
285272205
12160701
199035558
298072707
422160128
172556447
335323849
188116404
274006303
575426060
202493114
657978254
464223794
536707179
50505441
134575063
226197261
258719739
165497784
541408088
135734455
595596614
303233189
542968674
406985782
640097854
140988035
85703703
102744632
425506129
646874395
16629459
210149811
86079001
406357896
319794492
113747409
384767088
495897172
304085194
200458819
43894550
253036025
136466462
197689453
366024106
554243643
173706390
309596586
562500180
196545053
426067725
474501938
435383370
70524954
67916091
165629775
55940657
250982616
70704924
615684906
120846473
543599695
109310998
225706216
342241597
182151787
158478447
369131474
309616522
155300
171514568
129465261
49604568
302657587
19590058
404430602
231139801
60077681
427587774
135915334
94002574
182070035
587715997
66116729
337723615
159202217
78303153
229007611
507354932
242085008
523264690
460124587
310975116
136037278
414494562
647593777
526468222
21527955
651394583
580614233
254018967
106917147
466426806
107975723
398531161
633529232
285379835
445275807
498602523
616003746
217178938
356580918
351617199
391204681
312496507
352730575
111528887
20084395
323704322
498908938
539449144
390337295
70338959
7689367
191304379
375913152
641135697
586105903
221481818
382136535
153281247
59032504
610879217
630470565
317951292
627257988
390861145
330152585
393351011
206205797
583800378
438446558
96517375
477660118
567096247
648268827
478454021
456221743
409652352
207309684
503288882
7914133
340069217
307372864
102827546
619484088
611317965
398005633
467660947
465263345
546522668
233534870
592783274
433519346
440322033
324545055
220406815
281029521
216959525
139832618
153683065
616107595
70996495
468382622
13548585
62438835
614707712
24114381
445582052
393628676
224896262
241546
333517099
122741738
617582877
520770323
315649153
458257203
83645304
337884749
80308705
279444880
116024694
591700052
372176250
131301633
82698589
515060794
366455246
349094751
85165292
549415426
250726150
523954060
312309869
406899217
6224938
235279448
302960085
467442718
446924343
528405847
339857979
491211926
504978705
72261853
214518081
162046625
565717452
607058756
381988617
360812401
281715033
228979839
194437572
444480547
158070086
518480788
447104341
549881908
231158570
474546891
517763895
554178858
646209017
449630882
248522596
86118735
527559045
342026059
129951322
433294211
92838514
523808773
136453403
100231904
375410865
73935169
17741182
179224231
540855710
371260971
196737925
386511708
133858661
608040314
434563616
520916264
609465220
520689087
23030328
16845691
292964310
243757750
201044506
269998914
253771999
533160112
567115662
584341897
295863952
537286728
578619626
321987901
457317953
231772063
224668152
23342289
196767925
36862600
156984792
107649154
570570834
8918154
463928054
521486123
115869956
11318569
401909710
292329354
168781677
495475731
542748006
599182233
444615733
591508690
587698139
301257713
617790331
73465097
526685470
656510054
315464095
237206614
106576462
217429052
29941236
125038671
117102705
471090491
7154510
497486341
500568425
470006119
190467426
390075748
619487660
625886288
513022480
481678705
6034847
416967595
268882460
577155229
398216762
3894029
343544604
344890025
24443258
27622481
194400282
552708504
128660083
140517697
330350522
291343259
306319422
173426160
622213527
145961117
356228118
361894530
68636667
416288912
332767395
344045432
52047338
125926913
394031434
619693407
59478619
113382209
261391271
80829610
511110170
257761881
533435766
586249505
653405124
567715028
322035100
2056553
574237080
209571365
493663370
371328007
243776183
461060110
393829988
384048880
315922777
479660899
306175707
281714781
466310231
161044394
476315326
420680259
608462955
333430459
363515757
429182838
263418483
152712266
567486507
263903956
263707121
402968991
482299567
397420996
553245080
179268020
9244238
259246107
552539400
585633827
102186437
19493504
525509016
320290946
487777716
287554200
610082473
283300202
430658467
267234809
136137002
93428652
363862867
552138004
490308657
71028972
172515350
512905549
272438438
252576699
72251397
654950337
174790894
457254649
501373148
36228737
533474836
482565355
557939605
440580419
284008611
600206971
371779758
353483917
304637549
642761654
324953906
658185899
495166923
2648710
295231399
574926602
189506202
603427744
403482411
249584871
2714958
183020963
20829216
615894323
461270442
578700711
400658534
530587695
607071451
306328961
509702974
291658406
568782007
646934517
371956307
181493251
347390388
573953109
257528585
334273195
211331577
176364142
85930637
231831280
281677361
513320491
424338276
14345815
244266097
234718940
493502218
502939785
652633548
402096114
619003022
284339141
132469033
373735819
414040400
364018296
98591285
484932717
629493827
388267184
538853651
514274560
652236130
545300653
250140879
420967679
418525195
196228979
568029292
386184602
499511548
580804577
402878288
151745705
533308759
55773331
76285944
372415689
254630123
383530762
261764894
199669561
509399237
490208317
337206834
423684104
57532044
457416927
172240601
182221701
611826033
633846041
458019594
551652017
153606939
626308867
275222410
157453523
64524527
337548768
22143828
65655926
607196174
550444562
454520018
435142412
569277105
198377895
391206523
37062509
62620790
149254684
122943207
573300538
107603702
497398370
391285326
446509182
416250215
347256330
613664406
49883920
289842110
417399240
92518772
92481322
438067717
32545198
433515189
230690058
422669314
259492181
107664438
491438413
36900817
575964503
160331015
202658684
449172859
395895222
177428784
134714397
549800310
452253598
71301863
268492955
627836454
512011883
531946526
339869266
220895853
549036914
312209102
309547340
70338486
137218562
392925790
547816733
122275292
319969987
45488342
647499250
163250365
552036771
125421594
227061034
206367155
47228052
94243848
336479964
314249502
565105858
611871654
623634710
43761599
97145365
229948406
429737206
551047622
474586622
470146415
86773489
521385739
313360524
567359201
519049527
146546246
64192869
300635636
335796203
526324470
77031004
525160788
78072000
603168638
504312810
605812891
336380048
521345292
147833139
419784339
647993844
291361443
545358102
514757158
97253197
357672704
126673956
217303145
251645128
603081317
387432856
140487255
266229961
1688258
471300610
425771138
467695496
260060011
418638090
372664631
224644188
39297087
166636922
490816768
23988271
10652294
55574792
78773387
110330941
450880693
306217620
100981290
448676293
72315802
37161489
477525453
225172814
308491131
196075549
49094967
567492379
44714327
27137139
212215322
96602182
22604787
351063909
408228433
278855983
581153652
421559743
274084027
296133025
241471776
72077343
149725814
33121214
411464661
370392000
620262486
249374216
550447001
411253429
414861568
