190 2488 1000
M 3666 3728 3729
M 3670 3595 3705
M 67 72 112
S 2413 2451 2452
S 2608 2689 2690
S 1851 1997 1998
S 3078 3091 3092
S 3243 3291 3292
S 1164 1202 1203
S 2338 2343 2344
S 600 739 740
S 1982 2035 2036
S 1595 1768 1769
S 301 316 317
M 2354 2292 2422
S 1223 1227 1228
S 40 58 59
S 1343 1432 1433
S 949 1041 1042
M 3517 3531 3533
S 1447 1523 1524
S 1342 1351 1352
S 1213 1239 1240
S 659 718 719
S 868 934 935
M 851 937 1008
S 1763 1787 1788
M 1042 972 1100
S 3553 3605 3606
M 3615 3481 3650
M 1621 1704 1729
S 2630 2646 2647
M 1339 1340 1354
M 2332 2159 2337
M 3075 2955 3132
S 3575 3593 3594
M 2059 2017 2082
M 344 182 367
S 2866 2881 2882
M 2310 2344 2373
S 136 150 151
M 514 564 602
S 2893 2897 2898
M 3018 3030 3032
S 1421 1430 1431
S 2594 2622 2623
S 2709 2711 2712
S 1161 1211 1212
M 2203 2240 2289
S 3220 3399 3400
M 2076 2080 2117
S 2706 2750 2751
S 76 99 100
S 474 505 506
S 3146 3171 3172
S 626 652 653
M 1052 1064 1078
M 3498 3478 3516
S 2548 2613 2614
M 1809 1813 1871
M 679 705 732
M 1938 1989 2007
S 628 648 649
S 3190 3339 3340
S 2210 2224 2225
S 1036 1064 1065
S 1198 1252 1253
M 2517 2506 2583
M 970 835 1126
M 533 571 585
S 3449 3472 3473
M 48 39 51
S 1521 1733 1734
M 2878 2679 2879
M 1349 1400 1421
S 1534 1694 1695
S 3173 3264 3265
S 384 385 386
S 396 491 492
M 1126 1191 1308
S 2217 2327 2328
S 3229 3237 3238
M 432 423 582
M 1882 1910 1917
M 3583 3642 3660
S 314 324 325
S 750 815 816
S 12 24 25
M 3105 3107 3129
M 1674 1719 1738
M 2282 2290 2309
M 648 660 703
M 1600 1624 1676
S 1391 1407 1408
M 3136 3122 3142
S 295 421 422
M 1081 1148 1178
M 1874 1885 1911
M 644 675 695
S 2405 2505 2506
S 3438 3456 3457
S 546 579 580
M 3495 3487 3511
M 1981 2013 2045
M 2436 2616 2638
M 1854 1930 1950
S 451 452 453
M 2683 2658 2704
S 3310 3368 3369
S 1539 1583 1584
M 1083 1150 1185
S 2431 2445 2446
S 3551 3661 3662
M 3646 3522 3673
M 1914 1822 1958
S 3046 3062 3063
S 340 369 370
S 77 84 85
M 3123 3049 3137
M 3543 3513 3551
M 791 845 866
S 503 529 530
S 3103 3186 3187
M 1956 1998 2012
S 1667 1708 1709
S 2906 2909 2910
M 1843 1842 1879
S 2533 2548 2549
M 2331 2249 2366
M 3197 3153 3202
S 3623 3642 3643
M 1812 1918 1936
M 353 386 483
M 1118 1107 1167
M 1696 1782 1789
M 1245 1267 1273
M 3540 3569 3602
M 1751 1771 1797
S 1641 1692 1693
M 3532 3510 3576
M 1362 1368 1369
S 325 355 356
M 518 429 525
S 2272 2374 2375
M 224 296 302
M 3508 3552 3557
M 1767 1692 1773
M 1820 1757 1823
S 2664 2713 2714
S 2531 2539 2540
S 552 690 691
M 584 551 609
S 2620 2634 2635
S 2021 2028 2029
M 2537 2547 2562
M 1701 1731 1742
M 1180 1160 1188
M 934 916 975
S 819 844 845
M 352 331 362
S 2521 2661 2662
S 3328 3361 3362
M 1666 1733 1741
S 3484 3514 3515
M 3394 3406 3423
M 2849 2989 3018
M 1151 1046 1172
M 2373 2356 2398
S 2636 2640 2641
M 3662 3687 3696
S 895 918 919
S 1149 1248 1249
M 1741 1717 1743
M 2993 2940 3000
S 1201 1233 1234
M 2621 2566 2630
M 3614 3631 3688
M 2876 2979 2996
S 2984 3190 3191
M 1425 1438 1534
S 2244 2363 2364
M 2463 2425 2489
S 780 807 808
S 3228 3278 3279
M 1212 1205 1219
M 2965 2954 2975
M 859 877 890
S 2421 2525 2526
M 1904 1872 1916
S 1404 1425 1426
S 236 294 295
M 1497 1542 1562
M 3645 3689 3691
S 91 95 96
S 2206 2219 2220
M 734 655 759
S 1449 1461 1462
S 1440 1473 1474
S 863 910 911
M 1891 1894 1901
S 1631 1651 1652
M 23 22 28
S 595 598 599
S 3350 3373 3374
S 3541 3560 3561
S 1899 1959 1960
S 3080 3143 3144
S 3355 3359 3360
M 3094 3004 3097
M 2499 2503 2619
S 2536 2590 2591
S 2840 2848 2849
M 607 525 608
S 2347 2352 2353
M 1030 1098 1106
M 2854 2935 2938
S 3581 3611 3612
S 2027 2087 2088
M 1038 974 1043
M 623 501 624
S 473 495 496
S 477 537 538
M 127 203 327
S 2054 2077 2078
M 3015 3006 3022
S 756 788 789
S 2358 2408 2409
M 1634 1688 1710
S 2043 2064 2065
S 1702 1791 1792
S 1280 1366 1367
S 1255 1395 1396
S 3116 3122 3123
S 223 233 234
S 243 300 301
S 227 330 331
M 2002 1997 2003
S 183 230 231
S 698 725 726
S 421 459 460
S 3007 3055 3056
M 216 213 232
S 1463 1580 1581
M 1437 1439 1463
M 2423 2220 2432
M 913 907 944
S 2750 2816 2817
M 1622 1589 1633
S 271 378 379
M 186 240 249
M 1748 1709 1772
M 2004 2065 2086
M 1152 1136 1153
M 1193 1238 1255
M 992 938 1004
M 2812 2808 2815
M 2666 2681 2702
M 2427 2562 2609
M 414 433 435
S 672 679 680
M 212 214 216
S 985 1022 1023
M 3282 3296 3315
M 360 308 373
M 405 462 500
S 946 1015 1016
M 3248 3326 3343
M 2064 2061 2068
M 2824 2784 2855
S 769 770 771
S 2945 2963 2964
S 1414 1494 1495
S 1197 1208 1209
M 1214 1209 1264
S 1850 1854 1855
M 2113 1833 2145
M 653 649 654
M 406 511 521
S 3364 3512 3513
M 443 498 513
S 3381 3483 3484
S 2133 2166 2167
S 2644 2678 2679
S 2044 2052 2053
S 3272 3306 3307
S 178 209 210
S 3410 3421 3422
S 1893 1894 1895
M 2776 2785 2808
M 2114 2204 2221
S 3115 3135 3136
S 3635 3639 3640
M 2546 2573 2603
S 312 343 344
M 222 241 276
S 3636 3676 3677
S 2686 2720 2721
M 2944 2936 3034
S 3316 3389 3390
M 2715 2757 2818
S 6 16 17
S 1312 1319 1320
M 3512 3412 3537
M 3398 3230 3414
M 678 701 704
S 2850 2956 2957
S 2219 2242 2243
M 1754 1687 1762
M 3241 3223 3424
M 2058 1892 2124
S 254 351 352
M 2186 2151 2209
M 988 1003 1089
S 3563 3580 3581
S 3185 3227 3228
S 1629 1631 1632
S 1154 1195 1196
M 3276 3273 3337
M 3413 3427 3462
M 1740 1732 1774
S 59 86 87
S 1089 1117 1118
S 3130 3213 3214
S 3376 3447 3448
M 147 118 149
S 2075 2189 2190
M 1317 1419 1420
M 3031 3068 3088
S 748 835 836
S 3373 3525 3526
M 3058 3037 3066
S 1176 1314 1315
S 33 43 44
M 470 311 472
S 577 627 628
M 3571 3547 3577
M 2441 2583 2645
S 1783 1793 1794
S 1479 1482 1483
M 294 316 318
M 620 616 644
S 3193 3225 3226
M 710 766 767
M 516 491 519
S 450 486 487
S 1264 1348 1349
M 2324 2301 2367
M 665 1039 1044
M 2284 2407 2499
M 484 566 567
M 1422 1379 1429
M 367 338 371
S 555 633 634
S 260 365 366
S 3214 3215 3216
S 1946 2021 2022
M 1446 1363 1493
S 2494 2642 2643
S 2519 2534 2535
S 2606 2669 2670
M 2751 2722 2755
M 1554 1529 1563
S 210 245 246
S 1171 1206 1207
M 1860 1929 1934
M 976 968 1035
M 1594 1619 1673
M 3290 3254 3302
M 307 356 488
S 3363 3523 3524
S 953 1110 1111
S 1685 1716 1717
M 591 557 594
S 3649 3656 3657
M 1373 1535 1560
S 2182 2239 2240
S 1 2 3
S 1367 1415 1416
S 2426 2438 2439
S 605 613 614
M 2447 2458 2470
S 1323 1360 1361
M 3008 3014 3059
S 1087 1115 1116
S 844 849 850
M 2442 2539 2550
M 2328 2386 2399
S 1278 1449 1450
S 1257 1364 1365
M 3369 3425 3433
M 3439 3655 3690
M 3676 3696 3707
M 2909 2982 3006
S 3227 3313 3314
M 2748 2814 2841
M 1249 1256 1263
S 3625 3679 3680
M 1365 1372 1410
S 144 155 156
M 2236 2224 2252
S 2762 2842 2843
M 3720 3717 3730
M 519 544 555
M 3064 2972 3087
S 267 337 338
M 3142 3240 3273
S 3441 3443 3444
S 3527 3564 3565
M 2601 2629 2660
M 1231 1254 1309
S 337 410 411
S 1865 1909 1910
S 3450 3454 3455
M 3671 3700 3715
M 1260 1227 1307
M 2432 2418 2475
S 155 164 165
S 3356 3480 3481
M 3051 3092 3098
S 3397 3410 3411
S 540 618 619
M 3216 3198 3218
M 3486 3520 3586
M 3718 3727 3728
S 804 819 820
S 1220 1245 1246
S 548 557 558
M 258 313 315
S 1807 1821 1822
S 2939 2980 2981
M 1753 1747 1824
S 2535 2546 2547
S 1778 1872 1873
S 275 290 291
M 2325 2273 2351
M 1524 1513 1559
S 1858 1906 1907
M 2848 2969 2971
M 1393 1217 1394
S 1120 1193 1194
M 856 865 931
M 1556 1668 1721
M 287 321 326
S 2735 2868 2869
S 721 784 785
M 3265 3266 3268
S 941 1006 1007
M 2232 2231 2251
M 420 334 471
M 2815 2881 2893
M 461 413 465
M 252 395 400
S 2920 2927 2928
S 565 577 578
S 1413 1445 1446
S 204 253 254
M 3681 3578 3697
M 1457 1405 1468
M 3432 3557 3598
M 803 770 855
S 278 321 322
S 1610 1662 1663
S 1401 1438 1439
S 960 968 969
S 71 157 158
M 712 718 738
S 343 545 546
M 674 681 689
S 3365 3449 3450
M 454 284 479
S 3564 3644 3645
S 541 665 666
S 417 427 428
S 3323 3350 3351
S 1646 1747 1748
S 2842 2844 2845
S 442 570 571
S 2736 2743 2744
M 2345 2243 2354
M 140 120 163
S 3584 3629 3630
M 2329 2369 2407
S 910 914 915
S 2197 2355 2356
M 3196 3187 3234
S 94 115 116
M 2789 2738 2803
S 2399 2599 2600
S 3194 3293 3294
S 2314 2387 2388
M 497 472 524
M 2157 2226 2290
S 2843 2945 2946
S 1693 1724 1725
S 1111 1159 1160
S 18 20 21
S 2690 2792 2793
S 923 936 937
S 1683 1702 1703
M 1824 1840 1842
M 1375 1351 1385
M 1852 1825 1876
M 886 853 895
M 846 820 929
M 1580 1551 1585
S 981 1050 1051
M 543 375 549
M 1182 1225 1230
S 1019 1076 1077
M 3208 3098 3217
M 2435 2454 2483
M 2269 2265 2272
M 3577 3521 3590
M 3342 3500 3503
M 3607 3544 3623
M 2632 2609 2636
S 1208 1241 1242
M 3626 3566 3632
S 1468 1525 1526
M 364 309 377
M 1397 1528 1535
M 1662 1583 1696
M 2380 2306 2382
M 510 513 520
M 2173 2104 2179
M 2355 2368 2447
M 3653 3660 3672
S 550 563 564
S 874 925 926
M 2526 2484 2556
S 62 166 167
S 1470 1527 1528
S 2201 2230 2231
S 2587 2658 2659
M 1849 1738 1850
S 1388 1405 1406
S 1570 1751 1752
S 2505 2517 2518
M 1235 1263 1277
M 2470 2480 2482
S 753 768 769
S 2192 2216 2217
M 2042 1954 2046
S 638 667 668
M 3695 3706 3712
S 1604 1624 1625
S 244 341 342
S 867 881 882
S 2381 2410 2411
M 239 320 339
M 523 597 615
M 2420 2397 2423
S 3493 3517 3518
S 1557 1595 1596
S 570 590 591
S 1248 1250 1251
M 3648 3483 3692
S 3379 3401 3402
S 3209 3275 3276
S 1259 1355 1356
M 1025 1066 1069
M 1409 1443 1457
M 1839 1924 1945
S 2434 2440 2441
M 1690 1663 1760
S 31 64 65
S 2401 2453 2454
M 562 561 574
M 2144 2057 2199
M 3267 3256 3270
S 1481 1604 1605
S 1347 1489 1490
S 1068 1140 1141
S 1442 1499 1500
M 944 922 967
S 1779 1815 1816
M 3188 3183 3199
M 416 434 475
S 1553 1619 1620
M 2020 2096 2103
S 771 827 828
S 3515 3529 3530
M 1139 1122 1164
M 1705 1773 1780
S 1043 1148 1149
S 2045 2047 2048
S 1870 1903 1904
M 3226 3101 3241
M 2136 2156 2159
M 1923 1905 1929
S 3507 3558 3559
S 1484 1491 1492
S 657 660 661
M 2353 2419 2486
S 917 940 941
S 809 817 818
S 1648 1784 1785
M 3476 3447 3539
S 1489 1503 1504
S 2241 2260 2261
S 2053 2097 2098
M 999 1065 1066
S 2568 2595 2596
M 3399 3320 3430
S 3081 3125 3126
S 2580 2597 2598
M 779 904 986
S 269 281 282
M 2604 2553 2618
S 3592 3607 3608
S 3591 3596 3597
M 3232 3205 3240
M 1803 1796 1809
S 2797 2827 2828
M 1234 1228 1280
M 408 348 443
S 2135 2164 2165
M 967 958 970
S 2847 2902 2903
M 1509 1491 1643
S 500 681 682
M 3492 3539 3569
S 446 461 462
S 1922 1939 1940
M 2549 2482 2582
M 2612 2602 2629
M 2867 2915 2999
M 3402 3374 3468
M 2019 2022 2059
S 894 947 948
S 279 349 350
S 2099 2154 2155
M 1190 1243 1247
S 1941 1953 1954
S 1412 1417 1418
M 547 509 562
M 486 459 514
S 3389 3492 3493
S 2086 2099 2100
S 1537 1591 1592
M 1132 1101 1154
S 2235 2256 2257
M 1628 1665 1700
S 831 838 839
S 952 1009 1010
S 507 630 631
S 3260 3363 3364
S 2172 2234 2235
M 532 592 601
S 1277 1300 1301
S 2304 2349 2350
S 36 54 55
S 2233 2266 2267
S 13 26 27
M 3307 3261 3347
S 2095 2146 2147
M 2801 2795 2864
S 180 219 220
M 332 172 346
S 3021 3184 3185
M 2190 2128 2191
S 545 588 589
S 1774 1874 1875
M 1766 1729 1783
S 1543 1644 1645
S 3143 3153 3154
M 2865 2869 2905
M 1128 1056 1134
S 2246 2279 2280
S 1354 1376 1377
M 1074 1049 1097
M 1345 1360 1362
S 1192 1204 1205
M 1021 962 1026
S 568 572 573
M 1229 1200 1235
S 2811 2856 2857
M 751 711 754
S 2877 2925 2926
M 1091 883 1096
M 3255 3163 3257
S 1399 1412 1413
M 2641 2659 2671
S 3132 3173 3174
M 3245 3236 3256
M 3446 3482 3497
M 1472 1495 1510
S 1978 1994 1995
M 3518 3688 3713
S 1199 1217 1218
S 246 296 297
S 3067 3083 3084
S 1287 1380 1381
M 2199 2227 2241
S 100 125 126
M 3333 3338 3428
S 2650 2825 2826
S 2474 2514 2515
S 1523 1698 1699
S 24 119 120
S 139 285 286
S 3045 3140 3141
M 1670 1708 1730
M 85 173 181
M 3587 3598 3599
S 163 171 172
S 1925 1948 1949
M 3000 2958 3067
S 1655 1680 1681
M 164 143 187
M 1359 1355 1411
M 747 731 806
S 1016 1045 1046
S 2896 2911 2912
S 2195 2232 2233
M 448 476 482
M 3203 3034 3242
S 1613 1670 1671
S 2642 2759 2760
M 2316 2312 2334
S 2613 2676 2677
S 3550 3578 3579
S 2319 2487 2488
M 3606 3579 3619
M 2859 2837 2878
M 2047 2161 2169
M 3683 3669 3704
S 1138 1186 1187
M 1944 1952 1957
M 723 637 761
M 634 670 710
S 2882 2921 2922
S 89 175 176
S 1162 1176 1177
S 41 134 135
S 3291 3311 3312
M 2528 2513 2557
M 2668 2657 2700
M 2398 2385 2415
M 3251 3401 3425
S 2596 2649 2650
S 2712 2821 2822
S 2149 2236 2237
S 1465 1496 1497
M 1886 1834 1893
S 1964 1965 1966
S 965 988 989
M 3224 3233 3269
S 1502 1540 1541
M 3325 3322 3344
M 2567 2495 2570
S 1994 2005 2006
S 2259 2297 2298
S 694 741 742
S 822 824 825
S 2393 2466 2467
S 209 363 364
M 1301 1168 1306
S 3238 3258 3259
M 817 873 883
S 2728 2761 2762
S 1165 1182 1183
S 2899 2929 2930
S 2365 2370 2371
M 54 26 94
M 2105 2055 2119
M 66 90 101
S 234 333 334
S 1230 1265 1266
S 1189 1282 1283
S 2917 2986 2987
S 17 169 170
M 3594 3549 3618
M 631 567 676
S 2704 2790 2791
M 265 285 287
M 2933 2938 2955
S 2298 2377 2378
S 1303 1373 1374
S 2339 2357 2358
S 29 47 48
M 1487 1531 1549
M 1029 995 1060
S 2669 2747 2748
S 1810 1812 1813
M 1177 1221 1236
S 3616 3637 3638
M 2767 2760 2770
M 2452 2638 2639
S 2424 2724 2725
S 594 622 623
S 388 395 396
S 2889 2894 2895
S 1008 1018 1019
S 3416 3545 3546
M 135 146 153
M 1752 1811 1830
M 1897 1888 1905
M 2428 2476 2541
M 724 656 727
M 3345 3346 3367
M 1246 1226 1299
M 752 720 757
S 702 764 765
S 3383 3431 3432
M 713 617 724
M 318 286 348
S 1396 1398 1399
S 2429 2528 2529
M 2299 2294 2311
M 3680 3682 3695
S 372 387 388
M 1371 1464 1484
S 1716 1718 1719
S 931 945 946
M 666 640 748
S 1366 1513 1514
S 1486 1487 1488
M 467 385 468
S 394 438 439
M 1142 1210 1270
S 3079 3100 3101
M 1086 1114 1133
S 2554 2616 2617
M 1080 1044 1114
S 3573 3600 3601
M 1309 1334 1353
S 671 755 756
M 2720 2708 2730
S 110 123 124
S 134 203 204
M 2028 2074 2116
M 3360 3395 3398
S 3095 3102 3103
M 1428 1420 1453
S 2846 2872 2873
M 2092 2072 2115
S 376 425 426
S 2655 2753 2754
M 1506 1332 1588
M 1500 1546 1552
M 3556 3586 3595
M 2924 2904 2933
S 3368 3451 3452
M 1266 1232 1290
S 422 431 432
S 869 923 924
M 1498 1508 1530
S 2317 2320 2321
M 745 759 772
M 2516 2514 2527
S 2106 2212 2213
M 3627 3654 3663
S 2953 3009 3010
S 1033 1092 1093
M 3329 3211 3352
S 2648 2726 2727
S 3302 3348 3349
S 795 869 870
M 1324 1450 1456
M 2575 2540 2584
S 2071 2105 2106
S 3225 3235 3236
S 778 800 801
S 3195 3252 3253
S 1459 1547 1548
M 1737 1762 1767
M 3585 3590 3641
M 2918 2921 2939
M 3121 3118 3124
S 989 992 993
S 49 56 57
S 2465 2510 2511
S 2670 2735 2736
M 2825 2742 2850
M 2323 2346 2348
S 419 466 467
S 1297 1312 1313
M 618 612 639
S 3119 3145 3146
M 2973 2990 3003
M 2142 2153 2158
S 1515 1565 1566
S 1211 1443 1444
M 560 559 586
S 1965 1973 1974
S 45 75 76
M 2817 2822 2852
S 773 871 872
M 1881 1868 1884
S 683 720 721
M 2703 2777 2796
S 3168 3200 3201
S 1960 2014 2015
S 2289 2323 2324
S 2617 2706 2707
M 3692 3656 3699
S 2225 2228 2229
M 3708 3698 3711
S 964 1086 1087
M 982 1115 1125
S 760 780 781
S 926 962 963
M 2831 2903 2908
M 816 828 837
M 2782 2765 2785
S 2794 2806 2807
M 661 652 688
S 2545 2574 2575
S 3352 3376 3377
S 3258 3260 3261
M 2255 2216 2268
M 955 703 978
S 20 33 34
S 2033 2091 2092
M 2761 2747 2772
M 2492 2472 2502
M 789 761 792
S 3435 3506 3507
M 1499 1601 1622
M 3509 3535 3584
S 390 412 413
M 2974 3099 3109
M 1094 1100 1127
S 706 728 729
S 2975 3013 3014
S 3170 3207 3208
S 2052 2060 2061
M 412 373 447
M 2048 2066 2111
S 3542 3571 3572
S 2724 2728 2729
M 578 402 600
S 619 716 717
S 3378 3418 3419
M 2211 2303 2316
M 1093 1133 1150
M 3456 3393 3476
M 1167 1187 1201
M 1313 1113 1350
M 2267 2411 2435
M 3131 3035 3176
M 893 866 894
M 1871 1928 1933
M 1682 1644 1728
M 3339 3311 3345
S 2768 2786 2787
M 3336 3293 3382
M 1836 1864 1888
S 1410 1515 1516
S 3052 3179 3180
S 2406 2620 2621
M 1777 1724 1782
S 53 144 145
M 351 357 391
S 1940 2127 2128
S 1697 1775 1776
M 1970 1988 2002
M 3148 3139 3151
S 1328 1341 1342
S 30 45 46
M 3150 3133 3162
S 1588 1674 1675
M 84 69 127
S 2884 2951 2952
M 166 200 207
M 2307 2321 2338
S 2707 2716 2717
S 802 812 813
M 553 572 581
M 1510 1445 1553
M 346 377 418
M 1346 1329 1414
M 391 229 408
S 693 960 961
M 2001 1957 2016
M 2238 2171 2254
S 2194 2204 2205
S 690 706 707
S 3043 3072 3073
S 707 786 787
S 1972 2040 2041
S 1518 1520 1521
M 1721 1735 1736
M 2445 2453 2481
M 2730 2626 2741
S 2911 2914 2915
M 2208 2342 2372
M 1728 1755 1796
S 1578 1600 1601
S 579 583 584
S 1067 1081 1082
M 1001 920 1047
M 1722 1711 1737
M 1185 1153 1210
S 2093 2143 2144
M 3090 3026 3096
M 1661 1612 1720
S 1841 1861 1862
S 2552 2560 2561
S 2941 2961 2962
M 3175 3174 3198
M 3674 3677 3681
S 860 873 874
M 3392 3405 3435
M 3362 3417 3420
M 2389 2382 2405
S 3314 3356 3357
M 92 131 136
S 274 307 308
S 743 773 774
M 2330 2390 2402
S 96 128 129
M 268 310 328
S 1794 1804 1805
M 93 133 152
M 3624 3673 3702
S 833 840 841
M 1986 2007 2008
S 2853 2967 2968
S 604 686 687
M 2577 2357 2594
S 2242 2262 2263
S 2525 2532 2533
S 2165 2180 2181
M 1968 2025 2032
S 1233 1321 1322
S 3054 3104 3105
S 3247 3624 3625
M 983 961 1017
M 1075 1105 1139
S 3643 3658 3659
S 858 862 863
M 2770 2688 2777
M 3036 3156 3167
S 1490 1506 1507
M 2049 2014 2072
M 1684 1650 1714
S 3040 3060 3061
S 1433 1508 1509
S 2807 2831 2832
S 3382 3383 3384
M 2792 2804 2833
M 397 389 409
S 3391 3393 3394
M 264 266 347
S 2868 3037 3038
S 1525 1690 1691
S 2607 2672 2673
S 2337 2393 2394
M 3519 3554 3566
M 1322 1390 1460
M 3317 3263 3319
M 3249 3304 3308
M 3005 3050 3118
S 603 655 656
M 1492 1403 1519
S 44 73 74
S 508 535 536
M 1675 1671 1682
S 735 743 744
S 2862 2891 2892
S 439 441 442
S 16 35 36
S 2523 2558 2559
M 2618 2614 2628
S 2466 2553 2554
S 4 18 19
M 806 852 983
M 1967 1889 2004
S 1174 1199 1200
M 1654 1678 1705
M 1799 1712 1810
S 2701 2797 2798
S 3114 3127 3128
M 228 150 229
M 2769 2960 2991
S 440 498 499
S 218 247 248
S 1462 1480 1481
M 2883 2913 3041
M 549 730 734
M 1282 1315 1331
S 2640 2686 2687
M 897 978 987
S 3431 3500 3501
S 156 213 214
S 1781 1801 1802
M 2276 2277 2310
S 441 620 621
S 3179 3196 3197
S 928 976 977
M 130 165 184
S 3285 3335 3336
M 319 317 332
S 602 696 697
S 78 81 82
M 3059 3047 3099
M 3013 3087 3117
S 171 196 197
S 1903 1971 1972
S 1569 1739 1740
S 3016 3044 3045
M 322 369 372
S 1060 1061 1062
S 3315 3330 3331
S 624 722 723
S 2743 2782 2783
S 2931 3047 3048
M 1511 1526 1567
S 911 995 996
M 438 431 528
S 1156 1284 1285
S 3201 3262 3263
M 2928 2885 2950
M 3292 3257 3329
S 2890 2931 2932
S 3177 3232 3233
S 3597 3634 3635
S 2961 2994 2995
S 1660 1755 1756
S 542 604 605
M 1830 1823 1856
S 2258 2294 2295
M 787 704 791
S 1135 1168 1169
S 899 920 921
M 3711 3618 3727
M 729 785 811
S 2559 2567 2568
M 1129 1123 1152
S 170 185 186
S 1179 1221 1222
M 1695 1718 1722
S 3138 3168 3169
S 1050 1052 1053
S 613 642 643
S 1130 1189 1190
S 654 762 763
M 2660 2622 2663
M 2959 2880 2988
S 3069 3076 3077
S 3426 3438 3439
S 3665 3674 3675
M 2997 2999 3021
M 2486 2589 2615
M 805 728 823
S 2827 2953 2954
S 362 436 437
S 2264 2332 2333
S 3319 3326 3327
S 383 509 510
M 1378 1406 1422
M 330 335 360
M 2363 2350 2380
M 70 153 154
S 885 938 939
M 2137 2335 2340
M 485 499 551
M 1862 1818 1899
M 2174 2176 2195
M 1358 1469 1505
S 855 875 876
S 457 477 478
S 1873 2033 2034
M 829 781 889
M 1318 1286 1327
M 359 345 457
S 2168 2172 2173
S 2322 2396 2397
S 2948 3016 3017
S 81 97 98
M 2551 2591 2697
S 74 79 80
S 2610 2674 2675
S 195 259 260
M 3699 3604 3721
M 3074 2926 3078
S 593 595 596
S 1395 1400 1401
S 2504 2565 2566
M 2741 2692 2780
M 1482 1300 1621
S 2687 2884 2885
M 2745 2700 2752
S 2653 2693 2694
S 1116 1297 1298
S 2077 2093 2094
M 574 614 657
S 1062 1112 1113
M 221 187 265
S 3601 3603 3604
S 1073 1098 1099
S 538 539 540
S 98 121 122
M 3474 3463 3485
S 1127 1162 1163
S 2430 2448 2449
S 3448 3490 3491
S 1673 1706 1707
M 1276 1305 1330
S 290 335 336
M 1496 1455 1498
M 3424 3470 3496
M 629 635 637
S 341 444 445
S 2581 2585 2586
M 3713 3701 3722
S 2694 2708 2709
M 870 825 905
S 126 147 148
S 174 193 194
S 2285 2314 2315
M 2900 2855 2920
M 1573 1564 1575
S 365 526 527
M 358 392 398
M 1330 1376 1378
S 2178 2200 2201
S 1012 1055 1056
S 2902 2947 2948
S 1973 1976 1977
M 2711 2714 2749
S 1547 1629 1630
S 3028 3081 3082
S 3219 3287 3288
S 2756 2757 2758
M 3348 3387 3392
S 1831 1832 1833
S 651 674 675
M 3144 3108 3152
M 3714 3725 3726
S 233 266 267
M 115 141 146
M 667 810 831
M 3283 3129 3299
M 2813 2910 2919
M 2229 2222 2253
S 112 190 191
M 1356 1389 1404
M 3268 3204 3286
S 116 132 133
S 3629 3646 3647
M 2934 2705 2979
M 2370 2327 2381
S 997 1028 1029
S 3076 3155 3156
M 249 124 268
S 3242 3300 3301
S 3178 3284 3285
S 1806 1924 1925
M 2056 2050 2071
S 1014 1128 1129
M 3570 3605 3636
M 1493 1453 1618
M 2691 2524 2703
M 1274 1119 1286
S 2887 2906 2907
M 1071 994 1119
S 15 22 23
M 2631 2500 2652
S 1749 1880 1881
M 1649 1643 1672
M 1310 1298 1370
M 757 794 826
S 1638 1646 1647
S 1476 1517 1518
M 458 495 523
S 575 650 651
S 1196 1259 1260
S 475 502 503
S 3088 3112 3113
M 896 847 922
M 940 942 943
S 300 381 382
S 3526 3552 3553
M 379 342 380
M 2205 2250 2258
S 2766 2794 2795
M 1057 1054 1088
S 1181 1339 1340
S 1819 1846 1847
M 2275 2198 2301
M 1061 1063 1072
M 1392 1402 1440
S 2907 2923 2924
S 1424 1436 1437
M 725 749 751
S 409 450 451
M 3462 3533 3541
M 1590 1512 1608
S 2721 2862 2863
M 2980 3057 3086
M 1364 1302 1368
M 733 709 778
M 3231 3264 3272
S 1010 1024 1025
S 60 71 72
S 232 304 305
M 1261 1268 1271
M 276 291 314
S 878 916 917
S 2717 2766 2767
M 2796 2727 2809
S 3545 3567 3568
M 2780 2823 2896
S 3303 3320 3321
M 1784 1804 1851
M 2394 2343 2450
M 1636 1677 1754
M 2209 2239 2247
M 1398 1385 1419
S 2914 2959 2960
S 3 4 5
M 2364 2450 2460
M 2483 2440 2495
M 184 191 195
M 2950 2963 3015
S 487 646 647
M 2169 2112 2192
M 945 906 997
M 3011 3025 3033
M 1350 1361 1379
M 696 633 737
M 2901 2905 2972
S 2585 2606 2607
M 2068 2110 2112
S 2422 2436 2437
M 455 445 456
M 1785 1776 1808
M 1761 1795 1811
S 1124 1135 1136
M 2857 2912 2916
M 3400 3433 3466
M 65 55 83
S 1386 1543 1544
M 2191 2111 2215
S 2929 2969 2970
S 891 908 909
M 2510 2561 2573
S 1045 1122 1123
S 46 52 53
M 3237 3127 3239
S 3473 3498 3499
M 56 57 62
M 1416 1430 1465
S 404 463 464
S 496 606 607
M 366 482 565
S 1429 1458 1459
S 1727 1763 1764
M 1898 1848 1935
S 3628 3653 3654
S 3489 3508 3509
M 2584 2892 2904
M 3702 3619 3710
M 2046 2270 2281
S 1770 1896 1897
M 887 939 1014
M 326 298 329
M 2698 2654 2705
S 19 88 89
M 3730 3732 3733
S 102 173 174
M 3061 3089 3093
S 2170 2197 2198
S 1913 1937 1938
M 2779 2793 2811
M 3407 3370 3429
S 2481 2490 2491
S 1945 2062 2063
M 977 948 994
S 1618 1627 1628
M 3694 3661 3701
S 371 383 384
S 2132 2151 2152
M 444 427 458
S 5 6 7
S 32 105 106
S 627 683 684
M 3367 3386 3461
M 1816 1827 1843
M 1985 1951 1986
M 466 489 497
S 2663 2763 2764
S 1281 1310 1311
S 1307 1382 1383
S 2248 2275 2276
M 1995 1976 2069
M 403 464 476
M 2852 2834 2859
S 3411 3474 3475
M 1207 1204 1272
S 2891 2900 2901
S 947 1002 1003
M 1996 1869 2013
M 3538 3658 3669
S 3409 3416 3417
S 34 67 68
M 1651 1617 1665
S 876 884 885
M 3460 3377 3471
M 2651 2788 2805
M 447 478 566
S 647 842 843
S 3124 3219 3220
M 424 430 440
M 3599 3686 3720
S 2378 2403 2404
M 1131 1144 1151
S 669 677 678
M 2163 2152 2175
M 1269 1336 1343
M 3189 3335 3391
S 262 353 354
M 963 1009 1038
S 2134 2226 2227
S 35 37 38
M 1725 1730 1735
S 2271 2368 2369
M 1374 1275 1388
M 2611 2582 2627
M 524 398 559
M 1415 1432 1467
S 3207 3230 3231
S 1789 1919 1920
S 2147 2156 2157
S 632 658 659
M 1125 1134 1144
S 1829 1834 1835
M 2962 2951 2976
M 2308 2215 2319
S 788 809 810
M 2340 2237 2361
M 2763 2677 2771
M 401 368 407
S 3608 3616 3617
S 2395 2471 2472
S 68 92 93
M 1146 1244 1258
M 815 871 912
S 1530 1538 1539
M 2863 2839 2875
M 1251 1194 1262
M 687 685 692
M 1971 2032 2042
M 2595 2477 2684
M 3641 3664 3698
S 1574 1688 1689
M 3312 3275 3318
S 3558 3609 3610
M 2563 2673 2733
S 2898 2917 2918
S 1607 1668 1669
M 3546 3452 3587
S 1478 1536 1537
M 3372 3192 3375
M 3719 3722 3724
M 1172 1183 1184
S 2286 2306 2307
M 1867 1863 1927
S 3638 3682 3683
S 1620 1634 1635
M 1560 1657 1664
S 1963 1969 1970
S 2412 2429 2430
M 483 480 516
M 599 596 617
M 1983 1969 2054
M 2416 2266 2427
M 238 107 241
M 3181 3176 3338
M 411 415 494
S 3524 3549 3550
M 1632 1623 1641
M 1284 1320 1347
S 2469 2473 2474
S 425 433 434
M 2781 2858 2876
S 1121 1130 1131
M 1258 1293 1325
S 2228 2277 2278
M 2733 2806 2814
S 1337 1371 1372
M 2467 2518 2519
S 1072 1101 1102
M 2946 3009 3012
M 812 826 834
M 2124 2268 2305
M 527 664 702
M 3206 3137 3211
M 3428 3457 3521
S 1051 1070 1071
M 3396 3415 3426
M 2097 2070 2104
S 230 257 258
M 83 206 278
M 3678 3679 3687
S 2908 2936 2937
M 762 765 766
M 1878 1975 1991
S 292 309 310
S 2313 2433 2434
M 848 861 891
M 2257 2180 2271
S 1070 1275 1276
M 1920 1958 1961
S 2489 2492 2493
S 3461 3486 3487
M 1407 1380 1409
M 2120 2123 2135
S 2838 2866 2867
S 1022 1079 1080
M 3593 3567 3620
S 1991 2000 2001
S 2438 2456 2457
M 2188 2164 2238
S 736 776 777
M 1664 1707 1744
S 114 227 228
S 1949 1951 1952
S 2006 2019 2020
M 2992 3003 3007
M 807 840 848
M 2723 2844 2853
M 3709 3705 3723
S 3588 3627 3628
M 2643 2685 2701
M 456 460 469
S 1242 1278 1279
S 2816 2823 2824
M 3125 3199 3212
M 875 909 942
M 2752 2786 2801
M 190 108 261
S 3458 3494 3495
S 418 448 449
S 3354 3365 3366
S 680 698 699
S 2154 2162 2163
M 257 148 277
S 2943 2965 2966
M 154 189 223
S 2140 2222 2223
S 256 269 270
M 2778 2870 2890
M 355 361 374
S 1977 1992 1993
M 3077 3110 3163
M 3697 3690 3706
S 407 480 481
M 2579 2538 2587
S 3073 3079 3080
M 2932 2987 3008
M 2783 2828 2940
S 152 217 218
S 1272 1293 1294
S 754 858 859
M 1609 1686 1687
M 2718 2772 2802
M 1108 1079 1155
M 1637 1669 1679
M 123 185 192
S 3218 3243 3244
S 881 900 901
S 1202 1288 1289
M 1308 1311 1328
S 539 541 542
S 1007 1011 1012
M 764 823 833
M 979 936 984
M 2125 2109 2183
M 3359 3453 3463
S 3111 3303 3304
M 2288 2305 2365
M 2930 2988 2990
S 2439 2542 2543
M 2684 2671 2691
S 1792 1867 1868
M 2529 2501 2555
M 1048 1011 1054
M 950 1028 1040
M 2468 2414 2479
S 1931 2050 2051
S 192 243 244
M 2207 2302 2308
S 662 708 709
M 2348 2383 2428
M 2734 2652 2742
S 97 107 108
M 305 370 397
S 1966 2023 2024
M 1076 1082 1094
M 3112 3213 3245
M 1844 1876 1900
S 2502 2544 2545
S 1710 1857 1858
M 3093 3063 3111
M 642 558 664
S 1461 1511 1512
S 1555 1578 1579
S 2599 2666 2667
S 3044 3064 3065
S 2994 3001 3002
M 2459 2473 2500
M 393 273 399
M 1746 1691 1803
S 1798 1828 1829
M 3572 3565 3573
S 488 511 512
S 2280 2325 2326
M 3408 3309 3409
S 1950 2037 2038
S 3141 3188 3189
S 1137 1173 1174
M 1582 1627 1649
M 1909 1948 1975
S 493 517 518
M 1700 1787 1831
M 1408 1444 1531
M 1856 1866 1902
S 1514 1606 1607
S 1563 1597 1598
M 3436 3357 3437
M 912 902 964
S 590 610 611
M 699 682 749
M 1488 1559 1564
M 684 726 783
S 1475 1532 1533
S 529 533 534
M 3675 3611 3709
S 3097 3147 3148
M 1912 1853 1926
S 3537 3554 3555
M 481 378 501
M 630 611 632
M 3418 3423 3442
M 181 117 226
S 380 419 420
S 2678 2680 2681
S 1743 1745 1746
S 2753 2846 2847
S 1857 1941 1942
S 2127 2133 2134
S 2451 2497 2498
S 193 235 236
M 1993 1961 1996
S 2129 2193 2194
M 1689 1698 1715
S 175 188 189
M 2018 2279 2331
S 2437 2512 2513
M 3366 3421 3453
S 465 473 474
M 2479 2448 2496
M 3324 3340 3372
S 199 237 238
M 3523 3603 3615
S 1110 1137 1138
S 837 860 861
S 1236 1237 1238
M 3516 3480 3522
M 3104 3161 3192
S 142 272 273
S 2719 2731 2732
M 3358 3422 3427
M 3724 3723 3725
S 1855 1863 1864
M 986 1112 1124
S 82 103 104
M 158 226 271
S 3347 3396 3397
S 2117 2129 2130
S 1140 1180 1181
S 1184 1231 1232
S 1041 1146 1147
M 715 755 775
M 879 993 1000
M 2845 2739 2865
M 3337 3321 3378
S 1040 1108 1109
S 3419 3440 3441
M 1714 1703 1770
S 1047 1048 1049
M 526 609 629
S 1387 1576 1577
S 1467 1501 1502
S 676 714 715
M 2696 2713 2781
M 1768 1846 1870
S 3663 3670 3671
S 3019 3068 3069
M 1713 1680 1723
M 1333 1295 1384
S 1602 1609 1610
M 990 1020 1067
S 563 568 569
M 772 792 793
S 2084 2138 2139
M 3298 3246 3332
M 2360 2400 2406
M 2864 2818 2886
S 3327 3370 3371
S 1216 1256 1257
S 836 958 959
S 2841 2887 2888
M 3613 3576 3631
M 225 250 255
M 1435 1377 1442
M 2744 2821 2830
S 1427 1434 1435
S 1331 1345 1346
M 2119 2107 2123
S 1826 1844 1845
S 2315 2341 2342
S 2656 2698 2699
S 1288 1451 1452
M 490 520 522
M 1987 1992 1999
M 2471 2443 2478
S 2245 2269 2270
S 3017 3070 3071
M 3414 3351 3415
S 1734 1758 1759
S 1545 1554 1555
S 1195 1225 1226
S 3499 3527 3528
M 2444 2460 2463
S 951 953 954
M 87 88 141
M 3589 3647 3655
S 838 932 933
M 3726 3731 3732
S 1801 1877 1878
S 1606 1655 1656
M 2759 2802 2829
S 3027 3057 3058
M 2749 2740 2765
S 3270 3354 3355
S 2971 2982 2983
M 2970 2977 2989
S 517 730 731
S 2676 2812 2813
S 1744 1826 1827
M 1158 1099 1229
M 2861 2873 2874
M 1780 1793 1798
M 1522 1584 1626
M 935 975 979
M 167 303 311
M 2193 2100 2218
S 1760 1852 1853
M 2221 2287 2296
M 1353 1289 1363
S 73 90 91
M 2754 2755 2756
S 2108 2317 2318
M 1676 1587 1704
M 1294 1004 1335
S 841 898 899
M 151 104 177
S 1382 1447 1448
S 1906 1914 1915
M 2597 2593 2633
M 601 556 603
S 2809 2860 2861
M 2456 2392 2480
S 3200 3223 3224
M 3652 3637 3703
M 293 283 340
M 3467 3472 3482
S 586 625 626
S 1394 1423 1424
S 3169 3182 3183
S 2260 2303 2304
M 1215 1239 1261
S 3135 3138 3139
M 42 10 63
M 2478 2512 2522
M 2874 2830 2889
S 3444 3469 3470
S 608 669 670
M 3269 3217 3277
M 25 27 102
S 2639 2718 2719
M 463 479 493
M 2530 2532 2536
M 1533 1593 1594
M 215 207 242
S 2126 2184 2185
S 2146 2346 2347
S 2836 2837 2838
S 1934 1962 1963
S 1224 1295 1296
M 1805 1694 1825
S 2196 2299 2300
S 1921 1946 1947
S 2588 2604 2605
M 2089 2103 2110
M 3343 3403 3408
M 2803 2800 2810
S 2183 2207 2208
S 1206 1213 1214
M 892 888 907
M 3171 3191 3195
M 1383 1325 1393
S 1460 1471 1472
M 3085 3234 3271
S 3253 3324 3325
S 2927 3074 3075
M 2716 2710 2734
M 302 270 313
S 732 864 865
M 1699 1591 1711
M 530 453 550
S 918 971 972
S 3113 3130 3131
S 2508 2530 2531
S 2633 2653 2654
S 2297 2359 2360
M 796 774 814
S 1942 1955 1956
S 1084 1090 1091
M 1736 1586 1753
S 363 429 430
M 636 606 638
S 1335 1337 1338
S 1926 2030 2031
S 2923 2997 2998
M 3536 3582 3585
M 3084 3029 3089
S 3033 3042 3043
M 2731 2635 2769
S 2121 2140 2141
M 2218 2366 2385
M 1285 1327 1357
M 1241 1306 1326
S 50 69 70
M 1252 1222 1281
S 3102 3221 3222
M 1296 1321 1334
M 2680 2675 2692
M 1548 1550 1586
M 1565 1485 1574
M 1480 1434 1522
S 2091 2120 2121
M 598 569 616
S 3244 3266 3267
M 280 327 368
S 808 856 857
S 3466 3574 3575
M 3672 3511 3684
S 2234 2412 2413
M 1141 1147 1156
M 921 905 1001
M 900 884 952
S 205 221 222
M 587 583 592
M 821 746 854
M 2078 2375 2376
S 3024 3049 3050
S 1614 1749 1750
S 2063 2066 2067
S 3560 3648 3649
M 1090 1055 1103
S 43 77 78
M 719 797 803
M 3703 3659 3714
M 834 903 913
S 1884 1978 1979
S 2737 2773 2774
M 247 101 289
S 1095 1165 1166
S 106 161 162
M 1218 1344 1375
M 1456 1441 1464
M 3100 3086 3119
M 3434 3497 3540
M 113 160 168
S 2415 2420 2421
S 2030 2149 2150
M 2726 2732 2737
M 2351 2361 2362
M 929 927 949
S 2016 2056 2057
S 2069 2095 2096
S 646 672 673
S 1979 2009 2010
M 3313 3380 3388
M 3301 3388 3395
M 1474 1503 1568
S 1592 1639 1640
S 2819 2835 2836
S 2035 2073 2074
S 1937 1989 1990
M 2359 2391 2395
S 827 1020 1021
S 3252 3380 3381
M 714 692 758
M 1517 1549 1602
M 3667 3668 3678
S 2296 2312 2313
S 3477 3488 3489
M 2082 1800 2118
S 3341 3412 3413
S 21 29 30
S 52 60 61
M 1935 1947 1968
M 2773 2799 2804
S 932 950 951
S 2964 2977 2978
M 1815 1908 1928
M 1756 1659 1779
S 452 489 490
M 2956 3020 3025
S 387 401 402
M 3684 3505 3700
M 3278 3294 3309
S 2967 3030 3031
M 2024 2139 2148
M 272 194 280
S 2981 3164 3165
M 898 843 906
S 1219 1332 1333
M 2897 2894 2958
M 534 588 597
S 3212 3250 3251
S 1720 1726 1727
S 2662 2722 2723
M 437 410 446
S 2947 3203 3204
S 2254 2264 2265
M 1715 1739 1757
M 329 333 394
S 3149 3159 3160
S 79 142 143
S 261 392 393
M 3235 3331 3353
S 522 575 576
M 1102 1058 1107
M 428 471 515
M 1417 1452 1475
S 436 454 455
S 1291 1389 1390
S 1723 1799 1800
S 2 10 11
M 2417 2300 2444
M 47 64 66
M 801 775 822
S 2179 2202 2203
M 3651 3621 3668
M 882 901 904
S 80 130 131
S 3160 3254 3255
M 2623 2569 2626
S 1145 1215 1216
M 3286 3239 3290
M 3039 3012 3046
M 3469 3353 3477
S 137 139 140
M 3634 3632 3693
S 1078 1170 1171
M 1917 1861 1932
M 219 242 252
M 813 818 832
M 2625 2543 2632
M 2833 2872 2877
M 2496 2511 2523
M 686 468 733
M 776 763 794
S 1895 1921 1922
M 2409 2403 2494
M 2138 2181 2196
M 581 621 645
M 2116 1955 2206
S 2488 2503 2504
S 1927 1982 1983
S 2995 3035 3036
S 58 250 251
S 3259 3385 3386
S 2860 2870 2871
M 610 582 612
S 1847 1865 1866
S 758 892 893
M 1270 1166 1316
S 75 292 293
S 400 415 416
S 2952 2973 2974
M 3186 3180 3249
S 1943 2017 2018
S 536 635 636
S 1576 1685 1686
M 2856 2871 2883
M 2572 2571 2644
M 1835 1808 1869
M 2141 2184 2214
M 2036 2003 2079
S 2051 2136 2137
S 3330 3341 3342
S 3454 3534 3535
M 159 138 179
M 304 99 312
S 3442 3445 3446
M 1290 1178 1291
S 3042 3051 3052
S 1341 1391 1392
S 1000 1030 1031
M 3222 2996 3289
S 737 752 753
S 515 547 548
M 1575 1544 1587
M 2886 2937 2992
M 991 919 1013
S 1599 1613 1614
M 2986 2957 3011
M 800 777 805
M 2851 2895 2913
M 3485 3287 3548
M 1640 1611 1648
S 650 700 701
S 1658 1666 1667
M 573 643 694
S 11 41 42
S 2758 2775 2776
S 3023 3053 3054
M 639 742 779
M 168 119 178
S 263 319 320
M 1635 1571 1650
M 695 716 750
M 2699 2661 2746
S 2177 2291 2292
M 435 504 556
S 1980 1984 1985
S 1616 1636 1637
S 1875 1885 1886
S 2475 2476 2477
S 202 211 212
S 349 403 404
S 2160 2282 2283
M 2214 2223 2244
M 3528 3514 3556
S 2925 3094 3095
M 3147 3289 3310
M 3053 3162 3209
M 162 211 215
S 1304 1317 1318
S 2527 2588 2589
S 51 117 118
M 3562 3568 3570
S 1018 1223 1224
S 1418 1677 1678
M 502 492 504
S 943 1036 1037
S 537 553 554
M 2693 2725 2738
M 857 1031 1063
S 842 852 853
S 2544 2563 2564
M 2000 1999 2049
M 3710 3693 3716
S 3070 3205 3206
M 3154 3151 3175
M 255 449 470
M 3065 3048 3090
M 2251 2261 2284
M 188 197 224
M 2667 2729 2745
S 925 927 928
S 3140 3149 3150
M 2038 2010 2039
S 1802 1848 1849
M 2592 2605 2610
S 2433 2442 2443
M 1532 1598 1611
M 3002 2991 3028
S 2515 2551 2552
M 3712 3633 3718
M 328 323 345
M 3555 3580 3589
M 3459 3465 3467
M 915 1013 1075
S 2150 2177 2178
M 738 798 804
M 3334 3300 3346
M 2507 2371 2509
S 832 980 981
M 2387 2396 2414
M 161 157 183
S 2122 2248 2249
M 2978 2998 3004
S 2775 2788 2789
S 1608 1616 1617
M 1279 1092 1287
M 2942 2949 3005
M 2787 2829 2899
M 3349 3361 3436
M 1915 1907 1923
M 315 347 414
S 350 375 376
M 339 324 357
S 2446 2468 2469
S 1706 1891 1892
M 2672 2534 2688
M 3491 3617 3633
S 1431 1653 1654
M 3126 3167 3170
M 1791 1772 1795
S 996 998 999
M 2079 2118 2142
M 2598 2647 2651
S 1562 1589 1590
M 1477 1552 1582
M 1821 1896 1898
M 1775 1879 1887
M 506 658 663
M 2081 2026 2085
M 1902 1959 1964
M 2615 2665 2685
M 2976 2983 2993
S 2464 2484 2485
S 890 1104 1105
M 2578 2576 2637
M 1726 1786 1790
M 105 63 111
M 1483 1471 1603
S 1369 1386 1387
S 2771 2839 2840
S 3504 3542 3543
S 1384 1454 1455
M 3602 3479 3614
M 1352 1326 1359
M 1262 1203 1292
M 1974 2005 2043
M 2509 2498 2524
S 1642 1657 1658
M 3280 3404 3434
S 1458 1469 1470
S 862 896 897
S 512 531 532
M 3032 3109 3110
M 554 576 587
S 125 198 199
M 3685 3707 3708
S 3274 3295 3296
M 220 277 279
M 1790 1769 1814
M 2826 2820 2834
M 1916 1901 1918
S 2556 2682 2683
S 2491 2579 2580
S 2564 2577 2578
M 128 253 264
S 1814 1836 1837
M 169 149 180
M 1026 1024 1027
S 2200 2329 2330
S 3622 3685 3686
S 469 543 544
S 217 358 359
M 2985 3022 3029
M 1032 969 1039
S 1448 1478 1479
S 176 201 202
S 1250 1268 1269
S 786 798 799
M 1566 1615 1623
M 2377 2374 2383
S 973 990 991
S 1880 1882 1883
M 3559 3548 3588
S 374 405 406
S 1887 1889 1890
M 3600 3610 3626
S 381 389 390
S 3001 3026 3027
M 259 289 306
M 1900 1877 1912
M 673 625 693
M 2148 2085 2182
M 2278 2333 2455
S 2674 2739 2740
M 336 382 417
M 2586 2600 2631
S 2309 2335 2336
M 924 914 985
M 3164 3215 3229
S 1630 1660 1661
S 889 902 903
M 1758 1681 1761
M 2810 2835 2858
M 2256 2281 2293
S 839 879 880
M 2040 2083 2122
S 2067 2083 2084
M 248 208 256
M 251 281 288
S 86 113 114
M 3308 3295 3328
M 3117 3120 3133
M 1540 1520 1558
M 3165 3271 3283
M 739 793 795
S 2090 2245 2246
S 3529 3531 3532
S 1679 1712 1713
M 741 799 802
S 2574 2624 2625
M 1626 1742 1781
M 3650 3691 3694
S 1527 1545 1546
M 297 299 323
S 3096 3157 3158
M 3155 3305 3379
M 854 957 1005
S 717 877 878
M 2570 2522 2576
S 783 829 830
S 2101 2131 2132
M 2388 2493 2501
M 1605 1568 1612
S 198 205 206
M 1633 1672 1701
M 1186 1175 1267
S 3375 3406 3407
M 930 954 955
S 237 274 275
M 3066 3060 3134
M 132 129 137
M 1188 933 1220
S 1411 1485 1486
S 8 12 13
S 1859 1930 1931
S 2968 2984 2985
S 3561 3591 3592
M 3609 3640 3664
M 1507 1451 1529
S 3385 3404 3405
S 2175 2187 2188
M 2189 2252 2255
S 3471 3478 3479
M 2291 2326 2379
M 3502 3525 3538
S 1314 1323 1324
S 2497 2520 2521
M 3445 3488 3519
S 2202 2210 2211
M 3596 3443 3613
S 2455 2458 2459
M 179 122 200
M 2624 2603 2657
M 61 109 225
M 2311 2283 2339
M 1765 1832 1908
S 3072 3177 3178
M 2213 2187 2250
M 3440 3490 3520
S 14 49 50
S 2774 2934 2935
M 2131 2015 2153
M 1953 1932 1967
S 1911 1943 1944
S 3390 3464 3465
M 864 790 888
M 811 768 821
M 1652 1645 1771
M 3464 3530 3536
M 2166 2088 2176
M 3158 3134 3210
S 9 14 15
M 3288 3332 3358
M 1053 1035 1085
M 2145 2130 2259
M 2550 2461 2608
S 1845 1859 1860
S 505 507 508
M 1764 1759 1786
M 2023 2009 2025
M 121 37 138
M 2334 2320 2386
M 3166 3159 3181
M 580 708 745
S 38 39 40
S 1745 1765 1766
S 1316 1427 1428
M 2039 2037 2058
S 3284 3316 3317
M 1037 1015 1057
M 3384 3318 3403
S 1890 2101 2102
M 3506 3620 3689
M 1585 1597 1615
S 3184 3193 3194
S 2555 2571 2572
M 2879 2875 2880
M 535 521 552
S 2098 2160 2161
M 980 966 982
S 1240 1304 1305
S 3010 3023 3024
M 2062 1883 2070
S 998 1058 1059
S 2790 2819 2820
S 2565 2611 2612
M 2158 1939 2174
M 1017 1023 1068
M 1173 1265 1274
M 3455 3420 3502
S 2115 2125 2126
M 2253 2293 2322
M 2649 2697 2715
M 282 245 303
S 3468 3504 3505
M 3729 3721 3731
S 531 560 561
S 1077 1083 1084
M 1006 1085 1095
S 2349 2391 2392
M 3715 3704 3717
M 1558 1494 1561
S 697 735 736
S 3437 3458 3459
S 2167 2170 2171
S 2560 2592 2593
S 3279 3322 3323
M 2341 2485 2516
M 3429 3297 3460
M 2352 2410 2424
M 3644 3574 3667
M 589 494 593
M 1034 984 1073
M 2143 2155 2186
S 2031 2089 2090
S 201 262 263
S 1828 1840 1841
M 3262 3250 3274
S 2558 2664 2665
M 1436 1423 1441
S 1519 1570 1571
S 2746 2778 2779
S 1541 1550 1551
S 1501 1572 1573
S 2449 2464 2465
M 1837 1838 1913
M 1561 1505 1569
S 2379 2400 2401
M 3210 3172 3246
M 2094 2162 2168
M 2318 2402 2418
S 95 109 110
S 959 973 974
S 956 965 966
S 2922 2941 2942
S 3145 3247 3248
M 111 103 182
S 2012 2026 2027
S 3202 3280 3281
M 1253 1237 1254
S 1103 1120 1121
S 2541 2601 2602
S 235 239 240
S 1143 1191 1192
S 3639 3651 3652
M 2791 2805 2854
M 3128 3152 3161
M 1163 1104 1179
M 2457 2487 2581
S 288 298 299
M 740 722 760
M 3083 3041 3106
M 1338 1348 1358
M 1466 1538 1642
M 1603 1579 1697
M 824 849 851
S 1005 1033 1034
M 1426 1157 1466
M 3496 3534 3547
S 2034 2075 2076
S 1788 1806 1807
M 1169 1097 1175
M 3091 3157 3166
M 1247 1273 1344
S 28 31 32
M 2689 2627 2768
S 1984 1987 1988
S 2274 2287 2288
S 2376 2461 2462
M 1536 1516 1542
S 1454 1556 1557
M 971 1027 1074
M 2102 2060 2109
M 3344 3371 3387
M 1283 1292 1329
S 2490 2537 2538
M 1919 2029 2044
S 2462 2507 2508
S 727 746 747
M 2764 2646 2784
M 3062 3106 3114
S 2590 2695 2696
S 872 886 887
M 2888 2798 2949
M 2362 2384 2431
M 908 850 930
S 1381 1402 1403
S 3494 3562 3563
M 1370 1357 1397
S 2372 2389 2390
M 2041 1990 2055
S 1817 1819 1820
M 196 177 208
S 2919 2943 2944
S 1936 2080 2081
M 2634 2628 2648
M 2557 2542 2569
S 1797 1817 1818
M 1596 1504 1599
M 700 688 705
S 3055 3120 3121
M 3221 3299 3305
M 1106 1059 1132
S 2619 2799 2800
S 1170 1197 1198
S 3306 3333 3334
S 3056 3107 3108
S 1933 1980 1981
S 2263 2285 2286
S 622 640 641
S 399 423 424
M 1319 1299 1336
M 2230 2185 2302
S 830 846 847
S 3612 3621 3622
S 1639 1777 1778
S 2916 3039 3040
S 1647 1731 1732
S 1473 1476 1477
S 1750 1838 1839
S 1577 1683 1684
M 585 645 671
S 3071 3115 3116
S 1096 1142 1143
M 2637 2645 2668
S 1159 1243 1244
M 2295 2367 2384
M 1656 1653 1659
M 1581 1567 1593
M 1155 1069 1161
M 987 1002 1032
M 2336 2262 2345
M 1109 1117 1145
S 2087 2113 2114
M 767 689 782
S 2011 2107 2108
S 880 956 957
S 3657 3665 3666
S 668 711 712
M 3716 3630 3719
M 3430 3475 3544
S 145 159 160
M 2212 2408 2419
S 814 867 868
M 3451 3503 3510
M 306 354 361
S 3501 3582 3583
S 2966 3019 3020
S 2073 2273 2274
M 2682 2695 2710
M 2702 2832 2851
S 231 283 284
M 3082 3038 3085
S 426 484 485
S 2247 2416 2417
S 3182 3297 3298
M 3277 3281 3282
S 7 8 9
M 784 782 790
S 744 796 797
M 528 641 662
S 1088 1157 1158
S 2404 2425 2426
M 1572 1625 1638
S 1271 1302 1303
M 2008 1962 2011
S 2520 2655 2656
M 615 663 685
M 677 691 713
3107 10
2096 1
2201 1
151 1
1618 30
1383 2
2017 1
2390 1
1145 3
675 3
81 1
1035 2
1088 11
862 1
2878 1
3629 1
2272 1
333 1
2179 3
2693 1
504 1
1227 1
2609 1
2571 1
1034 7
2693 1
2759 1
2077 2
2997 1
875 1
655 16
193 2
1549 12
2238 1
1602 11
2216 11
1710 2
2907 1
3663 3
1628 18
2042 14
2893 2
1063 1
987 7
304 1
2930 2
751 3
1168 1
1797 1
1707 2
1736 1
3726 102
1425 1
2106 1
348 2
106 1
1393 1
2899 1
1970 2
3096 1
2533 1
1557 1
2179 2
1738 2
1157 3
1710 5
518 1
4 45
3445 4
572 1
1081 1
2474 1
2055 1
1454 1
2785 1
45 3
2129 2
790 22
1487 2
2803 1
2507 1
1765 1
3665 1
3551 1
1554 1
2334 3
3121 10
530 1
791 1
1284 1
2185 2
2410 2
132 1
56 1
2038 2
2559 4
2291 2
3488 4
2254 2
2676 1
11 36
1423 2
1384 1
1523 1
2591 1
2479 7
3129 1
209 1
739 1
415 3
3270 1
2651 1
1143 1
822 11
3377 4
1806 1
1844 5
1178 1
415 3
2880 8
3712 5
683 1
2391 1
2877 1
2456 1
281 1
140 1
2334 3
2261 2
925 1
1720 8
1764 2
3354 1
2762 1
764 1
3539 2
3629 1
873 1
3436 3
404 1
2957 1
2733 2
3269 1
226 3
1985 3
3477 3
1727 1
3000 1
558 1
1597 2
1231 2
2768 4
3629 1
2037 2
2906 1
1692 1
3721 3
2280 1
1911 1
500 4
3412 1
2780 1
346 1
3232 1
3662 1
314 1
3085 1
225 1
834 2
1119 2
2035 1
1896 1
2303 1
1945 1
2524 5
1404 1
2628 1
1339 1
1674 2
2030 7
1454 1
1501 1
1842 2
2012 1
1176 1
2828 1
2455 1
57 1
1433 1
625 3
2577 1
1767 7
1871 7
2844 1
303 1
1145 1
3395 1
858 2
3015 2
1435 2
1432 1
20 7
3681 3
3510 2
2925 1
1707 1
1081 1
2772 1
2021 1
903 1
3403 4
2594 3
2769 2
3507 5
2572 2
978 18
269 1
163 1
333 7
178 1
2502 1
3705 5
641 1
745 3
1274 1
2864 19
514 1
398 2
2236 2
2576 9
3420 1
826 8
1256 1
3449 1
3441 3
1766 1
1662 1
2679 1
1093 1
616 2
329 1
3234 1
1228 2
3406 9
497 1
3610 1
764 1
3041 10
3541 2
628 1
2818 2
651 1
780 2
3595 2
2861 18
851 8
1067 1
3368 1
2734 1
2089 3
1099 3
1068 2
652 3
2199 2
2418 4
3243 1
1260 1
857 1
633 10
1168 1
179 3
2150 6
2861 16
176 2
3143 1
29 2
433 1
1543 1
3041 9
3692 1
596 2
1135 1
1908 10
3391 1
3173 2
1611 1
391 1
1738 2
1501 1
541 1
2202 2
2311 3
127 3
42 5
312 1
2478 3
3572 1
2672 1
616 1
1470 1
3418 4
2899 3
2800 7
261 1
2333 1
949 1
1188 5
1747 1
2522 2
3402 3
2478 2
1961 4
2684 13
1245 2
1359 13
1689 4
2653 1
2399 9
2330 1
1937 2
83 3
489 1
3081 1
603 11
1568 2
765 1
36 1
1493 1
3673 3
924 7
1535 6
1850 10
3013 1
415 1
3082 1
12 3
682 3
1484 3
3415 1
3558 2
2131 2
3272 2
119 1
2660 4
3274 1
2926 3
2768 2
1945 1
1513 1
379 3
293 1
3239 4
3449 1
2494 1
3100 1
1615 1
1093 1
2671 1
252 7
1567 2
2894 6
3235 1
522 14
3613 1
2259 13
2738 6
2626 1
1942 1
1486 9
3459 1
2028 1
1290 2
1441 3
57 1
2047 4
655 9
1382 2
316 1
3657 1
2453 1
1125 2
1281 1
750 7
2828 1
3126 1
2124 5
2293 11
2346 1
567 1
2416 3
229 1
1473 7
2069 2
2634 1
2786 3
3628 2
750 7
5 30
2256 1
3398 1
3102 1
2325 1
648 1
1530 1
2696 1
2951 1
2061 1
2752 20
3703 1
2016 3
899 2
655 8
3041 9
1599 1
2090 4
2143 1
1998 1
1700 9
1519 2
2463 6
2211 1
1119 1
318 2
1367 1
3192 6
556 3
2232 6
178 2
2064 2
387 1
1232 1
204 5
1256 1
48 2
2042 11
1858 1
243 1
1774 1
709 2
189 2
1295 2
703 10
2969 1
173 3
563 1
1766 1
1806 1
2386 5
84 1
875 1
2780 6
61 1
557 1
1083 2
1076 1
1701 33
3733 190
2864 25
2325 1
2386 4
3178 2
1328 43
1535 2
1501 2
1990 1
2676 1
1465 1
3285 1
3468 1
278 4
1695 1
2620 3
3250 1
1261 3
1733 1
1435 9
1757 5
2828 1
2681 1
1960 1
486 1
2645 1
2878 1
1296 1
1259 2
1996 1
2037 3
1809 2
1850 5
2172 2
3586 5
2438 1
552 4
235 1
2052 1
234 10
2463 7
3733 70
473 1
3628 3
633 11
2405 3
2380 1
3040 1
239 1
795 21
2644 1
2196 2
3233 1
1622 1
2814 3
1208 1
2380 2
2630 3
553 1
22 1
827 1
2375 1
3458 2
925 1
2349 1
3692 2
582 1
2106 1
2294 2
3400 3
970 27
3059 5
888 31
3452 2
2512 1
2854 3
2305 22
3543 1
1563 3
1054 11
1239 1
3055 20
1688 3
1663 3
2669 2
1103 1
1736 2
3320 5
696 1
700 1
24 1
2 60
3631 9
368 6
2911 3
553 1
2233 4
2639 2
78 1
3132 3
1962 3
2389 1
1291 1
1062 2
3727 7
1745 2
2146 1
1946 1
257 1
1389 2
3657 1
2333 1
1694 1
301 1
3658 1
2636 5
2050 1
892 1
3451 6
1175 2
2446 2
361 2
2153 1
2725 3
2369 1
175 4
3491 1
217 1
913 8
3202 1
541 1
3712 1
2180 1
3467 5
2474 1
3555 1
1454 2
2623 1
1971 1
1586 1
2110 4
2037 5
172 1
2361 4
2246 3
2255 4
2798 3
2967 1
815 3
1034 6
3030 1
2420 1
2879 2
3210 1
2701 2
3545 1
398 2
24 2
1650 1
1260 1
346 2
2990 3
2792 1
1572 1
2417 1
2043 2
75 1
2566 2
2070 1
3098 7
311 2
1384 3
1556 1
809 1
1270 18
946 3
157 1
652 2
3730 17
2819 1
2621 2
3392 9
271 7
3166 3
2893 3
2240 2
1467 1
921 1
1490 1
380 1
1908 9
1560 7
3103 1
405 2
1540 1
2853 1
1065 1
2026 1
3321 4
2386 1
1517 1
3658 3
1570 1
2749 2
327 9
3398 1
55 3
1342 18
3618 3
444 1
3392 7
3196 1
3033 13
2330 1
2625 1
1490 2
1400 1
115 3
558 1
1188 5
510 19
3198 1
3313 1
1983 1
3063 1
1615 2
3545 1
326 1
1312 1
568 1
1169 1
1906 1
2894 8
83 4
2689 1
740 1
2969 2
2432 16
2129 2
3691 12
3592 2
2555 3
1790 3
3234 1
2931 1
3321 2
782 20
1740 1
3733 95
2195 1
1905 1
52 2
3287 5
1300 4
3345 1
3561 3
1062 1
3329 1
2537 1
2611 1
3046 2
245 1
2797 3
1914 1
952 1
3626 1
322 1
2333 1
921 1
1048 12
1969 3
3193 1
374 2
1385 4
261 1
3703 1
1086 2
255 2
2196 1
3244 1
1826 10
3497 6
681 1
2637 12
858 2
1538 1
792 6
2391 1
1986 1
1287 3
1157 9
2840 6
2591 1
728 1
1525 6
657 19
3674 1
1144 2
3197 1
1641 2
2419 2
552 1
1157 5
3509 1
685 4
1553 1
1301 2
2245 3
2734 1
2296 1
2930 4
1120 1
67 1
571 1
1312 1
3041 7
2320 2
1215 2
1874 1
3008 1
2595 2
236 1
2700 20
2061 1
1270 2
153 13
1861 1
2007 2
3389 1
285 1
1950 10
164 1
3693 7
2199 1
84 1
93 1
1506 1
2883 7
1960 1
194 1
2670 1
2917 1
2514 1
2383 5
734 2
2545 3
1859 3
863 1
1650 1
2883 10
2862 1
386 16
2317 3
3417 1
438 1
1295 2
2180 1
3307 1
750 5
2938 1
3079 2
3117 1
2259 11
3342 1
2911 1
1018 1
1879 10
2528 1
809 1
664 1
709 4
2107 6
3633 2
3723 2
548 4
2851 1
1673 2
692 1
617 3
3230 1
1065 1
25 2
1970 2
3063 1
2292 1
2726 1
778 5
1892 1
2273 1
1817 1
3239 6
441 2
1008 11
3098 5
2851 4
1900 5
298 1
2475 6
419 1
624 2
3590 7
350 2
2849 2
353 1
3308 8
2745 3
385 2
2130 1
1473 4
644 2
599 2
3589 2
627 1
1232 1
664 1
748 1
1793 4
63 25
375 1
1471 1
493 1
2110 9
2679 2
1920 2
46 2
314 1
1733 1
2885 1
3430 9
3444 1
1356 1
3287 5
2200 2
1775 1
2050 1
3420 3
2769 2
700 1
1196 3
2913 3
388 1
269 1
1987 2
2536 3
1922 1
13 4
9 9
2424 2
898 3
3598 1
898 1
1287 4
1040 4
3285 1
1935 3
3466 17
1151 2
39 1
2420 6
921 1
1823 7
410 1
1781 33
3733 1
1468 9
1447 1
1141 1
585 2
418 2
406 1
960 3
2328 4
2470 2
695 6
1923 1
2860 12
3643 4
2428 9
2411 5
2895 9
2703 1
3482 8
567 1
1038 1
2039 4
2676 1
1837 1
1704 1
3482 2
433 1
1513 1
411 1
3654 1
2733 3
439 6
883 2
2024 2
722 5
3348 8
3699 3
2461 2
2472 2
692 4
2686 1
1261 2
3569 2
2899 4
2303 1
591 1
1066 1
1352 3
3623 9
29 3
2468 2
245 1
478 1
321 2
287 1
1518 1
913 10
2032 16
2532 2
2925 4
627 1
1894 1
2399 1
2934 1
3145 1
1609 2
392 1
2305 18
1553 1
1487 5
824 2
1434 6
1790 6
835 1
2586 5
3457 1
1156 7
2460 1
2565 3
2186 3
3388 1
