65 2 1000
S 1 2 3
M 3 2 4
2 30
4 25
2 18
4 39
4 64
3 28
2 2
3 22
3 13
2 23
3 26
2 23
2 23
2 18
3 5
2 25
3 25
4 50
3 23
4 28
3 19
2 32
2 20
2 28
3 12
2 3
2 30
2 29
3 20
2 11
4 19
2 7
3 17
2 25
4 57
2 8
2 23
4 24
3 9
3 10
2 1
2 14
2 28
3 20
4 58
3 24
3 16
3 23
4 1
4 39
2 14
2 25
3 3
4 33
3 19
4 8
3 20
4 50
2 10
3 13
3 32
3 22
4 11
3 32
3 32
2 18
3 19
2 1
2 31
4 30
3 6
2 26
4 41
4 28
4 64
3 18
3 20
2 11
2 13
2 27
2 5
2 1
4 31
4 5
4 30
2 9
3 7
2 29
2 24
3 32
4 7
4 59
4 10
2 12
3 18
2 10
4 51
2 23
3 25
4 11
3 14
2 31
3 3
2 13
4 48
2 16
4 51
2 31
2 21
3 16
4 63
2 32
2 32
3 11
2 33
2 25
4 11
4 33
2 19
4 59
2 32
2 3
4 53
2 25
4 11
3 30
3 5
4 57
4 56
2 28
2 3
2 28
4 57
2 23
3 2
2 19
4 33
3 31
2 2
4 16
3 21
4 32
3 9
3 2
4 7
4 49
4 34
3 4
2 8
4 26
3 22
4 55
3 17
3 27
4 19
2 32
4 3
2 31
4 60
2 20
2 23
3 3
3 9
3 12
3 28
2 4
3 23
3 28
2 23
4 25
4 25
4 56
3 2
2 12
2 26
2 7
4 50
3 13
2 8
4 41
3 23
3 12
2 7
3 16
3 28
2 6
2 11
2 2
3 30
3 7
3 31
3 16
3 3
2 25
4 48
4 21
4 2
2 28
4 54
3 12
3 27
2 2
4 13
4 36
2 31
2 4
3 18
3 5
2 22
3 16
2 10
3 28
4 60
2 12
2 22
4 5
2 29
2 25
4 47
4 32
2 27
2 1
3 13
4 2
2 13
2 3
3 5
2 26
2 32
3 1
3 21
3 25
2 15
2 2
2 7
2 33
3 19
2 11
3 23
2 6
3 19
4 44
4 3
2 3
2 7
2 1
3 18
2 13
3 23
2 6
3 24
4 35
4 59
3 6
4 52
4 22
4 33
2 33
4 61
4 23
3 28
2 10
3 20
4 56
3 2
4 55
4 25
2 31
2 2
4 27
4 16
3 4
3 8
4 22
4 18
4 63
4 31
3 32
3 17
2 1
4 44
2 31
4 41
2 27
3 25
4 64
2 9
3 21
3 4
3 24
4 36
2 33
4 49
2 33
4 58
2 2
2 23
2 25
4 44
4 44
3 9
3 22
4 45
2 5
2 28
2 26
2 33
3 24
4 51
2 23
2 23
3 25
2 20
3 31
4 56
4 65
2 15
4 60
2 5
4 19
3 2
4 56
2 16
2 5
2 10
2 16
2 25
3 16
4 39
3 31
2 27
2 15
4 9
2 21
3 23
3 29
4 29
4 32
4 50
2 5
4 10
2 27
2 12
2 18
3 5
4 40
3 17
4 2
4 7
4 7
4 30
2 17
2 33
4 40
2 4
4 47
4 51
2 13
3 17
2 8
3 15
3 10
4 62
2 3
2 16
4 24
2 6
2 13
3 30
3 29
3 27
3 19
3 10
4 33
3 22
3 1
4 9
3 32
2 28
4 64
2 4
4 35
3 17
4 1
4 8
2 24
3 12
3 19
4 34
4 9
3 28
4 27
2 5
3 22
4 13
2 3
2 2
4 17
3 2
3 12
4 33
2 14
2 12
2 14
4 44
2 28
4 33
4 23
2 24
4 20
3 24
2 9
2 8
3 24
4 55
3 21
4 29
3 10
4 55
2 29
2 1
2 33
2 4
3 12
2 11
3 32
4 49
3 13
2 31
2 5
4 5
3 26
2 18
3 3
4 5
2 7
4 24
3 18
2 10
3 6
2 26
2 2
2 15
2 18
2 14
4 37
2 13
4 6
3 15
2 22
2 25
3 25
2 19
3 13
4 1
2 6
2 25
2 7
3 31
3 3
2 1
3 23
3 17
3 18
2 2
2 31
2 1
2 8
4 29
3 30
2 32
2 13
4 18
4 15
4 39
4 9
4 18
2 15
4 28
3 25
3 16
3 6
2 26
3 8
4 12
3 26
2 24
3 22
3 32
4 55
3 2
3 12
2 8
4 49
3 29
3 31
3 21
4 42
4 1
2 7
4 49
4 26
3 15
2 11
4 36
4 24
2 16
3 19
3 11
3 17
4 62
2 9
3 7
3 14
4 33
2 6
3 27
2 29
2 11
4 60
3 12
3 28
2 5
4 29
2 5
4 45
3 32
2 2
2 7
3 15
4 62
2 24
4 34
3 8
3 7
3 5
4 27
2 16
4 41
3 22
4 20
2 24
2 12
2 20
2 7
3 3
2 10
4 2
3 5
3 11
2 11
4 57
3 22
4 54
2 23
2 25
2 13
3 19
3 30
2 18
3 8
2 4
4 61
3 19
2 33
4 27
4 3
2 1
4 47
2 7
3 7
4 8
4 9
3 26
2 28
3 13
4 1
4 60
2 32
2 11
2 28
4 15
4 58
4 8
4 10
4 34
3 13
2 20
4 45
3 2
2 11
2 12
2 17
2 32
3 4
4 17
2 30
2 7
2 29
4 56
3 26
4 46
3 20
4 28
3 13
2 28
3 24
2 17
3 9
3 10
3 25
2 12
3 4
4 53
4 3
4 58
3 31
4 19
2 29
3 17
2 6
4 56
4 27
2 26
3 7
2 12
3 24
3 21
4 65
4 49
2 25
2 22
3 12
3 5
2 33
2 8
2 7
4 30
4 34
3 3
3 32
4 42
2 26
2 22
3 28
2 7
4 5
3 31
3 19
2 9
4 13
2 4
3 2
4 42
4 8
2 18
3 16
3 9
2 4
4 31
2 16
3 22
3 18
4 50
3 21
4 2
3 19
4 11
3 17
4 7
2 13
2 9
3 3
2 23
4 41
4 30
2 6
4 8
3 4
3 12
3 27
2 29
2 2
2 26
2 23
3 5
4 58
4 22
3 5
4 1
3 20
2 4
2 6
3 12
4 10
3 2
3 22
2 27
2 10
2 29
4 7
2 29
2 23
2 24
3 27
3 21
4 24
3 12
2 13
3 13
3 3
4 36
4 47
2 22
4 2
4 28
2 2
3 14
3 14
3 23
4 18
3 17
3 6
4 6
3 24
2 4
2 26
3 13
2 31
3 2
2 26
2 20
4 57
3 16
2 24
3 16
3 21
2 1
4 56
3 15
2 29
3 17
3 23
4 30
2 9
4 33
4 50
2 31
2 4
4 42
2 30
4 61
3 2
3 3
4 23
3 10
4 13
4 12
3 23
4 64
4 52
3 30
4 58
2 31
4 41
3 20
3 18
4 20
3 14
3 32
3 4
3 10
4 56
4 32
3 3
2 14
3 7
4 48
4 62
4 59
4 34
4 38
2 16
2 16
3 7
2 2
4 60
3 14
2 8
3 1
3 22
4 50
3 8
3 24
3 16
3 30
4 34
4 30
3 17
3 28
3 29
2 5
2 5
4 43
4 62
3 23
4 14
4 14
2 3
2 20
3 18
4 45
4 55
2 25
3 12
3 24
4 37
4 50
4 59
2 3
2 4
3 3
3 15
3 20
2 7
2 31
2 3
4 36
4 54
4 33
4 15
2 14
3 20
4 33
4 31
2 16
3 29
4 44
3 14
2 11
4 12
3 32
4 5
4 64
4 57
2 5
3 10
2 5
4 22
4 17
4 47
2 23
2 31
3 20
2 14
4 38
4 2
4 2
3 21
4 43
2 3
4 47
3 22
4 59
3 9
3 24
3 7
3 32
4 29
2 7
4 20
4 64
2 33
4 29
2 4
3 19
3 3
2 31
2 20
3 26
2 15
2 9
2 12
3 29
4 33
4 43
4 45
3 27
3 1
3 5
4 11
2 16
4 20
3 4
4 11
4 17
4 2
3 23
4 35
3 25
3 15
4 42
3 2
3 31
4 57
2 32
2 28
3 1
2 26
3 17
2 13
4 19
4 57
2 29
2 32
4 18
4 10
3 29
2 23
2 3
3 5
3 7
3 8
4 16
3 22
4 8
4 3
2 26
2 5
3 14
3 21
4 17
2 7
4 64
2 3
2 16
4 19
4 45
3 21
4 21
4 34
4 27
3 31
4 33
2 32
4 57
2 8
4 15
2 23
3 17
4 45
2 20
2 28
3 25
4 58
4 29
2 2
3 16
3 8
2 19
2 25
2 19
4 24
2 12
3 31
2 21
4 61
2 30
2 33
4 29
3 26
2 27
3 14
3 10
4 6
2 25
4 8
4 65
2 5
4 15
4 28
4 58
4 37
4 54
4 49
3 31
3 26
2 10
4 46
3 19
3 11
4 59
2 33
2 5
3 7
4 59
2 28
2 13
4 32
2 28
