43
48
31
3
33
24
41
31
35
16
22
19
25
37
38
7
40
41
34
39
41
40
36
18
5
28
22
38
13
18
18
48
20
3
9
2
21
29
30
28
12
30
11
43
26
16
19
14
14
16
31
38
4
8
4
42
2
42
18
46
49
9
8
16
3
7
7
12
37
49
4
17
49
11
5
18
13
44
22
34
13
18
2
22
15
6
35
41
3
1
9
18
14
22
6
5
20
13
11
2
24
43
48
3
8
2
2
36
25
49
46
46
49
27
22
26
47
2
46
28
43
32
17
26
10
2
12
49
40
48
22
16
41
4
23
47
20
27
2
27
41
44
33
3
28
46
2
2
36
46
43
12
2
35
39
3
38
4
37
2
48
44
6
19
28
4
20
4
48
3
29
20
2
18
14
44
36
1
18
4
42
38
35
46
6
41
20
35
24
6
27
37
39
19
11
2
43
20
9
8
38
24
37
22
16
38
20
4
25
47
43
2
44
28
31
43
36
26
11
9
40
21
44
8
18
35
5
47
48
4
38
15
30
48
18
25
44
41
23
16
47
2
18
48
10
38
18
42
25
35
13
14
40
30
25
14
10
3
7
29
14
46
9
38
2
10
21
29
20
23
27
20
46
20
42
41
44
34
36
34
26
48
19
15
38
32
47
44
2
25
14
11
36
11
43
9
44
2
20
17
31
24
33
38
49
10
4
1
20
39
18
26
37
15
8
8
31
43
38
44
18
9
14
49
49
45
14
8
12
12
49
27
9
41
22
49
18
24
18
14
18
4
48
16
40
31
10
14
2
18
11
28
2
47
18
2
6
14
33
31
16
36
16
20
2
11
45
36
38
39
36
28
28
4
25
28
8
32
46
1
6
3
5
22
44
2
35
23
19
11
31
8
45
45
16
12
28
24
11
36
2
30
16
38
3
2
2
4
47
38
29
2
30
39
13
5
34
24
46
8
41
48
15
41
4
32
44
11
14
19
32
49
20
28
21
8
28
34
18
47
18
46
40
45
34
4
45
19
41
14
8
30
8
5
28
2
33
9
2
13
34
5
6
12
11
32
6
14
4
49
6
27
46
9
37
21
44
33
43
46
28
30
1
44
8
48
17
4
14
44
28
2
41
2
12
7
13
21
16
2
27
5
1
2
8
9
39
28
31
43
18
6
1
14
26
38
12
4
20
16
11
16
24
9
19
4
1
1
2
36
38
25
4
14
27
2
23
48
20
6
9
36
36
48
30
18
46
20
41
1
2
19
16
49
8
17
23
1
33
2
38
46
26
49
28
44
4
5
36
34
2
28
16
20
18
18
40
39
21
31
27
24
41
21
29
30
31
4
41
30
48
3
38
16
2
18
43
28
47
46
44
12
14
38
1
14
27
23
2
41
28
4
27
2
40
41
35
38
16
13
8
2
8
18
38
12
22
9
3
38
4
30
15
25
5
20
36
18
47
46
46
4
4
43
30
3
17
3
9
39
13
18
47
47
22
19
14
42
2
9
47
8
1
38
40
48
6
25
9
20
29
49
2
18
6
1
8
2
28
2
19
46
2
41
28
22
8
34
35
22
35
11
22
2
35
32
31
12
39
35
13
8
15
12
18
22
24
14
38
44
34
4
13
31
44
14
1
8
38
42
28
15
11
37
31
8
6
32
8
2
13
45
9
14
45
46
4
20
12
11
8
19
38
2
30
46
9
22
38
40
8
33
10
6
1
24
2
47
44
44
36
12
46
46
8
12
43
16
19
22
7
24
16
11
18
47
43
3
8
1
35
2
14
40
11
20
46
8
9
1
10
40
33
45
28
11
16
36
32
38
4
12
21
10
10
24
6
8
48
47
33
18
3
18
29
7
2
32
16
18
10
17
25
4
19
14
4
30
2
35
22
43
16
42
29
38
14
12
14
40
18
9
42
2
14
10
3
9
6
2
48
14
14
26
2
22
1
31
18
36
28
21
13
30
2
44
2
33
6
36
22
25
42
14
30
21
27
43
34
27
46
33
4
8
47
7
34
28
33
30
28
10
32
36
20
10
20
29
28
30
40
20
38
8
33
39
17
31
4
35
29
29
18
46
26
5
49
44
9
8
28
46
5
9
38
20
15
13
2
20
19
28
19
34
2
24
16
20
46
47
2
14
21
2
44
45
6
8
5
38
26
36
14
38
18
25
8
38
3
25
19
24
11
36
19
39
38
4
8
9
40
1
45
20
8
38
29
1
2
36
37
11
12
3
25
8
11
4
14
14
31
27
18
46
20
44
30
39
14
8
