182
140
166
178
38
166
186
170
63
133
66
100
157
123
48
138
126
46
31
56
154
70
133
180
83
56
66
120
53
182
171
184
3
23
167
190
11
53
119
143
111
156
163
13
126
63
138
174
70
160
80
78
12
162
156
96
70
187
165
145
91
69
154
93
155
21
115
178
39
140
33
146
189
80
156
154
128
185
91
56
188
107
64
48
19
147
173
140
23
138
163
86
24
16
142
85
16
134
188
91
143
166
80
61
34
55
41
8
36
16
136
136
39
69
171
31
171
33
16
6
83
94
39
93
43
152
152
147
134
133
57
57
136
178
22
16
138
39
120
164
166
53
128
40
1
103
138
157
22
7
16
179
138
178
38
19
61
157
186
34
128
148
94
50
18
66
51
186
136
87
56
68
147
31
100
12
146
186
93
175
80
177
127
29
96
67
189
80
154
28
26
71
131
178
136
114
57
138
65
46
168
98
83
156
93
105
33
115
63
40
32
76
20
62
150
173
152
152
118
8
168
183
70
24
42
14
58
18
28
141
8
81
11
136
112
155
170
180
17
16
122
166
177
45
42
113
22
95
34
72
34
1
130
26
83
113
33
93
50
36
50
138
162
47
170
47
61
163
81
174
132
94
2
62
103
42
108
96
125
130
62
174
38
147
122
112
51
93
177
188
31
76
176
39
126
173
169
153
59
19
39
179
30
18
189
133
147
177
13
48
14
3
78
108
71
140
56
15
94
189
116
28
8
179
138
134
20
110
63
181
144
158
55
12
51
72
138
166
57
113
42
19
8
70
8
96
187
31
128
170
154
187
136
66
116
19
17
133
140
86
5
53
66
34
173
79
57
122
167
105
63
127
166
80
5
151
83
156
64
16
16
34
16
67
20
178
85
129
124
33
50
153
140
138
43
104
16
120
177
57
158
157
72
107
81
157
18
112
173
116
29
119
125
76
157
133
29
20
68
148
31
23
156
177
115
108
165
136
185
52
127
147
11
106
141
11
28
186
128
110
69
175
187
168
140
155
31
147
2
182
120
186
110
113
96
97
28
75
157
135
147
57
24
187
189
91
107
147
51
180
127
121
8
63
153
141
174
67
150
71
58
160
48
116
12
7
110
104
110
177
52
43
160
56
170
70
150
188
11
144
105
24
71
64
56
66
1
1
128
164
139
182
40
102
60
32
33
188
120
133
39
61
146
162
76
71
95
46
153
118
13
88
62
48
7
119
45
173
122
95
38
107
76
92
58
32
8
119
172
35
51
60
112
8
66
122
148
160
115
161
101
155
129
63
96
127
64
189
12
156
168
175
162
124
131
27
130
158
105
77
96
110
27
114
49
99
188
64
104
5
146
137
69
57
69
4
36
84
72
48
50
37
151
178
54
190
178
70
180
170
162
88
18
72
68
61
72
63
93
177
168
174
26
88
31
137
136
69
80
60
72
162
58
80
42
118
102
164
168
102
98
29
177
29
56
42
106
144
105
88
168
178
104
29
70
31
118
190
70
98
163
57
180
167
154
92
125
166
137
94
148
112
107
148
22
147
181
47
57
133
143
7
88
122
168
140
146
11
106
180
149
180
189
111
128
30
173
44
52
166
90
65
121
186
71
158
65
186
183
50
47
110
5
16
157
187
143
136
55
11
105
169
52
189
29
149
147
53
158
40
18
173
59
100
57
101
142
143
82
18
138
107
99
39
104
160
119
72
34
158
131
109
64
16
99
7
9
158
129
138
126
105
122
171
50
128
84
107
18
148
168
82
135
63
186
188
27
184
36
18
164
107
19
139
31
24
184
122
50
147
2
114
56
119
71
120
61
156
146
6
164
148
142
138
68
97
175
137
135
55
122
69
104
19
54
16
135
55
102
156
148
70
4
120
60
22
166
92
46
187
134
124
105
92
4
20
104
104
165
143
13
138
155
86
56
70
107
84
69
163
15
90
152
52
42
98
102
108
171
30
5
132
155
155
165
59
4
67
94
127
22
118
136
103
96
33
164
183
44
172
122
66
153
65
190
70
12
183
94
33
162
22
20
32
12
150
154
152
53
81
82
120
144
86
61
53
170
68
63
147
83
77
16
36
167
29
140
11
146
149
15
61
138
148
26
158
100
132
189
133
149
33
13
92
12
83
90
68
124
105
108
91
139
187
136
108
128
59
104
139
118
39
44
168
119
61
93
101
126
148
45
19
63
147
118
104
91
29
74
67
136
124
116
122
55
137
98
81
105
94
155
124
121
116
159
18
49
105
167
128
22
189
118
137
20
112
26
179
127
57
