738288629 10 1000
M 11 7 13
M 5 3 6
M 12 9 14
S 10 11 12
M 13 14 15
M 8 15 16
S 6 9 10
S 1 2 3
S 4 7 8
S 2 4 5
3 144898429
5 179099894
14 407173237
12 45071559
10 63787611
3 75703850
14 407423271
11 77199450
16 369144315
14 240478995
16 289809196
11 131099163
8 25467178
8 48302013
16 22294402
6 78991291
3 80808151
7 17073448
9 272608017
12 107057301
12 28611715
9 174067382
14 277484843
8 4908941
7 43498893
15 156778505
7 40334653
15 293812895
5 933494
15 31740393
9 246042004
13 20589734
4 24826332
7 55053877
10 28954938
13 97397
8 90014743
4 28308173
6 211008338
9 101274624
8 25887028
5 125967366
10 82761821
16 552855192
5 161089516
10 170972468
10 28334823
5 70245906
2 317252394
2 224054250
9 71666726
7 22389201
7 20365568
4 53245126
13 103106661
14 278250831
9 175124173
7 79492147
3 70387429
16 538340715
13 165986512
10 251829386
5 146137936
7 34829835
8 34194100
10 140404430
6 521626068
2 362465215
10 210323874
16 738288629
13 186430091
9 42310040
13 40362282
12 88385622
3 204933311
16 421308321
9 275777369
11 28780423
10 73880622
6 167661377
15 275033041
6 10356149
12 48171993
16 76838946
7 28687491
3 49948102
14 280350046
4 60889787
8 64761422
10 46971706
12 71541543
3 115769386
12 109034035
15 208958164
9 222295654
9 202570028
16 661368919
4 174543128
15 505713452
5 44600071
2 124960725
9 113034471
3 250409502
12 132323214
12 18596534
8 19396014
8 81533327
11 78541233
13 214198653
15 507257461
3 570786
14 352237223
14 20698476
13 225516316
4 118108786
8 84871082
8 60976225
10 251604465
11 60018735
7 6062673
10 13064111
8 53638674
11 27996475
7 28889539
3 145413683
16 330207905
11 128858100
12 24170587
4 64762764
15 338121598
5 127940010
3 129318587
6 240999211
7 30988935
12 106253452
14 118946431
11 65368520
10 156819733
14 400523909
13 219182012
10 196237029
4 92567940
5 178872571
5 176316810
16 86006067
9 178710647
13 123252678
14 29774373
2 281985240
11 70597993
2 177234595
14 110040127
6 462857331
10 255839896
9 124715269
12 26361622
7 22713928
11 62963308
16 431451446
13 229906033
13 148673089
6 269604043
15 335937838
16 88921677
11 30889862
13 58905097
13 21525330
6 226006913
10 29776401
2 299825368
2 210041292
12 62141426
3 102369945
13 196228715
2 161054933
5 12739321
14 131793689
15 617987547
8 23240968
11 17216294
15 88879731
9 24911666
3 104540561
10 259640821
6 378757894
10 231059466
5 175662772
16 580615207
4 134950297
7 90829041
10 124502077
10 174713130
4 12996431
4 37025208
13 101066617
6 259367165
4 149229530
2 42602891
13 61082384
5 184122204
8 45833109
12 9555820
8 12737951
16 484092436
8 90035032
10 58330018
8 63189821
10 161723618
2 111345252
8 79585161
5 53557043
11 79869436
6 42174913
14 271930337
13 207083228
14 167811674
13 4950174
11 83952402
11 128494307
9 152438452
8 86037389
15 612251253
6 389716997
9 76763192
11 84990846
6 247583482
3 190438351
13 115410113
4 85391725
13 102735400
14 140833972
15 206635008
15 55581783
9 236647024
8 28675776
6 30017551
11 6635680
14 142087705
12 88637764
9 39602255
3 288655690
13 106644932
5 184114242
9 110227647
8 71998847
8 42747600
4 8962493
8 46094474
7 42426890
14 148202172
8 84450794
12 120083562
14 154921870
4 149509209
15 388624786
3 46229477
14 408392142
13 218430169
9 198529422
8 33716663
16 21240172
13 227993458
5 170353137
5 104495293
3 209691184
2 77066591
13 7880339
9 246163544
11 60151760
2 15373750
16 542876641
2 122923912
9 245164711
6 129373726
4 86309197
11 98955360
11 47518650
5 28068079
16 600908367
12 20651160
2 4332067
14 317203858
14 86559253
2 255039194
15 177758119
5 15307533
3 41201888
14 62154392
16 99672725
3 24178897
10 248193689
9 73690223
14 136647820
11 113891131
7 13144138
11 58934253
15 547141554
2 238904896
5 33009496
12 94041261
3 21379012
14 55959996
11 130814992
4 158841143
13 118853750
4 72692112
11 125151016
10 94227748
16 329608132
7 40235610
14 237705120
8 20064772
5 1101372
3 108756364
10 176766844
8 49365739
3 348218973
12 131480637
7 91700161
13 7308291
6 492975740
5 128928499
16 99734268
12 75978464
9 110164210
9 126197694
4 73551711
7 15467086
12 25784139
7 4416878
14 304400514
14 291930499
6 173909230
8 8326083
2 172415165
8 45081942
7 5304444
10 116807952
6 24641332
8 66852826
6 377363589
14 283984535
11 41400669
8 83553079
10 25076233
14 369236382
14 315561003
11 123052667
11 66248257
5 106232385
3 230838416
13 149485096
16 684347739
8 61336035
14 11727604
3 310075426
8 14314959
3 172881929
15 373448174
8 22131491
14 393789209
2 58358173
13 153705443
3 127615099
12 36263647
9 272888300
4 134640838
14 10923444
2 77784836
6 425882052
10 69345753
8 38333387
11 2295820
15 539926701
15 395311686
8 33517173
15 488798058
3 130243387
3 86641046
14 333093297
16 135627014
5 99399397
4 7220975
15 377402628
7 28047889
6 262276081
10 100282662
16 362755975
15 565190011
8 6095729
5 162344243
4 69168751
7 51287499
12 62361109
9 53850395
6 3106985
13 176997449
14 158070473
3 28119382
12 33639362
6 526721676
14 261588145
2 196042160
5 53492811
14 402047320
7 85389370
11 46120370
2 265024357
2 310348696
12 8057181
16 33204071
13 188453882
12 63425494
15 71988171
2 14429688
3 71273152
3 237049081
10 207189325
9 179434147
7 27066625
8 14214369
12 79120114
8 66568930
12 83324113
14 204679049
5 37679629
2 127796538
3 42172477
15 266247964
12 33912490
6 129212702
8 5771962
15 309007378
5 1741394
6 332558510
4 101716817
8 79410399
11 120797093
5 133776794
15 306977615
4 167390121
4 62106646
2 257487351
10 110820940
13 48613836
15 361675070
12 45958301
4 176233552
9 222756676
8 36543216
14 286592880
5 30029284
16 140770148
14 84558058
14 349528444
10 173839054
13 14703571
12 9877363
13 74415292
7 11239118
3 256609902
10 23362980
11 106590893
8 27303232
7 52549981
10 108777020
14 255002422
7 19979154
13 59612004
14 185328433
16 135538767
2 16483455
13 122795525
5 164295496
7 26877177
9 65158856
9 35038532
9 164391677
8 81711571
13 213148792
3 81567624
5 21554373
3 355479631
10 255932672
11 130215918
11 104555981
6 58258666
8 39282338
14 212808623
16 211261492
16 274111552
3 349670588
13 149746125
14 378450779
8 4063225
15 369484809
2 223544979
5 78442929
7 42745277
10 221981035
9 140116539
8 47396963
16 576845452
6 372668623
12 15153133
9 2656145
14 78729246
9 106394846
11 54018058
9 166815076
15 426271063
4 101723450
14 287748990
2 135714054
13 13971617
16 229331049
6 251635937
2 206544484
2 175650075
11 37647987
9 53771912
12 128085943
9 76225752
6 377322860
5 140083238
8 61856068
14 202320390
15 51811367
10 103956703
16 420905156
14 197497820
10 158449475
11 61961930
4 115445743
11 131748421
13 169144287
13 215386271
7 9874588
13 48777748
5 79032360
15 322223349
12 44103901
10 175985160
13 50853163
6 216088675
2 184410462
10 207362620
9 252374549
8 46869290
10 87819148
16 32467167
2 35604524
11 22388215
7 37685882
11 35074431
10 131537566
15 599846689
14 37513134
13 222157884
14 62925134
13 80223122
10 49283
7 29958714
13 132550104
5 7536117
14 30595983
4 137704153
2 52064763
5 2239760
10 190302949
6 485772280
16 336046245
3 54413065
16 73941488
3 24208709
6 456748731
2 22343394
10 52414254
5 82060452
13 124253975
12 106623097
10 75742865
14 272059107
3 175077089
15 536259976
3 78967717
4 86768496
3 347772525
15 174865641
3 265741909
13 70776716
16 418669064
16 733959434
2 236080608
4 115862145
12 53834214
5 14242292
8 72832829
14 116276003
15 600402501
8 80229496
11 22630801
14 43390288
4 48324492
3 250252439
10 14346118
16 639220376
16 410834240
16 544782596
6 244979980
13 197516013
2 874740
7 27682389
3 262030967
12 70751334
9 221332727
9 95416172
2 324897336
14 95037112
3 228880998
7 27841499
9 33244343
13 46922898
4 51426025
6 55500817
15 53277276
12 103627435
7 89206933
4 103235754
9 204641384
11 103257296
4 77624318
7 56411319
12 102764574
14 77315341
2 163539892
16 519286493
15 514763192
10 35519486
3 295144872
15 329830637
14 149602212
16 644360318
15 149283389
7 25120187
15 281001431
10 255314484
16 584488675
15 504977252
10 151371526
3 75516480
10 112390364
6 479921264
8 40170948
16 1
7 40279194
9 37257894
8 64256795
12 68465519
3 33278944
10 42620065
13 164404484
13 213000849
10 67481088
7 46376503
11 58672995
11 113760537
14 255688019
11 22692123
16 130376315
7 13633884
15 445416107
6 247971544
12 4174839
11 8930488
16 117327290
9 16825674
6 471533279
11 118128903
2 126946364
14 61606514
16 123591037
4 126524545
6 374946891
8 25183518
2 257316671
12 104463852
10 849525
6 339736124
6 461269800
12 40142857
11 28066521
13 123490738
5 132236327
12 115801166
9 203277669
15 74168264
10 250605378
15 591756723
4 114802655
16 205207688
10 81033804
5 149257893
6 382588632
12 49760526
10 8385546
4 154605284
11 9754455
6 291631965
3 368105689
10 217210736
3 129772068
9 151146812
8 71204385
5 5804744
14 334798449
16 258049140
14 376907491
10 152799594
3 319818979
2 296350291
5 138908931
7 70783935
2 346398901
12 101826501
8 50132013
11 97818738
6 534897185
12 30150520
13 62972410
7 74730009
13 220392082
6 104345288
2 30648472
14 126591606
16 379113383
6 364349619
15 515351162
5 28098547
9 142822624
11 118978444
2 103585004
7 90318027
10 155370176
9 137149386
2 161723050
11 23653304
2 206913156
7 52334600
4 51759621
5 177317627
4 112824268
6 80975349
2 125079046
12 10590650
15 442301806
2 102224254
7 20133861
13 81344232
7 27341708
10 163170786
7 69748025
12 115081491
14 263807600
12 52920631
13 183805937
8 18399306
11 132974383
7 51818798
2 107934428
5 135385427
9 23613450
16 732967066
6 62004427
8 30261088
10 219935885
6 14756754
4 146581009
8 11958428
2 306129462
2 329444377
12 33397104
3 264757198
13 19483046
4 96657914
3 77578551
3 216161473
3 307719008
7 84590361
10 88710845
2 6861335
11 105279431
7 80113781
7 48595531
12 50908095
5 87009048
3 212619980
6 193745047
16 440988840
11 23827251
4 118864859
15 62044642
13 72934431
14 198252013
9 233854748
11 115556179
3 168899700
2 11437467
7 33304720
4 47147412
2 35863229
12 128550816
6 359818843
9 200605068
11 43606907
7 51744702
9 78748267
11 58966712
4 105758905
10 111867135
8 20975094
7 92236399
14 312453958
2 315195648
16 23137886
13 17556972
3 355600310
3 120964754
7 79052338
6 366771673
10 212192057
5 65677197
13 58493974
11 61508569
13 57754656
6 552400862
10 58606682
8 80715747
16 462126185
14 231807818
6 63074573
6 280301903
10 275347755
7 78531087
6 397420771
12 58546200
15 402474086
3 250502846
14 161349428
10 226481665
9 66880510
4 138797314
3 14079244
4 21552071
8 33667258
6 512283866
7 13993479
15 408635668
9 223113567
3 51656821
7 88265773
16 504004264
4 116750375
15 409289205
5 27184903
16 579795693
7 87390550
8 39694513
2 216278748
10 160019876
15 453643536
5 129551986
16 710043336
7 24383334
13 41548444
12 130207156
11 89764242
14 257757723
3 227254685
4 2576647
9 62586821
10 258550807
7 6028096
2 72211763
13 220140336
4 153921230
5 70219857
14 38112112
11 101983192
11 513458
9 51014072
13 182517053
9 62308666
5 128675011
12 126639686
3 132589121
13 21390270
6 43525641
13 176490285
8 64337026
11 87599552
13 41461256
11 100418324
9 165072772
4 167189770
9 169983958
9 121229018
14 257190797
8 64854456
3 187927449
4 152602853
14 53367896
8 12475244
11 51070309
10 106211929
11 137503790
3 39902740
11 49035411
2 114454390
15 450973590
12 20186450
7 68384792
2 164376387
14 278889587
4 134538264
16 570408832
12 75273814
12 68255943
3 348595408
16 198806803
16 49572467
16 478897751
7 17955645
4 96593247
16 423677786
12 6102242
14 184720182
8 37939503
5 75761674
7 38299251
15 232159542
9 145594792
9 234269055
4 151912060
11 96539414
3 17641217
14 262479960
7 62455598
7 42899188
7 62544532
11 72082756
12 95840799
16 193466405
12 71630252
9 139134749
7 83295506
11 26637263
14 140346427
7 74472201
16 144813102
8 60290095
8 85985131
3 325241329
9 53272813
10 179459647
8 23246634
10 263352167
5 161498274
4 1243865
3 321878478
11 62227799
8 68966726
13 16510625
10 119726083
3 106450959
16 268468089
4 106101932
3 298703761
16 650067622
11 16977259
14 145060768
5 183822777
8 3127132
5 78592474
11 48923090
13 128855852
6 407315518
13 8784081
13 184783235
11 115096060
7 11359949
7 49810824
9 76175304
14 386490988
7 21538554
9 203540339
4 41252464
14 212519676
7 26773350
8 31470716
