889966903 51 1000
M 31 34 40
M 27 33 35
M 23 10 29
S 20 24 25
S 71 73 74
M 13 11 14
S 57 63 64
M 14 28 30
S 30 36 37
S 29 38 39
M 61 76 77
S 5 15 16
M 54 37 60
S 40 41 42
M 12 9 13
M 67 73 76
S 51 56 57
S 66 68 69
M 65 63 67
M 77 75 78
M 7 8 10
S 2 8 9
S 50 51 52
M 60 55 66
M 59 49 65
M 42 47 50
M 43 41 48
M 58 62 70
M 69 53 71
M 19 18 21
S 39 46 47
S 4 6 7
S 3 4 5
S 45 61 62
S 1 2 3
M 70 74 75
S 17 43 44
S 56 58 59
S 6 11 12
S 21 22 23
M 26 25 28
S 52 54 55
M 35 48 53
S 15 19 20
S 24 31 32
M 46 38 49
S 22 26 27
S 16 17 18
M 68 64 72
S 32 33 34
M 36 44 45
5 46955307
56 11812681
70 53803275
16 38508493
35 18035928
3 116394985
7 52702026
5 70795312
26 24753491
73 39828330
21 40583519
30 107259991
11 47974019
57 18525204
52 34029747
7 53148001
8 75647216
15 7391985
10 55035592
32 13199051
52 39170180
75 87203744
57 1067330
3 219971569
41 2778597
44 22242909
51 10375073
45 148145425
34 2135216
18 54985586
7 61252737
14 295233757
47 33198288
48 13640642
78 615432633
72 51417213
7 50941745
31 12450078
26 26288180
19 47452521
2 401830032
21 59900817
29 22135935
49 51741012
7 82668710
2 99017299
21 53118577
53 51589556
8 196575623
54 21582487
69 66437282
44 18781465
19 11795339
57 8489362
40 10874175
8 131776061
34 999711
23 55292432
32 3553851
66 157278777
60 45538251
71 101779956
12 53060500
58 12795836
77 163760593
12 36551986
52 25665647
17 32201306
39 75563327
42 9562443
62 50634540
57 11149333
51 36551707
57 456536
5 198760565
3 432642268
67 49056449
72 119965093
55 14061920
16 5933029
72 65393878
64 5293392
34 6347514
32 9556138
27 17019677
55 11269778
31 1964053
51 11882369
50 25045756
46 70803802
49 201234667
53 42144835
46 14456494
63 8022196
65 16388688
34 916798
58 171204
76 19392020
32 8129300
20 24091970
37 174888716
9 116289557
51 49594035
68 26508678
26 14556320
36 136556984
74 743869
57 24852333
6 17516891
57 5019662
41 8096875
14 39498422
71 150981723
27 510835
22 46834003
17 45728013
39 75385259
18 10373320
42 1631711
44 20536353
63 13067041
52 5068747
38 189285259
42 6209675
73 64757763
55 16205222
49 196963909
52 37845281
56 2811355
10 288140848
20 36680113
12 42898156
48 26121762
27 16577
15 93126501
56 5642158
11 32181906
35 14963652
34 5119202
37 127177974
11 46550937
10 116594179
3 228942155
11 3089868
68 64634580
50 84193805
70 84213569
52 33712947
49 282363152
24 23376290
46 63657066
11 38275167
30 317131823
30 231171855
8 52294251
6 41174355
50 96391586
25 8572380
45 192492646
71 104437077
75 144247857
24 9981911
31 4015591
59 1663175
24 11052478
12 31280367
62 106838557
76 80938287
72 78880980
49 72562691
28 14859844
29 131630089
8 200431526
71 37339735
39 37648628
7 101122413
3 108675098
33 1153179
27 17295633
24 13471212
14 313263036
32 1491905
59 6258735
21 32122509
29 51246042
67 14896337
11 47176102
14 31385888
47 69864748
16 94846735
27 7914864
62 38344873
54 26331588
58 2242126
69 109438987
27 19630393
49 281540317
55 10200870
46 93439424
2 253335927
6 58197618
44 1312471
21 31741769
19 9961366
2 115549372
9 163279263
45 109205087
73 49604574
36 26222625
7 37897806
40 12585455
63 311691
54 6528771
27 14779309
62 100079091
73 71845853
50 71660722
44 12145128
24 26808586
38 143261318
51 15457177
14 229765608
69 123871290
22 30619469
61 90944064
75 223328224
50 43882792
37 136258998
46 25116912
22 4676164
69 4047838
3 93168075
3 349719586
69 58898394
35 16249956
13 146659240
67 175258982
63 124063
59 8888382
23 45285253
72 117393201
33 6822577
73 95063591
74 37870594
50 54575097
17 53727346
67 22539269
11 17174290
13 66813740
21 87715879
25 10635498
9 90303363
52 26824963
52 39272612
67 237821530
9 50437990
22 5687893
38 173453264
11 26587579
35 6813711
63 1190816
22 2029328
5 168787583
24 4372368
9 106993486
55 26333667
62 84032533
19 51199753
2 79061414
50 83206979
17 28204443
29 130868939
26 5490042
13 81917200
51 27921424
56 14752386
26 14144783
46 15771392
72 19976896
21 93587625
9 179843131
37 79910440
57 24900178
30 171807649
74 84284511
33 520178
55 9012681
31 9421012
32 7752530
22 34512324
73 71691180
68 93530126
68 65634905
21 2069255
32 6916082
71 162931476
23 32591612
9 53399668
7 30062883
32 7641769
73 25437977
4 1127326
62 53747999
69 34059686
14 327570585
71 190452420
70 46263691
15 26406153
5 215239201
67 55118048
76 366760822
19 35232439
39 118804297
74 9244251
43 13545506
11 41780139
51 1096895
47 40484039
25 15019542
27 12698746
2 26612600
62 28913035
72 134782154
55 13141491
64 6004767
78 182274762
20 53376895
13 150596765
18 8479429
19 35085896
19 15308758
71 132184401
34 918103
61 77632817
7 16705227
5 29567911
24 17417766
60 210110909
48 18184830
55 23042307
21 77501822
51 2260043
22 44528674
21 73734424
76 302473895
62 80421032
16 94529354
16 83397758
60 149231330
66 30502566
75 196914148
57 18785953
57 17821361
18 29089030
25 951194
42 8897452
58 4801293
25 21954345
61 54271613
39 154888806
28 45022609
9 133053000
25 10045492
36 993350
64 7907162
35 2951733
32 11101597
16 90807674
37 138261572
43 16637196
4 189857438
4 99604760
70 87210776
11 764695
62 84241873
59 10358697
10 151133306
48 37947805
59 2462437
59 11712420
65 172508576
22 20279702
62 46294215
58 12347430
17 33269275
71 45501849
66 112779173
51 2303898
17 4989579
13 85161926
77 148338290
34 6835055
4 40489653
6 96675924
24 21664154
17 34376559
61 66661248
6 108689843
12 21015267
32 4802757
51 34007218
31 4547382
23 20223005
8 8969685
65 21074224
62 36342803
43 1463679
70 46434045
62 42459385
9 181719860
52 1719110
56 6401095
72 67206996
17 19784165
62 6918707
4 221572334
66 13958101
18 26312285
75 46941213
73 52132831
35 4869925
69 66361619
30 45349882
20 18001478
56 8177990
60 103130546
76 359572375
9 28024135
71 179505225
13 75408743
72 25262906
37 3169940
62 50981289
58 1736722
6 71463703
76 153883178
70 28488502
48 34699057
43 26679912
72 89095452
65 139023997
70 70857144
20 33436592
75 51286884
11 19672764
35 31430467
53 34076899
8 185576812
57 11432561
53 39152106
9 28051823
7 41196517
52 25884908
40 3626505
8 190882083
49 101580659
11 54787142
40 3219174
71 133721160
18 13171013
13 246016857
5 12679524
60 47628315
47 80616804
53 60100710
12 35669284
3 169820094
15 82049002
32 13828726
59 12220970
52 16637071
58 8307654
23 11266219
12 11647429
35 17757003
53 6359328
31 11389186
45 207813959
32 4525541
4 147929763
78 170013449
4 141758538
27 13157299
53 55712383
17 7254890
35 11430233
69 36465366
51 15561227
51 9866423
5 165480601
56 18105159
76 171342910
44 16502768
71 83424426
55 24889641
21 70936846
15 60735189
51 18748300
21 25277736
11 15443989
31 10678610
64 5500959
76 59854206
2 312066653
23 14205783
57 11665950
23 43120082
22 1351826
73 60632293
59 9731689
43 6215169
53 59248036
22 42061087
69 110733536
33 3277746
31 12440352
25 21916629
46 66323789
10 133737416
69 92521546
54 24396223
56 17261390
4 212154717
36 72241982
12 32506715
76 29287091
13 221884762
37 40755872
47 57513962
38 177576595
22 37990438
2 185502055
34 3205252
45 14812311
66 140843540
13 98361765
33 396640
20 22437378
39 5949178
56 20915106
10 302631519
74 3459665
46 65631223
78 432072429
77 372307850
10 271165110
71 50434553
55 11201536
40 1135654
64 10386910
17 48460125
13 108470240
49 207464533
8 105286177
52 11085150
78 705003362
74 97644275
51 42133931
75 114432438
48 16277395
75 113459400
65 297589667
62 87434626
6 32472216
5 11295862
75 90921906
16 110128158
69 119041550
52 22308093
55 25689615
29 177211082
68 105512113
57 9166421
55 15693575
73 93940034
78 717294266
70 72708006
13 119891704
39 194112676
27 17888309
72 68638715
64 590818
11 36117452
14 124143749
19 41288709
28 36832658
70 19077531
31 9143969
28 10587785
55 2994070
36 58325689
69 26706381
9 110835518
47 10978385
27 23034094
55 14622691
64 12419221
61 99687969
61 100143288
3 397655669
70 109355769
36 38599825
13 7642166
47 16160218
4 11541436
33 2087683
51 48604242
20 36798395
31 2977295
8 205910875
67 54867878
46 71660214
56 9204644
68 86980429
39 167248210
73 24480711
20 47796713
48 27874041
40 3385729
26 20163103
40 20851583
71 72434374
76 92882559
72 34297574
12 12857623
50 106155648
69 5075401
27 18848626
25 318972
46 58434088
75 21217025
42 6148611
42 268414
62 78357263
17 23859935
3 111191920
37 54175897
58 9867957
50 47568447
73 26662729
33 1657805
15 13626148
13 201242352
16 26873924
42 6800984
2 194236820
16 46121802
27 15946712
19 26648499
77 412338194
12 32360514
45 116932635
77 338379256
47 78306654
50 67163046
72 85728487
16 21525006
70 77477137
53 25700257
78 463741843
55 13113577
44 9545129
22 44597156
30 176744649
43 6389033
37 40239416
77 516191229
50 39154061
59 3263380
3 346061368
54 25925350
69 61109721
27 10326169
14 184515854
17 1649454
36 170373505
69 42498397
14 278771156
39 14930056
78 752213238
36 94872867
40 10753313
36 55798227
46 71652744
5 192772640
45 125913800
55 20419032
28 12370579
11 26314466
31 4986599
26 21486274
15 94243750
75 84295973
17 43052848
74 35389438
30 350114046
27 20906899
26 24897192
49 141882042
26 10587796
5 46137268
20 39965578
72 10880524
9 74271633
17 2002965
76 218911494
11 21916534
67 230893973
67 34860062
36 72396559
74 81005784
37 60971513
10 126313366
3 413018805
5 196560976
53 34820644
6 13448498
45 109281559
2 222515594
41 6947892
54 1791342
53 39573897
17 40120008
74 43017140
20 8529160
34 691541
78 327653008
18 55597598
60 103302399
67 2343472
61 93383511
71 125035826
55 26598841
9 74454008
35 32582688
23 2902772
30 118480547
61 60057264
71 167021640
49 253422732
33 2070545
9 39570048
30 229431572
14 215264871
22 23417079
57 18180686
19 42712135
7 385159
35 9674743
65 249634331
78 1
53 27261781
4 24475948
76 296347779
34 1391392
23 21042383
40 10854966
42 1223754
46 89314743
55 5450432
6 18954060
44 8513659
73 22587298
75 127528978
68 111260155
60 144535082
39 71191683
30 321031767
78 376106619
11 39531240
77 381858928
62 106992581
44 3548887
32 780570
11 10534107
58 9254048
41 475406
28 32213548
3 167400763
39 131084458
46 74099261
77 225682508
2 304720347
13 105755943
23 50200786
16 18731203
34 4127732
66 133974604
13 42354622
53 21012001
47 90388387
70 3088642
42 5553780
34 3773746
23 49978829
54 8295505
54 11765338
70 50091636
17 42827358
44 21832822
17 24530956
40 1793009
71 186870649
53 35478060
74 24523192
22 54022437
42 10155932
68 76424357
35 25292392
35 31821165
76 83568950
69 26146140
59 10241899
19 34755053
49 213018764
62 38200866
30 162713539
45 8561247
8 152422547
16 4153310
27 26246432
51 48866827
65 189404749
54 1272565
22 14446444
41 9745386
62 95733954
57 6684124
52 3718373
75 39990143
55 15380683
29 247525677
55 22544633
70 55132571
56 6642982
44 1701622
65 199836022
71 61596507
31 7800403
5 82589125
78 618280272
67 36038951
61 35950522
64 5131547
43 15635791
3 677413
60 167711032
30 20259483
27 24542219
38 75658485
10 293473740
78 164674396
34 1823710
55 19228877
49 207757455
45 199570481
75 2425170
65 31245954
73 40669746
7 25626067
56 23329321
13 142359846
45 41640371
21 83064906
36 175434611
60 71233356
20 30393908
3 361792614
20 29398059
57 16271187
66 213834659
10 333631343
33 4622746
39 34394717
28 47523942
4 215341792
18 30413812
24 17862789
78 617950308
33 6359668
55 14085288
4 144350221
25 5711227
17 15000341
30 171875708
17 35571057
26 17768957
56 18706383
5 165198882
43 22672492
5 10833574
19 23123296
49 11099467
47 88912937
19 22468667
39 188927010
27 11861252
14 38793199
32 7373480
49 62441177
58 1348459
28 51120444
5 107201875
33 6618431
52 7632794
17 40703225
51 15422339
29 359503412
26 23671006
64 62768
25 24258358
35 21511914
2 28355414
76 382604804
78 324347576
8 77671591
74 42969644
24 15369348
43 104313
60 71185560
8 132661491
44 15784521
77 79528916
70 123170567
69 26549195
15 80241564
46 60841257
41 3172177
33 657699
20 37323416
73 13465247
70 32259534
45 43033642
65 117663029
66 189951922
72 1115097
5 293925
32 8374911
17 33147630
76 339040632
45 155717843
75 195461690
40 4406199
8 210444405
60 15461327
77 209543250
58 11133725
11 22866671
25 22920763
14 78651578
64 6718776
20 41048990
69 16982940
47 8110604
12 50948391
57 26412634
36 65796760
55 12955663
66 161864655
19 48614532
12 40277559
11 54129259
32 12819346
14 143997807
34 4750042
7 67676539
2 68355532
20 36709496
60 206076943
7 51761107
9 157335060
62 53235017
30 130324667
47 94843432
38 21757130
27 1005299
19 36537514
76 283793105
2 222998742
70 39045867
24 9281046
67 281607964
29 307578649
55 15433066
35 8993848
35 2254597
49 114372341
57 22434195
16 4883520
63 4042308
71 115439203
18 37961657
15 74234330
7 25664446
30 224730678
4 112887064
4 18098192
52 51724397
18 54999906
7 27165853
