45
37
53
11
35
35
37
39
53
49
24
45
37
47
13
33
3
49
31
5
48
16
35
47
37
19
41
40
45
29
11
36
27
31
37
5
10
29
5
1
60
29
55
39
5
2
13
30
4
21
11
45
31
43
19
6
50
41
38
2
53
19
47
31
53
47
51
8
39
27
34
11
11
57
37
21
32
36
59
21
5
25
29
59
58
47
22
37
1
13
40
60
21
49
23
55
33
58
9
9
21
23
5
37
37
2
21
1
50
19
48
1
15
33
53
31
37
8
13
26
41
37
15
21
9
28
44
22
45
30
3
49
5
25
21
37
16
12
5
3
38
27
27
30
57
12
59
21
37
60
21
5
20
59
29
23
34
51
18
27
53
7
16
6
13
9
22
13
13
33
11
3
13
37
55
41
21
28
5
45
7
39
58
34
37
5
51
16
4
59
54
28
39
13
34
3
35
7
28
37
49
21
21
37
44
17
35
35
45
4
15
29
37
11
35
13
37
41
2
13
14
6
29
56
4
31
23
37
26
13
23
43
29
36
17
59
53
24
38
30
59
52
59
48
53
60
7
7
9
37
3
57
17
46
10
25
57
18
32
31
53
47
16
5
37
34
36
31
50
58
27
37
46
4
28
54
10
6
37
37
31
3
37
5
13
21
21
34
12
10
37
24
19
1
7
57
10
58
39
55
52
5
13
53
5
20
5
50
39
25
43
7
27
28
33
37
34
49
49
56
13
60
9
5
17
48
26
17
56
3
3
37
18
15
21
4
50
57
13
53
8
31
2
45
51
9
56
53
7
40
11
38
19
60
51
19
58
3
33
49
29
47
19
9
4
21
35
37
58
37
27
53
53
31
17
60
45
59
25
59
46
18
29
54
44
57
45
13
32
23
21
33
5
40
9
42
50
22
41
5
6
14
55
4
13
28
27
37
7
9
46
8
29
4
17
29
45
60
9
37
20
37
46
29
42
34
55
7
57
35
23
5
37
17
3
10
6
32
35
14
21
5
39
25
5
49
57
37
24
27
1
1
50
25
37
37
31
31
33
46
27
55
21
45
9
21
10
11
54
33
44
35
50
27
1
5
37
46
1
37
37
15
59
21
32
5
41
15
5
5
57
52
49
30
22
45
19
59
47
29
8
49
50
19
36
47
57
45
18
9
9
5
58
7
22
3
59
44
7
5
21
37
48
48
15
29
36
37
9
53
6
13
16
36
15
48
15
29
13
7
5
22
32
49
33
28
58
49
20
1
14
1
12
37
45
5
21
26
46
44
27
46
37
29
55
41
20
46
30
56
35
45
51
48
58
17
42
41
28
13
22
5
8
18
1
54
52
23
21
40
36
39
19
37
9
21
13
37
56
42
37
10
8
13
29
42
10
57
16
21
42
32
53
26
21
13
30
56
43
9
4
56
39
35
33
28
49
59
37
38
1
35
9
13
37
45
56
42
47
5
27
37
40
29
28
27
56
47
37
58
39
21
45
27
17
60
5
42
29
33
13
5
9
33
43
45
21
33
41
8
26
24
29
11
38
53
41
25
57
20
7
43
34
37
39
44
54
28
5
5
45
37
13
5
36
5
9
21
14
30
13
21
19
3
17
5
44
15
4
43
1
51
10
22
25
1
37
5
21
5
53
35
13
29
46
11
55
22
18
17
41
5
9
55
38
9
21
3
34
51
11
31
49
49
39
5
54
26
10
7
38
26
37
5
10
38
15
5
19
23
21
5
37
50
54
21
9
3
41
41
37
47
5
9
37
37
48
31
1
42
5
35
44
44
53
5
10
9
26
53
36
24
26
15
15
5
29
21
5
53
51
57
48
5
5
5
39
60
15
25
53
51
29
16
3
46
29
5
49
45
18
19
37
19
5
20
29
11
56
57
50
1
5
42
17
6
11
50
50
45
14
16
24
32
17
21
11
53
5
29
39
59
53
45
11
51
34
41
5
21
51
57
57
37
33
43
22
5
22
5
3
5
11
55
27
47
52
14
44
41
16
30
59
5
5
25
5
6
13
46
49
47
21
29
21
18
11
45
5
5
27
21
12
39
17
57
5
29
11
49
53
1
42
53
49
10
21
22
21
24
37
17
5
2
59
13
21
8
25
5
58
3
39
21
15
57
7
5
37
37
45
4
8
51
37
25
5
19
39
53
5
5
19
17
37
25
4
8
31
17
37
60
17
12
60
22
21
36
5
13
47
29
51
1
34
5
38
27
5
49
51
54
17
15
28
5
49
5
29
45
5
37
31
10
37
16
35
42
48
37
