6807 1363 1000
S 166 284 285
M 1818 1848 1870
M 477 486 492
M 1836 1827 1838
M 1958 1964 1965
M 875 840 930
S 1379 1427 1428
M 1634 1639 1653
S 245 251 252
M 1536 1700 1733
S 1780 1794 1795
S 426 515 516
M 1708 1703 1740
S 1734 1785 1786
M 427 409 466
M 449 423 457
S 1212 1236 1237
S 1122 1130 1131
M 1435 1387 1525
S 916 939 940
M 1468 1461 1536
S 1261 1339 1340
M 2032 2042 2043
M 1174 1262 1264
M 329 332 340
S 1116 1139 1140
S 1575 1587 1588
S 1164 1173 1174
M 981 957 992
S 1654 1658 1659
M 1974 2012 2023
S 531 562 563
S 595 608 609
S 1611 1642 1643
M 852 848 868
M 1763 1779 1798
M 1017 993 1025
M 1665 1674 1692
S 1104 1128 1129
S 253 257 258
S 1915 1970 1971
S 82 87 88
M 1947 1961 1962
M 218 247 249
M 992 974 997
S 1165 1231 1232
S 23 32 33
S 539 549 550
S 1911 1989 1990
M 1968 1924 1986
S 1161 1171 1172
M 1491 1480 1500
M 589 593 611
M 1889 1884 1893
M 191 182 201
S 270 278 279
S 469 471 472
M 1850 1790 1983
S 825 842 843
S 115 117 118
M 779 756 790
M 702 658 704
S 1764 1768 1769
M 1606 1647 1672
M 918 924 935
M 642 724 741
S 942 982 983
S 780 951 952
M 1789 1799 1831
M 2029 1976 2030
S 154 199 200
S 1152 1187 1188
M 1466 1502 1504
S 100 107 108
S 1749 1829 1830
M 1014 991 1031
M 1689 1691 1714
M 561 577 584
S 20 28 29
M 1636 1661 1676
M 1402 1474 1477
M 1205 1240 1249
M 1994 2040 2041
S 1 2 3
S 1731 1750 1751
S 585 679 680
S 1834 1850 1851
S 1123 1134 1135
S 1119 1204 1205
S 716 757 758
S 583 652 653
S 476 481 482
S 515 534 535
M 1077 1033 1094
S 946 1002 1003
M 351 359 375
M 318 291 336
M 1476 1494 1501
M 1058 1036 1069
M 1274 1322 1327
M 27 75 91
M 1361 1311 1380
S 1031 1047 1048
M 482 479 547
S 1830 1866 1867
M 886 915 921
S 326 355 356
M 1792 1733 1800
S 1844 1976 1977
S 627 681 682
S 514 557 558
M 381 362 386
M 1926 1819 1931
S 406 432 433
S 265 275 276
M 1861 1859 1871
M 847 864 869
M 1953 1960 1993
S 189 214 215
M 522 378 533
S 1140 1202 1203
M 580 430 585
M 2030 2018 2040
M 77 83 110
M 1252 1200 1301
M 1616 1644 1660
S 1344 1370 1371
S 106 139 140
S 1130 1163 1164
M 1040 1092 1098
M 857 921 954
M 689 678 701
M 810 794 813
M 2041 2045 2046
S 114 176 177
M 333 158 335
S 761 782 783
S 1919 1959 1960
M 1600 1512 1634
M 1769 1767 1775
S 204 234 235
M 1547 1613 1673
S 1676 1744 1745
S 92 102 103
S 1500 1521 1522
M 1538 1470 1567
M 1389 1396 1413
M 492 660 676
M 1149 1144 1162
S 1940 1991 1992
S 255 272 273
S 688 708 709
M 682 650 692
S 1383 1436 1437
M 72 67 73
M 1612 1706 1710
S 110 119 120
S 402 507 508
M 910 905 933
M 1534 1458 1535
S 1356 1364 1365
S 1545 1616 1617
M 1239 1206 1248
M 1956 1879 1972
M 1199 1179 1209
M 1945 1943 1961
M 1032 1035 1036
S 1527 1539 1540
M 231 229 280
M 433 460 489
M 392 442 447
S 1229 1244 1245
M 147 103 149
S 261 299 300
S 1084 1121 1122
M 1714 1619 1718
S 725 744 745
M 1637 1707 1713
M 1184 1198 1206
M 1436 1401 1445
S 116 127 128
S 1408 1429 1430
M 1907 1903 1910
S 550 555 556
M 1631 1684 1688
S 5 16 17
M 1921 1930 1949
S 718 749 750
M 1874 1825 1935
S 1822 1848 1849
M 388 140 390
S 706 766 767
S 1558 1564 1565
M 1630 1633 1699
S 861 872 873
S 836 880 881
M 528 519 566
M 1018 1034 1042
S 1072 1096 1097
S 447 467 468
S 721 746 747
M 1716 1816 1820
M 410 336 418
M 545 586 589
M 1584 1617 1654
S 1842 1858 1859
S 444 454 455
S 596 601 602
S 397 402 403
S 17 25 26
S 533 564 565
M 468 455 480
S 1374 1391 1392
S 882 886 887
M 1826 1938 1995
S 1181 1193 1194
M 163 223 343
M 1519 1531 1534
M 1624 1593 1644
S 722 751 752
M 97 160 167
S 349 438 439
M 560 651 673
S 94 96 97
M 1935 1841 1939
M 639 657 687
M 1129 1139 1141
S 1732 1778 1779
S 296 321 322
S 922 957 958
M 1310 1299 1328
M 1996 2000 2009
M 364 419 427
S 1052 1105 1106
M 1571 1599 1606
S 1218 1225 1226
M 1696 1620 1698
M 1375 1439 1457
M 1516 1510 1570
M 2028 2036 2038
S 1487 1514 1515
S 629 674 675
M 1957 2004 2008
S 676 702 703
M 1635 1532 1636
M 197 139 211
S 913 928 929
S 1604 1638 1639
S 819 846 847
M 1110 874 1133
M 1019 1056 1061
S 1220 1260 1261
M 1078 1082 1085
M 954 1001 1004
M 1685 1687 1709
M 1845 1849 1880
M 659 616 688
S 1946 1956 1957
M 1177 1306 1330
S 443 511 512
S 1621 1707 1708
S 1386 1409 1410
M 320 315 323
S 675 769 770
S 1301 1302 1303
M 45 56 71
S 1904 1911 1912
M 1323 1338 1377
M 830 845 854
M 1648 1652 1662
M 1963 1942 1985
S 808 818 819
S 635 648 649
M 1559 1567 1574
S 6 8 9
M 1094 963 1107
M 1006 1037 1045
M 317 268 357
S 663 677 678
S 1041 1154 1155
S 858 889 890
S 394 410 411
S 757 773 774
M 300 321 324
S 1605 1656 1657
S 1075 1083 1084
S 1397 1439 1440
M 1821 1812 1894
M 383 323 397
S 1280 1295 1296
M 1878 1862 1978
M 949 1004 1009
M 600 597 638
S 1451 1473 1474
S 1332 1359 1360
S 341 348 349
S 1592 1595 1596
S 1190 1196 1197
S 1243 1262 1263
M 227 236 238
S 69 83 84
M 1346 1446 1460
S 1857 1901 1902
S 1629 1645 1646
S 555 594 595
M 928 876 944
S 1670 1690 1691
S 293 307 308
S 959 979 980
M 738 783 796
S 120 180 181
S 93 105 106
S 1667 1684 1685
M 746 732 748
M 246 275 281
M 376 287 383
M 1686 1651 1696
S 155 202 203
M 2003 1959 2034
M 664 648 666
S 1815 1914 1915
S 169 186 187
M 348 401 408
S 1568 1630 1631
S 193 220 221
M 681 692 693
S 2 6 7
S 1774 1790 1791
M 1551 1552 1569
S 1381 1424 1425
S 1692 1700 1701
S 605 639 640
M 1577 1659 1661
S 881 965 966
S 546 624 625
M 1050 1073 1123
S 306 404 405
S 750 804 805
S 961 1053 1054
M 1362 1358 1367
S 1981 2001 2002
S 781 820 821
S 58 80 81
S 1146 1175 1176
M 1576 1776 1793
M 1186 1118 1195
M 1347 1257 1366
S 1846 1873 1874
S 1546 1579 1580
M 159 104 160
M 1768 1735 1787
S 534 542 543
M 1517 1585 1602
M 396 356 409
S 1712 1738 1739
M 1189 1282 1292
M 1438 1420 1458
S 1432 1502 1503
M 1481 1460 1484
S 1106 1136 1137
S 674 830 831
S 1525 1560 1561
S 770 771 772
S 535 603 604
M 153 148 166
M 335 330 352
S 1931 1942 1943
S 1359 1362 1363
S 35 58 59
M 1927 1980 1984
S 574 576 577
S 541 612 613
M 1806 1728 1826
S 815 876 877
S 465 494 495
S 65 150 151
S 450 500 501
S 1984 2012 2013
M 1410 1337 1411
S 917 973 974
M 1910 1973 1975
M 953 969 972
S 18 23 24
S 74 85 86
M 717 713 756
S 1114 1116 1117
S 144 182 183
M 47 53 92
M 636 634 654
S 653 728 729
M 507 478 523
M 1053 984 1062
S 1079 1081 1082
M 862 827 882
M 1891 1835 1899
M 373 290 399
S 184 309 310
M 2014 1987 2031
M 436 437 446
S 866 946 947
M 868 834 898
S 1454 1469 1470
S 1833 1839 1840
M 1415 1364 1426
M 777 745 779
M 411 428 458
S 408 440 441
S 1412 1481 1482
M 353 365 400
S 552 572 573
S 1020 1078 1079
S 1561 1607 1608
S 490 606 607
S 606 617 618
S 510 521 522
M 242 219 253
M 1275 1287 1294
M 1855 1975 2011
M 292 286 295
S 1442 1463 1464
M 929 932 934
S 1678 1705 1706
S 489 528 529
M 879 894 897
S 814 850 851
S 785 891 892
M 1912 1899 1913
S 1772 1782 1783
M 11 7 18
S 571 754 755
M 1157 1158 1165
M 494 431 527
M 1690 1694 1695
S 1180 1181 1182
M 1304 1266 1345
S 977 1019 1020
M 695 679 734
M 1475 1427 1490
M 2015 1952 2021
S 666 690 691
S 1756 1796 1797
S 424 425 426
S 133 163 164
S 1486 1488 1489
S 1797 1801 1802
M 145 124 175
S 1777 1824 1825
S 621 629 630
S 628 663 664
M 109 162 170
S 1413 1467 1468
S 1590 1667 1668
M 1871 1808 1872
M 1167 1171 1180
M 1316 1328 1329
S 662 723 724
S 1565 1593 1594
M 1089 1088 1095
M 1176 1154 1177
M 1934 1979 1982
M 1398 1377 1414
S 1813 1821 1822
M 1137 1133 1147
M 626 654 689
M 1219 1134 1268
S 925 987 988
M 768 897 904
M 1669 1569 1679
M 1409 1440 1471
M 66 60 95
S 485 496 497
S 1499 1530 1531
S 1112 1275 1276
M 1623 1598 1629
M 1194 995 1200
M 599 607 635
S 1011 1126 1127
S 1709 1725 1726
S 1272 1289 1290
M 523 558 569
M 673 671 684
S 1544 1577 1578
S 1908 1937 1938
M 280 307 415
M 1829 1801 1856
S 61 78 79
M 696 793 803
M 24 36 37
M 720 708 731
S 1051 1056 1057
S 117 222 223
M 248 235 264
M 985 972 1014
S 39 51 52
M 1312 1355 1388
M 1641 1737 1741
S 452 509 510
S 1493 1523 1524
S 1530 1545 1546
M 1905 1944 1958
M 379 398 421
S 63 145 146
S 135 137 138
S 1126 1168 1169
S 900 984 985
S 1441 1498 1499
S 754 763 764
M 2037 2024 2039
M 948 923 953
M 217 186 228
M 859 731 861
M 1496 1501 1507
M 694 727 733
M 690 730 775
S 1602 1623 1624
S 1027 1029 1030
M 1399 1384 1404
M 517 524 538
M 1061 1015 1063
M 285 288 296
S 1588 1682 1683
M 138 112 147
M 1187 1162 1189
M 652 719 753
M 529 631 645
M 805 772 810
M 566 471 600
S 44 93 94
M 1069 1047 1099
M 1582 1663 1697
M 1744 1746 1748
S 1216 1234 1235
S 1178 1250 1251
S 251 313 314
M 1983 2020 2025
S 1791 1854 1855
M 1658 1671 1729
S 1049 1059 1060
M 508 557 560
M 1260 1264 1291
M 355 303 392
S 1076 1111 1112
S 70 100 101
S 181 225 226
S 527 553 554
S 172 326 327
S 1765 1818 1819
M 170 171 174
M 1416 1425 1446
S 855 862 863
M 319 440 474
S 40 41 42
M 683 751 784
S 344 596 597
S 1852 1868 1869
S 49 56 57
S 1070 1109 1110
S 1173 1178 1179
S 1430 1486 1487
S 1787 1834 1835
S 1405 1417 1418
M 1893 1900 1929
M 503 641 650
M 1854 1873 1889
S 462 517 518
M 1715 1747 1752
S 967 1034 1035
M 1757 1738 1814
M 1142 1242 1281
S 926 963 964
M 582 622 628
S 470 502 503
M 214 244 250
M 230 168 259
S 105 143 144
M 1155 1211 1217
S 941 1015 1016
S 933 961 962
M 370 361 414
S 1113 1156 1157
S 699 759 760
S 1614 1632 1633
M 1752 1753 1767
M 826 734 829
S 1484 1511 1512
S 1549 1581 1582
S 1333 1343 1344
M 198 194 254
S 1207 1218 1219
S 1784 1809 1810
S 64 115 116
M 1350 1329 1355
S 1488 1492 1493
S 887 893 894
S 1998 2003 2004
M 784 824 875
M 1462 1349 1475
S 939 977 978
S 1244 1271 1272
S 979 1017 1018
M 591 619 659
M 1626 1627 1637
M 1603 1550 1605
S 260 282 283
S 1622 1640 1641
M 1847 1883 1886
S 220 241 242
S 1586 1603 1604
S 1204 1221 1222
S 1693 1721 1722
M 1506 1456 1517
S 1222 1331 1332
M 96 90 134
M 1345 1449 1454
M 2007 2023 2029
S 1573 1575 1576
M 466 512 526
M 1101 1042 1170
M 1618 1563 1628
M 1929 1933 1946
S 453 586 587
M 951 983 1028
M 581 575 588
S 1443 1613 1614
M 1029 950 1052
S 308 362 363
M 1225 1269 1317
S 302 366 367
S 1890 1933 1934
S 1022 1072 1073
S 1147 1150 1151
S 1570 1589 1590
S 16 98 99
M 655 656 667
M 1009 906 1013
S 1370 1405 1406
M 1465 1467 1485
M 1285 1234 1288
M 1166 1128 1167
M 278 281 311
M 776 763 858
M 760 797 871
M 1906 1804 1930
S 1434 1443 1444
S 1941 1944 1945
M 1074 1054 1088
M 1307 1309 1316
M 1448 1431 1476
M 1143 1151 1153
M 9 31 36
M 914 838 919
S 161 191 192
S 703 721 722
M 1111 846 1115
S 313 315 316
M 1249 1330 1358
S 1102 1144 1145
S 755 761 762
M 1394 1392 1451
S 1831 1836 1837
S 1739 1756 1757
S 790 797 798
M 1807 1805 1827
S 842 844 845
M 1003 965 1010
S 122 125 126
M 878 802 907
M 791 849 855
S 554 615 616
M 934 930 936
S 1313 1322 1323
S 786 794 795
M 267 209 287
M 1335 1248 1369
S 611 655 656
S 1698 1734 1735
S 338 344 345
S 1810 1815 1816
M 901 898 931
S 1117 1148 1149
S 282 293 294
M 841 828 849
S 677 710 711
M 1302 1235 1372
S 809 911 912
M 1578 1520 1655
M 1778 1750 1817
S 980 1005 1006
S 360 370 371
S 613 685 686
M 820 778 828
S 559 567 568
S 1875 1878 1879
S 748 792 793
S 1977 1987 1988
M 1589 1610 1627
M 1928 1971 1979
M 1325 1343 1361
S 1869 1883 1884
M 1533 1513 1549
M 637 640 657
S 1640 1693 1694
M 1856 1870 1892
S 1666 1716 1717
S 1208 1238 1239
M 742 771 811
M 968 943 975
M 190 175 207
M 1508 1447 1518
M 1681 1743 1754
M 1124 1115 1132
M 271 269 289
M 1991 2038 2042
M 1705 1688 1715
M 526 532 559
M 672 665 695
M 907 938 948
M 1897 1917 1950
S 1837 1897 1898
M 970 1043 1058
S 1354 1393 1394
M 896 888 918
M 1336 1373 1459
M 1701 1824 1875
S 885 923 924
S 1246 1279 1280
S 325 337 338
S 1796 1803 1804
S 208 331 332
M 1071 1059 1080
M 835 873 888
M 1168 1390 1431
M 1802 1800 1808
S 4 10 11
M 994 996 1023
M 1557 1540 1573
M 439 451 465
M 570 502 590
S 295 305 306
S 250 270 271
S 10 19 20
M 21 33 40
S 1241 1273 1274
S 1385 1452 1453
S 101 141 142
M 1326 1236 1338
M 884 904 910
M 340 314 364
S 95 209 210
S 1224 1258 1259
M 136 141 155
S 3 4 5
S 1909 1925 1926
S 1594 1620 1621
M 108 99 109
M 1279 1294 1300
S 1295 1313 1314
S 254 303 304
M 801 804 806
S 919 942 943
M 2031 2044 2045
S 1426 1447 1448
M 1315 1321 1326
M 221 165 237
S 377 461 462
S 1509 1543 1544
M 592 623 662
S 505 545 546
M 1013 982 1076
S 487 619 620
M 98 129 161
M 134 119 148
S 1876 1895 1896
M 1000 1010 1027
S 563 570 571
S 1872 1919 1920
S 1695 1760 1761
M 1535 1529 1550
M 111 151 156
M 284 347 372
S 871 937 938
S 844 864 865
S 687 699 700
M 615 618 643
S 1704 1731 1732
M 1541 1471 1566
S 195 231 232
S 259 297 298
M 417 346 456
M 612 646 694
S 576 633 634
S 279 329 330
S 1587 1591 1592
S 1843 1890 1891
S 298 358 359
S 1038 1089 1090
M 1127 1125 1138
S 1950 1973 1974
M 610 609 626
M 1554 1555 1680
M 37 28 47
M 88 215 227
S 1060 1067 1068
M 126 91 171
S 1580 1585 1586
M 34 50 53
S 1121 1183 1184
M 1255 1292 1297
S 1657 1664 1665
M 118 157 162
M 422 393 428
S 661 726 727
S 1372 1373 1374
S 1339 1356 1357
S 1203 1223 1224
M 860 920 922
S 1524 1571 1572
M 1675 1680 1704
M 2027 1866 2032
M 1892 1697 1936
S 568 598 599
M 1103 1086 1120
S 8 12 13
S 1066 1070 1071
S 371 379 380
S 747 899 900
M 1025 1068 1091
S 624 660 661
M 384 337 389
M 1083 1095 1142
M 1556 1523 1557
S 1197 1214 1215
S 30 43 44
M 1453 1489 1513
S 1100 1103 1104
S 989 1000 1001
S 680 742 743
S 1245 1256 1257
S 415 475 476
S 237 255 256
M 327 299 328
S 132 189 190
S 86 131 132
M 1473 1472 1483
S 51 66 67
S 1880 1916 1917
S 352 387 388
S 311 346 347
M 1771 1755 1777
S 137 152 153
M 1920 1932 1954
M 1376 1395 1403
M 222 224 247
M 1319 1270 1325
M 1969 1992 2024
M 233 316 319
M 205 243 286
M 1423 1422 1434
M 889 752 920
S 584 668 669
M 1902 1832 1918
M 588 548 593
M 573 685 696
S 1522 1558 1559
M 1717 1724 1753
S 1284 1386 1387
M 551 547 561
S 1814 1832 1833
M 113 85 124
S 1483 1532 1533
M 1993 1967 2017
M 562 601 605
S 1247 1311 1312
S 739 832 833
M 556 549 581
S 1109 1229 1230
S 52 60 61
M 1251 1231 1320
S 107 229 230
S 1966 1999 2000
M 459 294 486
S 865 866 867
M 1954 1978 1996
S 1727 1806 1807
S 1583 1597 1598
M 1901 1860 1927
S 1352 1398 1399
S 210 368 369
S 960 970 971
S 1250 1441 1442
S 1817 1841 1842
M 1348 1369 1397
M 2011 2010 2020
S 1382 1407 1408
S 13 14 15
M 1760 1720 1770
M 542 602 627
M 816 744 822
M 1150 1209 1252
M 1300 1290 1304
S 234 268 269
S 1256 1305 1306
S 705 736 737
S 1485 1509 1510
S 1065 1191 1192
M 1221 1223 1270
M 272 264 290
S 1159 1240 1241
S 493 513 514
M 1865 1882 1885
S 463 469 470
M 368 372 391
M 1937 1896 1955
M 843 872 883
M 520 399 537
M 142 143 154
M 684 773 807
M 226 200 240
M 1433 1596 1599
S 1192 1207 1208
S 1723 1727 1728
S 474 490 491
M 1048 1067 1077
M 448 350 493
M 1148 1163 1190
S 530 574 575
M 614 498 623
S 1183 1198 1199
M 521 525 539
S 787 814 815
S 1360 1381 1382
S 389 449 450
S 404 434 435
S 668 671 672
M 691 704 707
M 1303 1296 1309
M 709 700 738
S 1297 1307 1308
S 1097 1118 1119
M 1702 1718 1736
S 192 205 206
M 927 908 967
S 1650 1677 1678
S 1781 1923 1924
M 473 475 519
S 331 360 361
S 1504 1537 1538
S 1518 1651 1652
M 1615 1607 1650
M 1679 1672 1681
S 1511 1551 1552
M 1528 1497 1583
S 256 317 318
S 1649 1670 1671
M 1340 1281 1346
S 1351 1375 1376
M 1411 1228 1412
M 199 203 233
M 1196 1175 1213
S 869 925 926
M 1898 1913 1932
M 712 686 732
M 1762 1754 1776
M 1238 1283 1293
M 2022 2026 2033
M 1632 1668 1749
M 26 68 70
M 125 84 133
M 304 310 312
S 1232 1335 1336
M 413 421 424
M 1770 1773 1811
S 387 393 394
S 309 381 382
S 800 884 885
S 76 135 136
M 472 564 583
M 936 935 941
S 62 76 77
M 2021 2016 2028
M 511 536 541
S 867 915 916
S 57 89 90
M 1838 1775 1843
M 274 249 277
M 283 305 325
M 1498 1514 1529
S 1046 1049 1050
M 1868 1894 1903
M 1660 1653 1666
M 1923 1914 1928
M 152 196 208
S 206 218 219
M 1288 1273 1324
S 587 591 592
M 2019 2033 2037
S 491 530 531
M 342 385 396
M 1726 1711 1730
S 740 823 824
M 1539 1608 1622
S 956 1007 1008
S 1858 1864 1865
M 1141 1286 1299
M 1794 1766 1813
S 1782 1862 1863
M 506 578 665
S 1526 1547 1548
S 1939 1963 1964
M 799 813 836
M 565 598 683
S 484 551 552
M 121 87 123
S 1795 1852 1853
M 1505 1492 1555
S 322 333 334
M 266 225 288
S 1393 1395 1396
S 1317 1348 1349
M 630 729 730
M 173 179 204
S 43 45 46
M 1105 1138 1152
S 328 341 342
M 1132 1145 1166
S 966 995 996
M 1045 998 1055
M 1293 1277 1310
S 1741 1788 1789
M 863 832 870
M 1673 1742 1764
M 1951 1881 1953
M 806 811 825
M 1482 1490 1491
S 156 157 158
S 693 697 698
S 723 780 781
S 201 216 217
M 46 48 50
S 29 30 31
S 1579 1618 1619
M 579 638 670
M 952 902 1026
S 1324 1333 1334
M 759 735 788
M 1055 1021 1064
M 608 603 614
S 334 353 354
M 604 569 658
S 1407 1494 1495
M 228 324 429
M 1722 1729 1737
S 856 908 909
S 1291 1415 1416
S 1098 1101 1102
S 741 968 969
S 1263 1350 1351
M 1761 1788 1812
M 796 817 835
S 102 184 185
S 1918 1940 1941
S 1331 1341 1342
M 538 488 540
S 1851 1860 1861
M 1457 1455 1478
S 1683 1765 1766
S 1853 1947 1948
S 1656 1711 1712
S 895 913 914
M 1450 1478 1479
M 986 880 1012
M 1403 1428 1480
M 774 762 787
M 1131 1253 1282
S 1233 1242 1243
S 1591 1600 1601
S 425 452 453
S 1798 1844 1845
S 698 785 786
M 1378 1365 1516
M 343 345 376
M 1646 1643 1649
M 257 239 274
M 1793 1682 1799
M 12 22 27
M 1026 1008 1037
M 1751 1719 1755
S 1677 1771 1772
M 1271 1318 1337
S 1786 1876 1877
S 1342 1352 1353
S 1371 1389 1390
M 1507 1542 1562
S 174 212 213
S 263 350 351
S 483 504 505
S 854 878 879
S 594 631 632
S 1925 1980 1981
S 1363 1432 1433
S 945 949 950
S 1463 1465 1466
S 1039 1043 1044
S 1721 1723 1724
S 1863 1908 1909
S 1710 1742 1743
M 1965 1972 1994
M 1989 2025 2026
S 1414 1419 1420
S 1464 1496 1497
M 987 997 1024
S 497 524 525
M 1560 1562 1563
M 1276 1160 1298
S 645 646 647
M 418 543 544
M 1595 1601 1635
M 1888 2035 2036
M 789 833 837
S 753 852 853
S 1185 1253 1254
M 1214 1170 1265
M 509 500 548
M 391 374 395
M 625 518 637
M 501 540 578
M 1982 2008 2022
M 973 931 981
M 504 480 532
M 831 839 848
M 2034 2001 2035
S 851 959 960
S 123 168 169
M 1515 1521 1526
S 1002 1039 1040
S 988 1086 1087
M 1548 1553 1556
M 567 537 582
M 743 758 789
M 909 890 945
S 183 195 196
M 420 390 422
M 697 644 725
M 454 400 463
M 2002 2043 2044
M 273 297 339
S 395 459 460
S 1839 1846 1847
S 701 712 713
M 357 363 365
S 821 826 827
S 1840 1887 1888
M 1193 1201 1212
S 1391 1461 1462
S 1080 1124 1125
M 2009 1985 2018
S 14 21 22
S 1916 1921 1922
M 1341 1327 1368
M 78 80 82
S 467 487 488
S 1153 1160 1161
S 81 111 112
M 1099 1093 1146
M 1759 1783 1792
M 1803 1785 1805
M 367 276 398
S 788 859 860
S 792 801 802
S 178 301 302
S 944 1065 1066
M 414 382 423
M 1136 1156 1159
M 1227 1267 1285
S 1564 1611 1612
M 1895 1886 1900
M 749 710 765
S 798 901 902
S 1005 1032 1033
S 1986 1997 1998
S 188 193 194
M 386 354 401
S 899 905 906
M 1057 1085 1158
M 971 893 986
S 1477 1519 1520
S 1479 1609 1610
M 1922 2017 2019
S 25 34 35
S 1210 1246 1247
M 185 149 188
S 1730 1762 1763
M 1445 1537 1568
M 955 818 991
M 457 481 485
S 962 989 990
S 1877 1881 1882
M 1213 1215 1216
M 301 339 448
M 1353 1298 1354
M 1736 1725 1784
S 89 113 114
M 1628 1469 1669
M 837 850 932
S 177 262 263
S 1191 1210 1211
S 375 377 378
S 1699 1719 1720
M 1030 1024 1038
M 213 127 224
S 1169 1227 1228
S 1758 1773 1774
S 707 715 716
S 15 62 63
S 187 197 198
S 212 245 246
M 912 903 927
M 1217 1230 1233
M 1063 1107 1108
M 870 877 903
M 2013 1955 2014
S 54 68 69
M 975 976 1011
S 1609 1625 1626
M 1625 1662 1663
M 1970 1995 2027
M 1368 1406 1421
S 1108 1185 1186
M 1820 1748 1823
S 1268 1286 1287
S 1120 1266 1267
M 937 940 976
M 1597 1574 1615
S 438 483 484
S 1885 1904 1905
M 1237 1226 1269
S 1645 1647 1648
M 1188 1135 1220
M 513 496 520
M 1320 1308 1321
S 1366 1378 1379
S 667 705 706
M 553 633 636
S 1429 1455 1456
S 262 266 267
M 1016 964 1041
S 795 840 841
S 1543 1553 1554
M 441 456 477
S 1887 1906 1907
S 358 406 407
S 258 291 292
M 1811 1823 1828
S 1936 1968 1969
S 1334 1384 1385
M 73 79 104
S 38 54 55
M 130 150 165
M 241 180 265
M 1418 1419 1435
M 999 978 1051
S 803 816 817
M 726 733 735
S 958 993 994
S 853 856 857
S 412 436 437
S 620 621 622
M 647 590 651
S 1997 2015 2016
S 711 739 740
M 782 737 791
M 669 670 714
S 176 178 179
M 1495 1503 1508
M 1012 1096 1114
M 2005 1988 2010
S 775 808 809
M 1081 1028 1113
M 1357 1388 1400
M 736 807 812
M 464 458 473
S 435 442 443
M 499 416 506
S 55 121 122
S 1459 1541 1542
M 238 211 239
S 714 719 720
S 1007 1021 1022
M 769 728 778
S 1404 1422 1423
S 461 498 499
S 649 717 718
S 1400 1401 1402
M 812 823 834
S 1642 1702 1703
M 715 766 768
M 1062 1064 1100
M 434 446 451
M 1962 1948 1967
S 1999 2005 2006
S 407 478 479
S 765 799 800
S 369 416 417
S 883 895 896
S 1864 1951 1952
M 617 643 644
M 1090 1087 1143
S 1023 1074 1075
S 1444 1449 1450
M 1655 1581 1689
S 1091 1092 1093
M 1809 1828 1857
M 1949 1867 1966
S 1713 1746 1747
S 947 955 956
S 19 38 39
S 232 412 413
S 429 430 431
S 632 641 642
S 59 64 65
S 572 579 580
M 1990 2006 2007
M 146 131 159
S 1740 1758 1759
S 1745 1780 1781
M 1195 1172 1201
M 1182 1314 1315
S 1265 1283 1284
M 207 164 248
S 128 129 130
S 1289 1318 1319
M 829 767 874
S 41 74 75
S 403 419 420
M 1258 1305 1347
S 252 260 261
S 277 384 385
M 1254 1202 1255
M 289 312 320
M 516 380 536
M 1367 1437 1438
M 71 42 72
S 32 48 49
S 167 172 173
M 1421 1417 1472
S 240 243 244
M 1278 1380 1383
S 1638 1674 1675
M 891 911 917
M 1044 892 1046
S 764 776 777
S 1452 1505 1506
S 1259 1277 1278
S 990 998 999
S 366 373 374
M 445 432 464
M 495 544 610
S 405 444 445
S 1664 1686 1687
M 1566 1572 1584
M 202 216 236
S 822 838 839
S 1424 1527 1528
213 560
1915 15
345 1
1869 9
164 18
712 211
470 105
186 22
1440 54
1285 108
1428 1
1181 48
1283 28
1679 420
1582 63
258 65
1820 294
878 19
1567 34
1955 9
1564 30
878 11
1726 28
1875 121
81 53
1815 38
1298 90
1893 25
2010 47
81 10
1967 121
67 19
735 47
1161 459
1715 176
271 7
747 18
1726 83
517 1
932 399
452 16
729 15
1277 2
819 130
910 313
741 6
301 3
615 13
1871 5
1215 7
771 1
384 570
264 46
331 1
792 114
957 6
1607 108
1012 38
873 115
983 15
44 44
373 2
543 7
189 23
1444 34
1590 3
1390 10
1636 98
1986 1
692 70
159 48
1217 13
2016 4
975 43
610 62
376 21
1783 23
631 4
1584 137
1630 9
1206 4
616 31
611 55
924 14
1894 155
278 3
282 18
734 549
875 118
2040 180
121 14
799 101
263 8
178 9
339 162
1355 512
1907 10
334 14
125 17
582 883
117 9
1460 1283
805 9
1146 9
1662 13
439 23
816 50
1411 2
238 111
1141 90
1182 203
1215 4
1076 286
477 268
947 6
329 5
675 5
1024 1223
195 1
16 425
523 283
1544 13
1016 388
1780 36
272 126
1690 2
1767 610
1190 17
1934 466
1263 58
1260 9
1707 5
1462 38
173 362
1558 22
1293 3
452 18
1689 16
1702 3
28 129
115 5
942 75
747 65
1628 179
1287 4
1676 277
526 259
1657 88
96 5
1833 66
1291 19
1507 84
628 595
1816 72
615 22
236 15
10 481
386 142
1413 129
227 6
628 485
1780 22
1333 13
1713 100
221 573
1707 4
115 3
435 19
515 18
1057 36
40 438
1471 94
716 386
1953 8
368 18
496 141
550 16
1329 342
1076 300
533 6
477 6
890 3
209 43
1156 14
577 10
477 10
633 4
1207 1
54 50
1930 35
262 6
1895 11
1667 8
938 148
1990 1
1957 258
1824 77
340 5
1370 31
1911 1
628 969
1726 56
1676 207
417 10
1983 5
1894 160
1999 11
876 15
230 3
22 57
219 21
185 99
407 13
267 3
708 48
890 4
1999 38
1043 1
784 452
622 17
1299 143
456 8
600 29
179 3
390 10
226 1
11 430
1460 1166
663 235
201 26
2037 1626
951 1
123 67
1266 114
322 12
1140 26
1166 66
1128 24
1148 24
419 286
1484 14
1124 9
940 1
1351 2
1349 167
663 438
827 2
1526 173
889 2
465 14
7 1134
1052 94
966 34
2011 101
1288 6
352 53
383 52
712 171
1416 68
459 109
610 75
1962 127
285 34
186 6
545 2
728 12
1919 237
1219 2
1691 5
160 206
999 64
1704 5
532 49
1506 7
27 59
869 11
1454 177
1167 369
1853 17
69 22
611 266
997 476
336 36
1668 2
288 1
165 9
830 4
1326 701
1008 1
191 189
1862 19
1760 4
1449 5
1173 1
578 294
1728 2
710 102
805 26
538 37
512 4
972 292
935 427
105 13
379 1
1104 196
341 107
282 6
1934 103
1129 103
264 88
1288 134
1431 42
969 6
1940 267
25 7
1908 6
509 18
1172 38
1194 145
860 40
96 12
1570 36
740 39
806 143
622 42
1960 96
621 15
1125 9
769 2
1543 17
1753 352
938 48
1115 230
1185 49
805 16
310 326
861 282
1700 90
1378 1
385 141
360 2
233 36
1356 11
1983 22
1126 108
218 54
894 16
1763 176
344 38
1105 16
1940 237
2023 129
1779 1
104 34
1720 50
1742 69
2004 6
1110 7
1337 3
229 32
1532 3
1883 1
243 36
1302 162
436 1
1038 168
1873 7
638 355
1832 80
765 219
730 41
791 27
397 127
947 3
6 1606
1724 1
1320 14
179 9
47 378
1873 10
901 60
790 537
354 2
705 7
882 50
1104 174
1147 659
410 4
529 36
213 261
1333 68
1328 16
737 77
996 15
1037 69
351 4
1941 197
228 132
152 1
849 11
1879 102
813 16
1260 25
1884 4
632 5
1733 218
112 18
306 110
351 1
712 378
802 42
1962 180
1391 20
533 1
1957 49
302 5
1717 300
163 19
1304 54
265 219
1894 82
1076 223
281 386
335 17
72 505
1566 211
109 381
466 966
732 20
1226 2
231 1
1130 3
1814 116
1114 82
1763 145
1776 1342
192 178
1609 9
305 36
1145 3
1001 68
17 131
279 7
1994 534
344 21
672 12
866 9
1358 535
1067 2
435 5
591 8
90 11
684 98
365 94
1997 18
582 221
1822 19
1305 1
1304 44
466 868
1405 8
566 319
236 130
569 229
642 4
1011 72
1891 282
1742 32
761 3
1271 2
838 94
344 21
1953 14
1977 9
141 69
756 332
1480 137
19 198
1186 419
922 81
739 1
968 7
638 478
892 1
376 9
470 52
59 105
1244 3
1135 1
491 114
557 6
1215 4
1888 7
10 436
552 7
1753 295
4 1560
814 50
1970 18
928 30
1623 6
172 327
1505 10
725 156
1278 1
507 52
630 15
779 28
130 1
1044 1
1562 83
783 2
408 169
1521 184
1781 70
1909 3
899 36
1275 16
1834 33
123 64
1196 16
249 552
139 7
680 40
479 4
907 140
584 41
1836 228
412 1
1782 22
1866 4
1855 1
1986 72
552 6
341 101
511 1
404 57
130 2
858 6
490 86
1615 144
135 13
386 18
1670 10
1807 1
1666 69
1050 3
989 200
464 7
1762 135
1498 1
1186 362
1028 31
999 4
228 110
1116 35
1070 13
1110 9
1848 8
1085 1
54 40
760 10
1851 42
1763 126
307 8
1645 2
1689 120
93 18
262 7
230 35
1738 187
1423 28
1548 122
1036 71
118 11
152 1
629 17
1516 9
225 7
1931 3
873 71
1444 23
2043 67
1162 8
999 46
568 347
1882 3
6 421
331 4
1089 196
1556 115
2002 1
1732 7
1549 82
1011 13
961 324
1249 5
416 12
1954 405
876 25
971 4
561 20
653 13
1206 4
1681 814
1960 59
1190 4
138 9
1677 38
1659 67
1375 8
1945 22
1483 73
809 143
33 114
1778 7
2046 1
11 439
1518 31
629 3
119 9
658 123
272 113
1068 1
896 53
530 16
1746 87
572 2
1437 13
1658 102
189 23
1758 7
236 3
1899 34
574 27
879 12
1364 5
433 2
88 30
277 449
736 33
260 9
638 603
1658 139
1478 73
745 80
1113 41
930 102
1428 1
59 104
384 361
537 352
1380 14
764 3
1230 2
911 99
1400 274
1841 6
649 67
1956 196
923 34
876 36
1003 3
503 32
299 13
1115 204
213 481
861 233
265 6
374 1
1796 20
160 608
740 24
1247 2
446 1
1369 8
41 90
1723 1
858 6
1151 294
611 109
487 23
1076 22
1182 245
1262 55
1356 7
1696 22
1694 21
1892 20
872 139
227 2
1264 84
233 119
828 20
1146 115
144 6
1160 17
539 28
1807 3
1698 141
290 33
1625 27
832 30
1568 198
1198 2
1575 47
1401 106
36 474
232 1
656 3
680 30
341 81
1434 7
132 22
580 1
327 87
116 8
162 8
1755 84
1777 187
1405 16
653 23
773 100
1860 9
608 5
235 113
1804 1
1243 15
1271 2
141 96
1963 9
530 6
1223 8
674 6
578 454
1014 76
182 2
2033 1054
194 1117
1595 9
1631 201
1186 151
1924 18
1719 99
1480 67
150 23
669 11
236 130
360 2
862 52
1217 405
1903 43
377 10
1467 36
211 17
1291 128
1741 134
1219 4
1122 4
123 31
1468 54
1183 2
653 31
1861 19
1186 207
1477 619
162 5
1158 20
1658 120
144 2
1340 15
1970 29
1033 1
665 369
976 118
368 2
730 22
1240 2
1072 1
1748 33
658 114
1150 110
2019 3
1558 115
1728 5
1802 5
1761 19
1727 1
1840 39
1276 59
1599 6
1207 1
145 41
987 24
1771 51
502 40
1136 13
1819 3
659 3
1181 20
158 9
1005 1
1099 385
502 50
1370 25
1405 6
1252 307
951 1
30 50
1535 1097
523 289
224 270
874 37
438 21
1971 18
1402 186
432 2
1364 1
770 4
289 4
397 1146
1804 25
107 11
912 88
305 58
395 320
1369 4
1889 7
1278 1
1107 214
1177 324
990 111
1692 335
1350 21
165 11
960 20
1866 3
1297 685
1665 332
509 13
1838 461
1511 631
1364 4
1434 18
1385 39
984 15
296 82
1050 6
1990 1
608 1
712 93
228 11
217 77
1473 56
532 187
131 27
2037 1251
15 156
1754 553
927 75
1844 67
453 21
1027 146
1100 96
180 10
236 62
893 4
1091 18
1106 8
231 1
786 18
1316 113
711 110
1551 89
954 106
995 11
908 10
542 7
782 2
1972 394
280 48
978 1
1409 23
490 118
477 152
1328 1
2011 46
191 3
1151 25
57 20
329 3
1870 10
345 5
915 2
600 17
278 6
269 28
1938 3
2046 2263
149 1200
1594 12
1285 63
1041 309
1936 129
152 5
354 7
822 74
816 63
932 119
562 16
1279 2
804 13
557 35
776 1
1558 19
1129 30
1803 10
1958 8
1957 119
418 215
1630 149
1593 6
42 90
1078 1
978 1
827 2
1288 104
2030 389
952 4
31 59
616 19
881 59
843 78
1734 17
1168 49
131 26
16 614
1420 21
1100 90
1960 95
206 66
1328 97
1200 71
857 72
1104 173
1895 1
750 56
1709 36
510 6
103 371
1419 387
1500 488
807 614
1021 1
377 11
2046 4526
1824 43
2011 414
300 14
911 38
1956 29
1074 10
87 9
1963 4
1880 98
122 41
640 4
728 19
992 976
890 1
1592 10
1942 4
989 110
1377 986
249 652
871 116
1435 283
892 6
1560 30
1886 41
2027 33
260 51
1988 23
1825 94
1368 13
1271 2
1770 117
55 10
845 31
1085 1
1568 425
1482 10
1519 217
1898 298
931 1243
966 37
1128 121
1678 209
547 14
675 9
