8951 75 1000
S 77 79 80
M 51 58 59
M 50 69 70
M 73 94 95
M 12 13 14
S 3 4 5
M 92 76 108
M 107 91 109
M 100 93 107
M 64 53 69
M 30 43 44
S 38 42 43
M 26 21 29
S 28 32 33
S 67 85 86
S 35 50 51
M 68 83 89
S 17 34 35
M 74 78 88
S 41 45 46
S 63 67 68
S 22 23 24
S 44 47 48
M 108 112 114
M 54 46 56
S 96 102 103
M 59 61 74
S 8 10 11
M 34 32 36
S 2 6 7
S 98 99 100
M 52 60 64
S 10 15 16
M 104 97 106
S 56 57 58
M 29 9 31
S 57 60 61
S 80 83 84
S 72 81 82
S 48 75 76
M 87 84 94
M 110 106 111
S 4 8 9
S 33 40 41
S 62 92 93
M 42 40 49
S 37 65 66
S 5 12 13
S 20 27 28
M 90 82 98
S 36 37 38
S 25 53 54
S 65 77 78
M 81 89 91
S 23 25 26
M 24 27 30
M 45 18 55
S 15 21 22
M 99 109 112
M 11 19 20
M 88 95 101
S 102 104 105
S 55 71 72
S 39 62 63
M 31 14 39
S 16 18 19
S 1 2 3
M 70 85 87
M 79 75 90
M 6 7 17
M 47 49 52
M 111 105 113
S 86 96 97
M 101 103 110
M 66 71 73
101 2261
38 139
66 116
103 62
96 87
19 102
81 25
96 90
42 413
25 35
59 4
43 259
69 183
77 232
97 75
90 308
40 72
24 6
38 407
10 549
21 4
82 42
63 1172
25 35
15 31
23 7
90 365
26 22
68 810
101 3589
41 75
25 2
61 5
101 3999
104 39
111 3235
70 2215
70 288
70 264
105 44
103 36
12 461
53 3
42 346
92 71
92 804
28 342
14 1708
35 2010
57 27
68 831
94 2810
51 1114
8 595
50 104
60 8
114 1739
14 2207
32 59
20 128
105 53
47 422
81 3
16 254
83 5
60 15
19 103
114 3478
16 133
33 64
101 2714
46 10
85 124
97 30
59 990
7 657
67 69
46 11
70 2306
51 277
59 666
26 26
16 243
14 697
64 230
50 135
61 7
13 1055
63 591
81 2
98 85
68 827
112 268
84 52
29 147
111 4656
45 10
40 81
46 28
19 57
76 225
65 522
46 22
48 402
18 55
70 710
85 132
40 38
71 27
100 42
81 31
80 32
13 848
13 728
90 289
9 490
30 180
31 353
40 19
38 55
69 1188
49 508
86 196
44 511
58 30
79 112
34 1911
106 264
102 17
75 223
16 244
69 89
113 3465
74 1140
67 205
104 16
29 94
114 739
43 466
57 13
50 964
98 23
72 31
71 66
57 10
14 557
45 21
20 676
54 3
74 1036
81 13
54 9
3 1120
52 1178
2 1673
88 350
96 35
41 1
31 999
75 85
20 172
92 211
98 295
64 578
67 228
31 352
111 4440
8 404
86 287
65 390
28 343
11 125
10 266
84 22
18 18
72 67
20 19
105 5
38 353
97 106
88 1342
14 682
83 11
110 1226
98 211
114 2934
75 146
59 814
109 702
92 374
64 1146
91 783
33 60
52 786
60 3
95 786
76 176
24 9
10 271
63 1213
64 405
109 62
54 9
52 632
75 158
12 748
70 24
12 578
93 384
30 51
10 108
82 34
107 36
54 14
9 942
37 351
110 2580
12 891
76 103
29 136
94 163
101 4001
83 21
70 299
6 2177
47 65
8 956
84 68
54 16
29 78
56 4
67 384
69 478
88 1346
4 845
98 125
2 1154
56 20
54 13
18 129
17 3660
47 168
25 25
76 186
53 14
27 261
13 46
16 102
9 150
94 1139
18 55
82 8
62 48
70 1278
80 83
47 215
49 538
19 9
108 1129
20 140
65 424
69 893
42 291
30 400
96 43
99 199
15 164
56 23
47 398
13 268
11 447
71 47
79 140
3 4372
20 307
81 43
73 454
42 362
50 646
6 1204
100 156
102 32
31 1206
9 728
53 10
106 125
25 12
79 10
17 1773
10 442
75 134
19 41
58 21
31 1154
37 436
63 1321
100 220
45 30
44 587
72 90
42 246
27 311
13 1058
91 253
42 204
7 934
8 981
99 98
75 236
69 772
67 578
2 2113
112 1344
57 9
102 110
12 190
111 3978
71 20
105 16
64 638
83 32
75 150
99 70
55 94
99 223
19 140
102 72
31 183
95 2630
33 154
16 13
26 1
48 118
2 3272
33 81
110 798
88 204
71 78
76 74
98 279
75 161
8 458
114 598
77 2
2 1402
104 7
8 271
6 759
105 7
53 5
38 393
102 14
93 113
42 162
15 79
59 232
54 7
64 490
5 1370
74 1016
85 234
86 325
19 119
112 1680
38 121
81 43
96 174
99 108
65 74
19 33
5 720
102 90
11 141
93 586
89 830
20 390
12 78
23 4
80 140
94 2822
53 18
40 28
44 881
104 28
13 28
59 239
59 241
60 4
78 130
27 76
84 10
50 779
39 2577
46 40
17 1348
35 199
77 164
11 434
23 45
65 268
6 1939
101 3914
7 1191
95 806
19 50
19 64
15 271
99 81
14 1202
112 446
73 266
101 2840
19 124
3 1790
5 1398
43 532
54 4
27 253
69 889
6 814
34 1283
91 991
10 170
109 331
76 132
76 199
26 4
28 44
96 54
102 32
98 213
16 194
64 257
71 43
14 1327
65 494
11 165
70 1022
94 1758
41 6
39 925
22 49
89 143
59 657
99 160
96 9
92 436
5 2177
47 123
94 371
16 193
21 79
113 1222
25 23
14 206
97 104
84 38
98 101
91 667
110 1975
22 79
55 130
40 22
87 1046
90 87
84 20
10 197
114 3089
107 370
83 7
62 943
39 96
68 52
103 4
62 327
79 30
19 35
5 1651
59 946
79 86
7 1134
10 99
27 139
75 127
21 102
94 2665
110 2555
110 3153
49 505
78 58
94 845
50 854
41 3
66 78
70 1219
56 54
97 145
89 181
113 3270
102 11
93 381
14 1110
39 3466
20 294
86 373
41 74
50 1108
103 100
84 34
66 335
53 8
8 128
19 56
12 942
33 157
88 672
50 273
104 32
38 124
56 20
62 440
67 557
7 1944
31 116
75 152
54 3
63 1539
63 1148
70 1189
21 133
99 128
47 62
20 619
66 329
86 336
107 587
83 45
51 557
113 4451
29 163
15 195
56 59
67 48
82 12
107 736
50 27
34 145
81 26
15 189
17 788
91 793
67 516
85 62
114 2280
100 125
25 17
25 3
42 197
68 453
54 1
108 679
86 316
3 859
3 3026
18 37
50 159
91 40
10 332
61 15
42 147
57 1
83 4
69 233
26 19
41 15
66 331
89 684
49 420
110 652
23 66
46 6
69 206
84 39
87 89
22 47
50 848
48 368
63 1050
108 85
20 538
64 559
42 577
19 132
73 644
47 470
71 26
19 8
92 244
27 196
22 99
107 926
32 31
27 324
71 65
101 3339
39 155
42 535
39 1361
45 32
58 14
60 10
8 771
70 1128
103 39
88 939
65 236
6 33
65 228
81 3
49 602
37 1105
45 36
110 2072
29 94
85 19
111 4251
82 15
76 32
99 22
100 101
76 136
38 918
100 120
36 1592
4 324
63 1239
86 91
25 2
66 204
108 746
19 80
65 347
66 332
83 5
11 283
30 288
19 5
78 28
91 369
26 7
94 1783
67 40
12 703
6 1230
49 157
99 26
89 240
29 80
101 1548
30 10
110 2604
109 1250
71 36
113 2112
75 130
30 301
32 38
51 605
46 25
64 459
55 184
27 319
78 202
42 155
55 165
28 298
45 44
28 64
15 19
54 3
101 2271
114 1
93 601
41 48
82 42
42 284
40 72
91 355
26 4
9 58
11 388
14 885
21 30
10 496
76 232
64 548
6 1774
71 35
98 56
106 63
114 1875
101 902
76 120
104 27
77 128
70 1986
3 3818
2 3765
10 519
28 94
33 95
57 11
56 21
105 40
58 19
112 60
64 701
60 7
15 224
6 2110
82 13
45 38
47 169
54 14
73 479
100 181
12 203
110 1674
91 644
18 2
21 73
20 450
106 222
81 39
67 449
46 5
45 22
79 13
23 5
60 8
9 909
102 44
59 648
43 488
44 181
9 714
76 246
92 502
28 234
91 290
25 28
33 149
88 1260
75 22
91 985
5 277
43 467
8 255
70 2243
100 21
40 71
9 449
7 236
62 1719
8 275
67 690
94 1145
36 964
108 17
53 6
55 141
48 52
113 2390
29 111
45 41
62 1028
90 196
73 640
2 3761
107 481
99 17
91 315
2 2810
76 229
25 9
63 13
24 59
35 2065
17 2795
79 80
52 336
35 1388
75 14
60 9
92 56
13 1107
12 236
38 116
76 10
79 6
111 922
3 2345
26 7
95 1899
87 67
98 368
54 2
53 5
12 64
30 313
77 91
26 1
43 386
16 184
112 718
28 117
11 356
29 159
74 393
26 8
34 1604
32 25
20 9
74 1146
4 1767
31 242
69 229
17 287
61 4
62 295
4 1394
19 137
14 89
66 295
67 85
83 47
73 158
101 1608
66 600
26 19
102 26
24 53
36 937
105 7
64 87
35 2150
76 34
28 218
75 249
20 259
78 196
33 122
104 7
35 1589
79 58
77 145
108 1121
83 27
22 53
63 289
55 74
3 4324
24 41
67 827
25 29
100 6
2 2496
83 72
59 305
96 39
30 38
87 2780
110 194
46 32
94 1023
91 828
2 4431
9 200
103 38
75 238
102 89
19 77
31 169
77 272
39 845
88 214
38 597
58 25
18 24
23 65
23 39
47 128
75 74
76 148
101 3036
33 88
41 17
90 148
86 165
76 199
81 17
50 424
110 2904
68 612
67 249
28 154
9 267
33 34
23 32
72 45
2 2045
4 1505
28 178
112 1037
22 137
45 37
16 156
12 889
31 1201
43 423
35 308
63 1261
65 399
25 4
64 84
73 6
43 524
33 103
77 207
42 574
12 606
67 712
87 926
84 41
111 3291
38 742
4 1010
98 257
93 775
86 35
84 18
73 212
74 785
73 123
63 559
70 802
41 77
67 165
66 602
16 33
35 155
9 118
38 1131
5 984
57 18
2 3405
71 36
100 127
58 29
92 249
35 997
77 112
59 632
42 254
17 3213
20 451
88 1108
107 981
29 37
11 177
3 1475
60 5
94 2634
98 450
56 5
2 4257
76 248
75 59
73 528
16 242
24 28
41 7
90 272
96 194
89 15
46 19
33 66
27 203
40 82
85 73
77 156
84 30
13 352
99 204
93 61
100 147
110 3915
99 132
31 791
56 14
