4525
4097
1525
4006
1420
917
1497
1126
4245
3417
205
2949
685
3021
3513
2452
29
3848
2307
1709
2089
4212
3185
3084
1379
3097
3886
2711
1989
2513
4377
3429
4464
318
4454
1741
1310
461
1165
1831
744
3028
4492
3745
2862
3549
435
949
2925
275
3250
2613
2109
3853
3483
738
3807
1680
2348
2905
330
411
3527
1338
4469
1
906
3938
2207
350
2973
2886
779
2867
65
224
1256
3472
1721
1349
304
299
1029
2414
1845
821
2421
2799
2310
3747
1069
1336
3209
2260
3517
216
2302
2337
3837
1157
3197
1764
2714
2329
2380
2394
3439
1205
4069
3197
3615
1837
428
3629
4368
43
4513
374
3061
3717
2112
109
4159
3456
714
1431
2251
561
3730
2370
2293
1541
4224
4407
3558
3553
1933
902
3546
1814
569
4025
4496
1972
4408
615
1643
821
3729
320
1956
1261
589
979
2865
3333
1137
2986
3038
1619
269
608
4290
3549
4153
1461
2883
3111
3878
67
1413
1181
1601
3365
1296
2914
373
2861
2303
1306
2317
1305
549
3273
365
3317
1912
2677
337
2942
61
3925
1061
4458
35
3318
3359
3213
3197
2333
3398
3066
3437
343
2267
481
460
1146
3912
1718
3487
936
1581
1133
3860
343
627
1613
3267
2181
2243
2567
560
361
205
2474
115
29
751
2341
813
1671
2973
2253
2505
1641
2029
4069
1277
389
3540
1317
845
907
3514
214
1084
772
3512
4227
2089
274
21
1668
365
3789
1372
3737
2899
889
925
2101
3556
3397
3053
3716
1333
3073
2311
140
4025
1642
3385
2035
1378
1848
3653
3181
1669
458
1313
53
3856
2108
3286
3111
3140
2703
501
2053
4106
382
1997
1021
268
3276
3393
3315
349
1525
241
37
1175
945
3823
847
605
3309
3935
2181
2329
3720
395
3745
3868
3533
2952
876
2909
3726
3197
757
1933
3705
7
4498
243
2909
2798
2289
2936
1211
585
1892
2960
3734
2217
3080
2878
3646
1584
1961
3693
3885
772
2760
2351
2123
2451
376
1109
2333
1629
877
2825
3355
1074
3445
1336
227
2926
2997
621
2910
3255
1750
1425
841
1933
546
4309
2692
1871
1164
3211
898
445
2221
1589
3145
2518
4280
337
3317
2661
597
4233
133
3413
4095
4462
4076
3114
1944
3893
1701
3813
2057
1412
2417
1513
2654
2521
437
1685
2445
2748
1867
2893
1005
3640
2793
2894
165
1990
2885
1045
2470
4133
4
4385
285
3712
2461
30
2792
1661
563
2573
1629
3945
3117
129
1613
3861
2876
2789
1790
504
2801
1445
4113
2930
4488
845
2129
2509
1589
3379
3353
1933
977
3880
18
1620
3049
2485
1749
3223
3441
897
3077
1714
2309
4446
2852
3485
288
1309
7
352
968
3097
446
3577
2000
2618
3903
1922
3357
1725
1909
345
3373
3296
2479
1458
2355
1165
3116
569
3685
1665
332
3445
1507
4317
3874
1752
3149
786
1675
1773
3267
2573
524
4196
643
2903
207
1249
3325
2371
2591
3157
2475
828
362
2869
4493
1405
1901
911
4248
1215
4061
1316
2897
2922
3993
2325
2497
3034
3908
140
1213
2341
3013
2837
384
4038
416
4015
2262
2928
1703
229
3101
4414
137
613
1556
122
4133
4192
2325
3469
1069
3765
2582
4037
448
3049
4033
3249
1386
461
3475
3636
808
613
2293
522
609
3682
3833
4368
3449
36
1713
577
1122
3308
2557
2773
2645
2992
1897
1906
2377
2070
3158
1929
285
1444
391
997
4493
3737
1149
3213
2105
4442
4322
1951
3522
1441
3616
2549
2721
2297
1467
3475
3109
2682
669
248
3734
2317
497
1100
4306
4045
2518
1677
1743
1438
3673
757
185
3325
446
4263
2138
879
4221
2466
1300
3928
1627
2468
2909
827
2340
3344
3365
3389
4163
2127
2181
4394
4313
3174
2753
913
3021
1289
172
964
3552
3645
53
2705
817
3598
457
1425
1285
3464
1582
3522
2417
1309
989
4154
3695
3038
3662
4194
3395
110
4344
1405
2041
4117
3264
1332
709
4060
773
1693
2679
1325
2717
2840
366
1861
765
1800
3445
2289
741
1669
3123
2485
2352
1160
2267
1320
3806
2931
2883
3315
374
817
2781
2926
4221
768
1185
2624
343
4110
2282
2315
1555
798
2141
4069
3653
4277
264
2497
1557
3021
2250
398
2947
3754
3088
4372
1353
2334
825
1693
1910
3048
3197
2346
441
589
1245
3066
2669
3144
3653
1765
1301
1324
4342
3471
3447
3576
1244
558
602
1317
2581
4219
1837
92
3164
4117
3965
1563
3182
3708
376
2079
2266
11
3737
3868
1585
3283
874
2413
191
3685
1603
206
3861
891
3849
2180
343
1237
4079
3675
2740
1933
789
3501
1394
4117
1386
2773
4349
3565
2817
3348
3498
1005
2400
1256
3557
1460
462
3157
3455
2002
2735
2570
749
3648
26
1232
2547
16
2111
1027
1114
240
2480
3701
29
2338
1415
2493
3272
1281
1795
3921
741
4277
4196
715
543
1273
3497
1459
2794
2733
173
1359
4351
4348
3069
4061
3149
1766
39
2957
1488
3629
2533
4236
3302
1749
2262
3562
3484
3992
4085
2812
594
3886
3891
1069
733
2846
1037
1518
773
782
1289
1365
3869
1341
569
3301
860
3150
1381
2065
4209
676
4493
1353
2397
3248
2665
3871
317
4221
4524
3501
4324
3102
2441
4522
2642
3063
4521
802
947
192
2669
2927
2949
3149
4103
4073
3593
522
4413
2494
473
741
2836
4148
565
2519
1046
2627
2525
459
4269
2010
3613
2129
2381
3253
845
1017
1981
2196
1316
3915
703
4409
1070
409
549
4221
2379
1698
4421
1949
1540
533
2829
805
2741
2884
442
1582
1157
1581
3013
3888
2889
4187
780
3809
1483
2549
2924
1237
4141
2213
4120
2325
1795
938
504
2474
320
1306
736
2039
2538
2605
2237
4335
2574
296
3630
1833
818
