686 7 1000
S 8 9 10
M 4 5 6
S 6 7 8
M 9 7 11
S 1 2 3
S 3 4 5
M 10 2 12
11 53
5 38
11 86
3 105
5 56
12 377
4 83
3 31
5 114
5 3
12 360
2 68
12 50
5 6
7 14
12 123
7 95
2 129
3 260
2 128
8 63
10 40
8 66
5 117
7 103
6 299
7 58
12 287
11 202
5 92
2 119
7 168
5 32
7 11
2 60
4 127
7 90
10 65
3 290
9 25
5 14
6 250
11 74
2 203
3 15
2 304
5 160
6 207
7 156
3 7
9 49
2 274
3 29
2 114
3 59
8 39
12 191
2 200
5 167
9 61
10 44
8 92
4 167
11 103
10 36
8 145
2 78
11 246
2 209
10 38
8 13
3 234
7 106
11 130
7 106
2 262
5 74
5 52
7 150
2 153
11 219
10 82
5 7
11 100
12 407
9 68
11 124
5 159
5 6
2 164
11 66
7 5
10 49
5 153
11 236
2 140
3 231
8 50
4 65
6 244
5 100
6 223
3 28
9 83
2 10
12 218
6 284
5 48
2 185
8 73
11 5
2 207
3 185
12 261
6 152
4 37
4 128
2 179
6 47
6 269
4 70
4 6
5 150
8 130
8 131
12 132
8 161
9 39
8 81
12 315
10 23
10 9
8 58
8 168
7 136
3 81
3 220
8 35
3 70
6 131
9 18
11 105
5 56
12 396
9 84
11 219
4 30
6 255
11 136
7 29
2 341
3 14
12 304
10 79
8 10
8 149
7 140
7 164
3 303
5 103
7 69
3 55
4 29
9 79
4 92
5 162
10 65
9 9
2 121
2 71
11 141
9 1
2 311
6 221
5 163
8 114
2 72
7 87
4 83
5 144
12 130
12 119
9 53
6 29
2 105
6 264
2 144
2 330
6 78
11 127
7 35
9 65
11 33
5 25
5 8
5 66
2 320
12 352
8 122
3 93
12 387
5 4
11 188
6 242
5 105
9 7
4 33
10 47
6 19
12 286
6 172
6 29
12 286
7 62
6 269
3 5
7 83
11 243
8 16
10 17
3 47
8 109
10 9
10 61
5 59
12 173
9 56
7 25
4 168
10 83
10 4
7 6
6 195
11 77
5 91
10 4
5 159
10 27
6 194
4 67
11 231
12 92
7 48
3 275
10 34
7 163
2 249
3 71
5 78
10 56
3 7
5 97
8 83
5 38
6 315
7 89
5 17
5 141
8 137
10 14
4 80
7 51
2 108
11 189
12 254
3 35
2 112
2 96
12 33
10 3
2 148
3 190
6 52
11 191
12 348
7 105
12 47
8 159
10 30
10 49
12 296
3 90
11 197
4 112
4 119
9 21
2 53
6 124
11 235
12 183
10 52
9 32
5 81
2 181
8 163
10 57
3 234
10 55
5 145
9 48
8 161
5 166
11 94
10 8
4 56
2 73
7 88
2 230
5 25
2 40
8 121
5 88
6 78
10 15
11 199
9 56
3 50
8 20
7 153
7 155
7 97
3 28
5 20
6 208
2 180
5 126
8 95
2 13
3 228
6 83
6 223
11 2
5 158
2 110
2 334
2 89
10 49
10 39
5 38
6 223
12 363
12 30
7 129
6 266
8 59
3 130
2 195
6 254
5 130
11 14
12 1
9 3
5 166
6 81
7 106
8 34
8 60
4 19
10 25
10 8
11 249
10 53
4 98
11 107
3 163
2 244
9 38
6 248
7 165
9 1
9 44
3 117
9 15
11 61
8 91
10 59
5 160
7 18
8 96
6 171
10 3
12 296
12 214
7 3
8 87
5 46
4 39
11 199
9 45
2 289
9 31
3 325
2 269
8 21
8 139
10 30
11 11
8 113
9 68
6 176
8 89
6 233
5 84
4 101
2 332
8 15
2 189
5 120
3 247
5 47
10 13
3 137
3 34
4 40
12 18
8 45
2 95
12 4
10 28
8 70
12 327
7 152
11 150
8 38
6 118
12 359
9 69
9 28
6 21
6 199
10 16
6 126
3 211
2 189
9 74
9 67
5 21
7 59
3 194
6 270
3 233
7 113
5 171
10 15
12 333
7 32
6 207
2 91
12 131
10 74
9 2
7 117
12 304
6 301
4 72
5 71
7 97
8 42
5 16
2 22
9 74
3 268
10 45
6 74
5 167
8 15
9 62
9 42
3 39
6 201
6 194
3 58
6 39
9 41
6 233
3 225
3 146
6 285
8 122
9 64
9 36
12 405
8 160
11 108
6 50
10 46
9 66
3 65
3 58
11 74
6 196
3 258
4 13
8 99
8 166
10 10
4 5
3 73
11 32
5 76
7 99
9 59
12 182
6 257
11 240
3 50
7 113
10 23
2 332
9 6
3 194
9 26
10 12
8 159
9 69
9 57
2 319
9 71
8 135
11 220
9 77
11 78
7 127
10 21
2 4
2 256
5 162
4 38
10 46
4 59
5 144
12 98
10 18
8 110
9 61
9 73
5 25
2 195
8 146
9 58
8 57
7 12
6 241
10 16
9 37
9 52
10 20
5 56
12 167
12 335
8 151
2 24
11 189
6 285
10 4
9 35
6 187
9 15
9 78
9 58
7 111
12 145
5 59
12 154
7 97
10 42
5 84
11 194
11 121
12 266
6 58
8 44
2 124
8 114
7 78
3 86
12 220
6 16
2 40
11 15
8 20
11 6
3 16
2 232
9 23
8 72
8 155
5 147
3 110
11 62
12 138
3 89
12 352
2 132
5 101
9 76
8 116
2 305
2 262
10 13
6 225
8 74
11 120
11 45
7 38
4 27
5 38
12 353
6 179
7 89
2 56
3 260
10 19
4 19
4 85
7 162
6 324
8 59
2 326
8 114
8 62
10 17
5 47
12 78
12 380
9 85
2 176
11 1
12 295
5 132
6 83
5 12
6 250
10 54
7 84
6 259
7 11
11 196
9 5
4 1
10 35
8 106
10 23
4 172
8 26
11 24
9 77
5 2
9 62
8 10
10 1
9 58
6 294
7 84
11 196
9 73
8 150
2 292
3 203
3 163
8 115
3 231
6 142
5 142
5 158
7 48
2 267
9 5
3 253
12 69
6 343
3 314
5 95
10 75
7 36
11 61
8 170
7 108
12 157
12 263
5 8
6 120
12 395
7 139
4 131
11 212
2 293
7 76
8 143
11 250
12 209
2 321
10 24
8 167
5 33
10 78
9 44
2 228
7 82
9 86
7 21
7 140
3 157
6 242
5 97
10 14
9 27
8 24
7 163
7 148
12 40
7 4
8 157
12 404
12 374
6 302
6 117
4 140
12 410
3 339
11 223
6 186
3 299
11 87
10 61
12 428
10 75
4 13
12 275
11 155
3 89
10 63
2 334
8 93
5 158
8 16
8 11
3 184
4 28
12 137
7 1
6 39
4 84
7 94
11 258
10 46
8 4
4 36
7 89
12 70
3 52
4 56
6 182
4 130
9 54
8 27
3 170
12 344
10 42
5 99
11 219
6 182
2 168
4 85
5 5
6 37
6 208
8 112
3 301
11 81
7 87
10 52
9 84
2 237
3 202
4 146
3 241
12 78
2 138
5 97
7 171
2 312
6 308
2 245
4 111
10 39
3 329
4 139
10 70
8 31
8 103
12 137
9 39
3 219
3 132
2 204
3 47
7 133
7 117
3 135
7 110
9 86
9 48
5 144
11 142
2 259
10 48
3 137
8 100
5 61
4 172
8 66
8 170
2 109
11 117
5 69
6 117
9 63
9 39
12 142
8 74
7 141
7 40
4 8
7 122
8 82
8 69
9 65
7 3
8 106
4 125
2 310
3 253
12 34
4 131
8 129
5 74
2 100
9 19
6 43
4 82
7 39
5 35
2 212
3 245
3 203
9 5
12 45
2 69
8 167
7 121
10 43
10 44
4 31
7 65
10 62
4 171
10 43
5 58
2 104
4 52
7 132
12 187
4 123
12 107
6 212
11 37
12 357
11 193
7 82
12 313
12 253
7 38
6 335
3 242
7 136
12 85
10 1
2 127
6 266
4 161
4 6
11 253
10 26
2 163
7 137
10 43
6 39
6 256
2 82
12 391
7 110
2 328
9 46
3 191
2 18
4 15
2 163
3 44
2 253
5 44
11 95
3 154
9 68
7 82
5 85
4 126
5 105
8 91
10 13
3 13
8 72
11 76
5 160
7 148
5 133
2 280
7 3
4 108
5 157
8 100
12 106
4 158
6 310
5 111
9 51
9 39
8 164
10 20
4 95
10 21
9 7
4 59
7 23
6 234
10 24
3 46
4 162
6 267
11 169
6 86
2 235
6 324
5 81
3 328
9 23
10 26
5 30
4 169
5 79
3 258
5 110
7 79
9 16
3 101
4 92
11 37
10 30
6 148
6 37
8 45
12 189
7 30
4 54
3 4
2 248
7 156
10 39
6 285
7 160
7 168
4 32
2 307
12 322
2 287
6 148
9 85
2 126
6 235
2 164
9 51
2 244
5 45
7 65
11 128
5 102
7 135
4 5
7 23
6 295
7 147
3 181
4 82
6 211
10 66
12 323
11 84
9 76
4 124
11 23
