373564651
135588323
235943754
310533534
357785906
269064756
846167599
701246756
372231499
246040914
128072793
305568608
131705549
141589287
379549707
264932775
106219309
675198886
11065755
143823582
201985355
560673344
890446547
435573742
295516854
942017776
426261404
471127122
628046718
577131205
919688486
614240347
746117091
325076579
950372012
610027745
284131594
774430472
850192340
800856204
684918873
230469568
647898227
697443197
611344332
291287653
347373290
743421693
561745603
589006032
778752744
458201944
1833148
532189526
497665860
120424135
706463891
165664948
756828441
71592127
946864174
357631295
189321020
588713491
527801677
372914874
364623462
524009474
580026438
275828714
26262680
537897975
198570086
477644171
157867729
293587465
519197890
837474133
135822092
937426350
930666112
710701157
675018997
267370517
962021934
942817773
662668481
385404577
8795769
211638233
89835706
42609128
822800702
840738650
561330384
959657933
386136887
185842037
907484979
53971550
402352199
806207985
591156775
758601549
303644859
39183414
920586419
634008955
248760973
905154501
318390936
919711277
941187228
814350138
108425893
892866265
247080661
16562173
710652608
776965962
370953969
674515221
5473598
161872257
687259136
885526961
913504523
452804976
902901566
748584870
384586027
743628048
607188703
541250258
908988781
601574963
107737422
429827565
116357796
202877239
941662178
193227481
861248571
407849509
774028484
703278174
783732141
412152055
693756809
142279624
268603046
945910878
791549293
703963939
37599417
570667791
144998906
976425847
803098530
445596546
419350877
32697057
127027526
658766925
86484958
253128458
984271188
592822224
336138896
414679592
562956359
868302417
511295850
89299180
109112733
194988186
689138295
982770288
59573260
296103762
200780369
902379328
945162431
897456655
544143762
71090001
81448776
12798817
564226500
988937056
31402403
540267664
209534552
706012243
445669767
898323090
524394315
105519658
322055889
533903329
927124042
676449580
41757523
876536761
408155245
541607202
910729405
282208472
147138189
957291465
287574442
859976272
768935525
179728141
107059488
89853742
520660222
826934013
88661550
947316994
894837204
431586596
718136781
967938912
111984558
13550740
429518233
711486058
253888892
518079485
330793954
617611504
439857422
750040481
617570098
484306894
557264856
547009068
391103953
683530258
861105338
346764830
85166981
426757410
233696911
736220572
183015821
281317897
746600622
150392325
897703173
460656753
482296318
767839141
982078443
569510139
490052378
871963331
127699821
773888141
474453877
963840363
47720474
13540813
553079818
355124357
492466591
59639682
468164678
538065995
563681592
902636375
868639254
445592558
175306085
499481222
786965365
406860502
922670003
560323770
850079181
957700334
362287411
572442483
207834209
641708592
935423401
813193842
695590767
406185921
383299819
548016788
806943471
798489177
442407110
522447373
434784082
861877687
509920365
98111915
631068369
900955541
516412172
496517635
886212959
976242612
385867638
520756238
410972152
137683853
847454126
652138361
552623625
758467486
850748848
724922162
713356568
893900605
464411053
572932307
188908817
696388475
215620354
478715573
639805238
203408012
45544304
141028132
440565205
637188797
858397663
884916153
288332515
172338100
939813235
336986341
539554015
914705597
4547433
480310425
350003433
123917610
360215834
790452220
350402908
810578995
660543900
709547217
993139353
255753714
274969612
21124320
63273477
824957104
171699581
724663154
207444308
136330847
962682618
861656180
84983939
684469744
161773645
989663844
122338086
197639753
499426579
57800424
698076807
289602778
385221478
53747429
348706765
920108576
558959346
780212056
202258320
87923656
550274662
476164690
751655975
300397894
686702917
73755412
59277985
284783180
984228075
683006566
488342594
586801232
694330828
792549388
528334316
324318939
67643883
406726875
539197811
582461756
773343697
425199955
314184096
781122161
443031625
163979893
87830135
863518841
840121825
546234988
949204107
486321269
518657343
244348643
914515917
807625353
775893441
259963576
206180823
901352595
582321269
194422059
687258310
373732873
67055814
597161431
145295305
67227075
94592264
108482519
112507713
667575561
701580814
278269837
358260407
696772896
674047936
203193276
746873447
516065016
213364805
750949875
731052697
248050850
928089502
66641960
694345697
772065094
226239229
53934922
590821244
396342924
64730856
504209379
633460347
588236770
535512688
573354079
156937211
982186687
220519226
760610047
139997195
529035867
257543956
126463064
130924883
998481635
788431221
834035885
562879674
347868514
39892898
491177527
168988527
215441421
334494811
37734251
16712379
870572226
509018984
573502059
313628212
573827995
385087652
616920897
555343228
501368472
732294969
724396863
412708
920881874
381287501
578666749
104859082
745921678
589004917
409645181
607704112
252166165
375835065
650314005
214035373
420248543
568427570
117356364
197988465
607373939
960113438
700382383
807494380
987724374
412270753
483337499
108192994
897486681
138526608
289163487
65677917
219271635
109534625
356923893
277661176
218404904
663394110
261996438
636473669
452772433
306873560
517614614
883397969
88985773
495960944
596500768
370783843
184494161
29166035
167889470
453062356
113334737
61888292
995503297
711653699
392083961
44818941
873215332
213658563
774407333
99884238
999178969
440494429
897018344
33408941
271304807
166443860
981861378
373365300
30113180
567585602
269369441
567157716
941741222
974806189
916096943
43267446
851387433
528045295
250876656
480180020
38395963
510192039
19037181
483236732
57266410
731348625
426949582
442625778
413315490
756600868
430150085
283588243
589982629
770668231
898407925
498502917
289152971
980887802
895292555
95413677
505402793
530519917
378436088
705200290
244547922
957809623
20432087
185630025
41106494
287543256
253001540
508580429
600508607
466225731
933066394
523363492
789669664
567994702
535240367
18473010
471023941
477732659
540461525
186874938
389507181
857031612
75455557
506922531
815500737
123377544
207711750
576474947
379924480
498737126
982912041
450436902
646321268
385162516
41773192
995792655
900442275
938523221
282284623
408986146
64720620
914517333
103785668
167830884
71576788
982559958
803455286
165775871
101135825
821340604
761833517
205277980
748023537
573050479
766255726
619313678
788385354
879561892
21021004
401740775
457816216
689510866
26763873
815509035
664644402
443121805
668131517
14667973
47274310
844299808
822932951
599426771
162830792
812749348
61599941
271568019
132273562
554626681
529823801
509894846
315948165
950984208
830648387
475434665
9724099
424535070
552593883
681507891
567123894
203210120
325256568
680549254
493415880
822889225
80061242
71607410
36413372
421319541
528668025
150930721
140722848
71806446
925686744
834015941
462938075
17973701
156259243
969839614
367981063
65559720
481989345
415698425
118299373
371460237
608890835
489000299
66991891
408592775
493036681
504860330
896088727
288272825
976389977
722631281
262967249
497694129
792791936
253299962
64646723
885913110
937106588
101955590
164153146
712386585
646945593
271044772
853645447
250694293
611655880
103358429
491885044
383036849
998981021
975750487
424762039
475860371
639730594
445267639
354167469
909384816
125984591
371256979
278035329
52879692
149911092
44492369
503505681
842630762
371464594
72526964
187669493
955433650
615930018
643328004
283532146
552162058
749943874
747459091
954346915
745872084
670052593
611675527
105418717
984041823
149947492
990913089
686122681
999919207
164253209
716965851
332073115
152447568
605513399
21310538
172089357
222857081
949772043
335667977
424331866
837533575
390819957
206615139
131875134
246511221
850309345
655354967
518095193
858180126
413334997
886283059
469395860
648064617
926910824
455038199
966086282
780534893
796336063
197205061
788385287
369713254
762061653
447476339
477467409
870862932
518008551
363696934
775846813
914654157
697821954
957327177
262545849
928632708
605588783
375527482
458360451
100671402
945163347
670943918
374643278
362598045
673536191
798983659
189889601
982575049
901408962
408943268
347481133
29841243
798906214
555995576
780919408
897243676
335562042
554071831
740799666
10992283
126892898
546551309
242007458
608872851
430646366
231327701
167305700
5176002
684674396
662775741
939743529
801853387
929592805
576450181
144883991
15000751
13743121
770677955
712404982
111119115
698958878
698458890
954795507
417401870
356996522
829774188
545113996
895825850
602838565
892712165
8883589
943297074
12164637
648665939
441300397
408467277
175718654
612651178
997427835
756230220
239496261
584109673
714615623
723896363
764245229
637866731
940682649
628735820
34112690
982051076
78308614
928783519
997955964
738406499
280711057
878614721
865352921
450853923
609420840
547156959
587710280
172251554
179004213
596602999
198902305
527062695
328961637
251394020
955529000
474037261
362985302
127731185
438918949
402559021
469850439
714905182
148368027
761593125
621114139
316536155
147844355
123101626
43899275
303515263
139507723
19374747
460102917
413264639
796221630
128503126
977079329
69624958
369564651
781605171
834701500
634840627
134915540
596605608
762678204
84950927
827257777
638561093
662765442
556886041
535994324
810337753
576704015
605574041
215026846
504686121
114305670
71351087
705292516
201529026
19135978
858747829
596056292
145879982
535045539
299748784
18558762
411670437
468936830
978094018
211775832
262541181
632473819
417584517
53536100
112198862
523047162
859738720
233097683
609100885
661283013
969565347
138700930
118803573
934528825
279969861
559153674
526820646
664675133
852443943
320590830
687173586
730400155
909937139
717713637
125894127
933384883
788263832
404809003
62889791
478679507
419232769
313676065
444978652
585215487
958803673
122798442
82757030
553215854
