100 100
365 555 860 485 544 213 501 267 715 120 175 86 740 213 481 240 201 850 108 851 136 240 79 773 818 987 856 81 994 367 6 854 459 59 435 406 831 413 271 613 268 682 440 668 808 264 974 809 966 106 986 445 313 415 343 457 269 703 857 734 181 387 817 768 854 768 882 886 443 8 534 808 962 493 146 653 555 226 81 201 649 344 987 31 673 610 118 280 80 214 613 208 913 449 732 402 491 445 390 240
976 721 526 289 842 989 889 950 785 41 565 402 800 769 27 942 645 319 431 519 38 869 408 429 721 445 667 232 692 207 346 977 452 662 738 258 817 911 546 499 661 415 607 978 573 673 253 798 928 904 63 960 885 55 111 751 162 451 138 79 575 185 938 892 80 665 487 897 505 878 800 983 108 409 659 492 614 770 204 59 831 971 570 425 704 568 989 483 207 806 708 529 150 239 683 895 682 40 777 48
407 367 719 663 665 644 773 804 597 994 407 568 942 594 572 309 915 477 135 956 741 324 470 572 471 574 296 252 478 437 356 213 936 797 820 911 9 322 208 839 504 437 439 321 72 226 257 952 802 65 992 47 896 576 68 299 484 289 309 863 767 717 419 667 710 669 994 939 95 288 570 575 145 270 90 580 665 95 572 86 329 681 772 672 475 365 162 946 43 597 327 901 506 460 507 239 719 49 517 102
24 730 109 162 590 761 227 723 998 405 394 627 860 368 583 194 938 40 323 821 383 565 264 994 898 542 289 99 93 280 217 748 247 676 205 491 322 859 214 931 379 88 679 100 279 347 261 514 290 766 724 160 995 285 638 906 348 879 350 972 46 915 723 11 241 545 184 413 704 631 232 607 547 356 999 851 126 572 139 308 175 857 849 520 29 106 244 168 76 587 473 119 420 128 38 589 241 679 489 199
294 273 308 444 723 101 5 734 797 554 180 355 764 670 574 208 264 695 775 617 388 197 500 103 517 979 678 494 740 32 139 850 231 214 438 710 798 559 871 464 504 950 813 908 726 793 103 436 783 929 418 713 323 291 156 264 364 159 432 436 214 34 827 851 999 250 827 696 936 301 583 613 76 262 704 315 520 958 103 568 224 739 673 283 531 943 405 382 668 776 199 496 258 535 956 775 913 15 213 871
911 605 529 873 107 470 491 219 15 89 739 496 310 305 928 996 408 591 51 5 275 963 751 361 844 52 548 777 163 788 322 951 308 497 163 9 178 1 786 17 654 181 327 408 557 392 900 87 487 189 290 602 596 3 700 57 393 398 973 436 40 434 990 139 902 478 7 615 605 707 375 353 482 320 239 868 433 788 592 393 940 774 797 80 435 916 667 5 965 767 316 359 724 287 875 8 407 864 467 681
608 817 536 758 14 116 782 217 686 647 824 526 810 335 713 554 307 931 135 361 915 516 861 595 611 55 447 66 403 915 312 954 16 190 168 629 727 991 738 410 552 255 873 353 966 602 274 950 394 931 564 776 375 577 36 941 729 116 493 316 239 475 45 54 439 902 467 697 688 227 109 587 411 840 326 272 115 803 283 607 931 793 542 863 734 377 468 650 754 917 370 43 150 508 749 153 227 190 534 416
454 870 180 784 859 413 107 132 429 576 530 258 346 824 842 554 164 754 683 124 226 923 17 346 309 738 763 231 998 666 460 444 165 42 602 261 228 538 956 76 586 356 745 361 779 373 867 628 684 551 387 625 661 36 710 607 440 833 500 69 197 188 113 921 792 404 269 791 282 716 598 442 355 947 861 810 346 75 894 898 811 323 32 196 695 28 637 884 66 156 836 406 933 122 234 660 699 88 735 448
785 990 252 459 967 256 514 695 787 566 925 927 668 436 560 825 884 261 562 709 623 489 127 837 128 840 745 729 355 530 557 14 581 692 370 306 479 41 323 854 858 835 822 688 572 148 837 661 760 910 90 815 612 946 80 936 372 905 676 996 596 205 290 340 26 835 236 196 354 760 294 194 107 501 396 993 319 392 972 402 503 96 408 198 445 293 324 995 371 265 423 896 745 23 164 918 468 399 791 885
258 202 581 488 450 216 948 510 759 116 153 678 742 425 593 62 797 268 887 400 403 773 900 106 47 843 893 656 768 26 206 664 251 812 732 722 667 161 433 202 971 500 896 371 727 549 912 210 417 900 541 988 775 248 577 13 489 724 634 22 176 211 742 858 970 952 889 917 162 956 111 58 61 572 101 583 359 470 449 79 452 425 242 676 522 743 41 406 291 952 23 637 425 123 1 615 186 299 863 22
587 796 306 649 737 624 643 61 459 779 392 528 570 767 673 67 530 237 857 593 603 657 648 879 640 752 173 666 256 985 529 288 379 341 239 756 884 972 127 450 237 669 977 610 489 106 167 932 882 182 844 273 634 812 424 354 415 629 669 48 704 277 340 767 564 307 544 103 66 52 637 712 906 10 689 393 770 654 800 429 582 479 54 196 823 301 588 313 411 215 694 477 397 29 908 711 371 755 884 286
502 675 480 725 543 622 947 185 724 870 327 890 209 59 283 267 724 640 944 288 1 817 562 756 100 756 652 388 220 841 516 516 692 863 46 339 30 116 868 93 881 408 298 533 649 847 295 637 581 665 784 980 315 168 359 602 968 501 873 323 404 616 206 21 329 594 649 672 725 952 214 170 853 918 243 868 641 918 271 860 391 404 416 463 167 943 881 315 181 742 536 246 909 996 981 743 561 969 30 511
30 647 607 299 253 942 511 361 517 92 94 53 117 789 603 135 367 290 378 234 352 889 882 251 285 849 741 796 487 105 360 188 511 492 34 557 44 586 66 338 409 542 865 891 220 143 318 142 753 838 184 564 885 203 654 581 182 236 907 881 8 844 493 388 858 243 268 428 423 599 688 314 881 551 715 115 632 752 461 202 423 62 430 36 463 641 543 976 53 9 617 809 551 871 255 9 285 857 584 843
146 106 324 93 497 460 384 9 396 314 188 142 39 303 113 776 619 885 248 320 527 43 734 217 561 382 859 969 642 546 978 207 72 789 419 304 757 816 156 736 108 187 854 535 220 324 491 113 892 20 14 882 822 814 979 509 105 876 949 407 503 992 94 228 341 868 169 565 561 191 203 357 853 989 808 111 761 873 482 198 239 794 933 40 312 327 478 632 596 567 1 70 967 721 409 454 303 693 162 114
857 374 290 756 811 869 430 507 844 139 738 17 48 818 616 200 416 905 194 31 446 426 178 277 837 737 846 80 591 715 297 577 705 816 940 192 657 967 740 552 576 797 773 103 922 954 229 5 289 872 467 134 257 456 133 285 471 259 985 166 315 730 443 616 229 106 262 414 172 55 902 881 304 180 785 596 777 389 54 627 145 153 397 960 420 703 854 899 288 787 126 662 167 965 372 194 929 751 826 690
511 209 279 986 138 811 401 859 130 254 424 358 771 167 565 82 641 609 625 484 716 910 650 890 214 266 264 420 345 340 614 919 463 601 996 647 769 63 474 881 384 827 958 738 330 535 118 887 364 299 570 611 687 735 752 310 509 235 419 832 674 196 70 146 831 11 977 852 153 346 678 97 88 726 38 524 308 76 141 549 594 602 716 363 436 67 493 872 967 421 424 500 974 579 108 95 860 770 434 454
662 315 283 944 782 884 234 190 844 675 164 998 951 248 884 683 281 613 499 746 937 756 772 746 146 678 294 793 969 428 18 792 924 243 669 18 37 329 863 38 342 494 705 662 22 42 854 660 753 529 576 304 870 853 747 968 794 736 967 125 291 771 407 573 839 128 886 131 274 977 665 15 101 540 255 451 356 612 654 171 176 700 855 423 35 146 649 265 451 677 835 342 461 813 563 371 931 670 564 326
880 944 140 717 999 438 467 494 452 201 479 925 194 1 909 603 92 431 698 49 391 626 279 617 972 260 491 613 44 208 794 679 587 866 955 180 191 459 88 198 986 863 86 972 35 949 220 672 596 362 569 45 572 754 654 274 76 117 594 544 150 306 364 708 265 35 883 609 329 44 442 341 684 801 295 566 671 387 42 233 719 150 963 151 44 434 68 285 136 532 542 494 909 937 735 727 131 246 696 414
689 343 605 544 827 242 654 198 642 911 131 811 10 655 100 941 789 533 102 389 292 957 497 253 805 200 894 5 56 465 182 801 923 959 830 971 70 520 231 504 793 814 457 106 609 32 951 426 193 32 462 127 37 908 672 151 106 515 125 217 497 902 233 349 203 529 72 617 879 197 973 352 190 339 394 817 151 583 754 274 486 766 714 438 823 685 727 658 624 479 137 752 181 43 348 382 213 928 599 727
930 366 69 627 902 51 97 525 776 158 551 369 462 267 350 288 805 155 545 929 947 952 564 966 6 418 916 168 421 121 575 328 436 383 539 476 309 345 435 81 641 250 963 635 335 140 100 150 507 388 211 272 656 216 836 934 744 104 93 128 439 415 797 65 824 548 403 974 623 1 578 523 366 399 802 500 299 52 666 415 31 291 361 756 473 558 597 453 920 265 331 464 479 766 980 206 355 873 728 15
481 64 196 380 98 393 447 681 392 168 203 221 474 323 143 655 699 723 9 647 585 585 97 398 602 251 496 779 681 18 87 722 669 409 197 219 106 676 128 845 417 587 172 285 442 585 329 471 931 933 566 63 168 284 484 525 186 121 494 235 101 683 412 332 648 697 71 866 689 844 311 948 993 465 832 330 747 553 906 487 651 999 367 378 273 782 768 889 12 789 985 650 3 336 555 191 319 419 608 982
268 757 537 322 902 623 675 745 265 432 176 67 928 230 257 644 791 539 153 662 212 690 557 158 648 452 136 688 692 403 627 210 494 91 289 691 379 112 633 606 990 800 453 975 463 741 951 792 839 543 930 1000 775 76 350 857 64 925 854 300 645 102 364 20 540 449 677 923 356 401 574 517 65 934 797 191 498 257 685 683 132 85 897 859 439 632 825 496 894 445 498 398 628 408 8 829 242 565 23 711
469 221 95 761 588 957 942 752 551 317 135 945 242 314 56 172 457 833 625 854 286 705 896 754 463 603 826 68 106 169 508 466 306 792 319 494 51 891 946 676 720 325 98 285 55 947 932 798 730 20 586 432 734 461 268 580 200 717 782 91 491 786 776 15 958 7 163 378 859 363 646 273 691 950 736 132 636 346 945 429 100 804 953 546 727 638 802 377 845 434 761 47 455 661 238 940 575 173 310 247
279 216 294 50 610 123 648 577 423 356 970 269 453 413 625 783 704 366 533 75 608 869 982 67 842 660 236 284 920 591 596 282 20 544 174 723 251 929 435 930 4 317 556 778 951 500 318 700 170 530 82 416 783 146 785 572 577 388 116 500 581 984 993 678 886 205 761 296 217 499 215 105 735 609 915 968 912 700 756 637 588 357 285 138 628 358 14 974 352 905 355 950 74 244 465 592 168 420 733 293
855 853 463 978 194 716 979 988 466 138 776 941 784 293 569 55 933 452 194 900 954 782 893 224 764 16 889 348 415 962 292 599 739 692 959 466 420 130 880 145 915 849 165 33 122 85 452 179 53 209 823 635 860 529 325 133 917 959 452 973 174 9 642 265 496 723 908 85 87 943 493 866 517 501 711 637 95 40 256 192 456 663 116 559 873 53 496 337 170 966 807 832 873 198 709 463 449 351 968 887
63 390 407 861 326 867 523 20 130 852 658 867 449 341 442 859 286 677 2 248 55 872 644 161 734 205 423 813 20 11 466 947 561 861 602 102 105 703 892 179 120 755 158 177 878 453 983 708 590 15 207 150 304 841 505 587 646 593 374 447 228 292 283 918 120 966 258 471 641 731 446 30 461 682 79 109 74 555 566 78 726 981 299 767 329 62 474 739 496 72 19 209 69 572 569 315 673 78 274 421
796 981 901 824 868 565 683 714 761 59 395 356 937 724 617 696 887 579 217 4 557 661 157 295 771 986 663 703 960 930 512 757 237 873 30 646 241 873 324 622 343 722 931 787 276 937 78 60 860 154 340 788 228 99 175 806 90 303 73 894 208 324 150 666 672 122 780 372 585 352 911 429 792 468 473 247 842 134 222 902 525 441 246 101 423 984 980 609 542 497 843 636 870 617 825 584 713 228 299 749
640 470 167 145 384 651 361 67 952 376 485 564 343 180 315 539 474 198 833 764 451 412 210 796 29 197 12 11 531 540 759 14 441 729 842 992 275 254 303 140 113 195 911 458 412 350 72 931 938 258 554 499 805 739 889 907 458 604 709 103 908 253 861 274 945 652 962 780 981 158 784 606 42 666 903 458 681 707 648 849 250 248 930 154 872 362 285 796 400 425 62 217 15 227 248 191 707 539 852 755
994 177 951 932 191 691 786 289 59 808 311 329 295 949 447 974 512 342 752 988 891 650 724 283 184 499 69 774 204 137 140 320 598 291 640 931 907 65 868 412 52 936 994 974 469 923 971 217 121 562 320 671 921 442 322 435 283 905 686 726 447 947 765 463 581 150 248 462 106 519 368 422 410 464 995 973 7 262 355 177 399 738 208 952 476 556 62 52 204 399 665 1 129 574 93 884 147 337 74 667
689 739 500 731 7 651 984 977 161 996 403 345 566 483 173 980 320 110 978 226 367 844 593 748 581 524 430 60 908 173 162 699 652 399 2 631 977 749 117 656 641 984 990 301 50 449 354 239 10 818 323 537 40 721 715 642 504 946 669 362 189 872 628 589 350 944 183 582 66 435 748 515 432 405 609 753 104 286 651 876 805 181 661 893 972 196 826 649 157 164 21 465 872 310 469 187 868 922 175 69
312 432 731 289 468 513 473 241 522 41 252 40 598 659 388 387 837 528 18 786 673 670 412 815 578 890 800 354 313 817 285 254 54 96 949 940 505 678 519 642 477 299 506 711 145 440 19 269 1000 642 519 180 184 932 500 319 663 448 761 590 442 737 159 391 263 264 271 585 786 226 98 686 637 594 608 540 777 328 848 889 737 405 326 777 773 530 882 510 436 76 965 434 506 190 551 675 457 468 316 91
444 223 661 99 679 577 322 724 842 95 717 986 180 246 985 350 76 811 218 230 787 212 15 371 966 884 450 614 383 119 176 535 922 746 259 412 621 133 644 939 201 545 462 116 22 648 879 94 282 709 127 788 970 65 755 964 889 799 755 436 885 5 135 929 785 527 57 29 205 801 499 772 282 393 233 380 473 223 241 878 963 483 719 989 747 841 293 922 160 690 528 66 599 162 29 972 493 130 922 323
33 674 546 404 600 213 416 220 562 664 741 906 898 736 532 924 971 239 810 561 430 867 219 786 360 299 383 614 728 623 404 640 223 67 797 839 487 79 40 530 814 326 502 677 308 841 523 349 535 632 789 900 64 340 233 66 558 708 424 632 233 906 193 34 521 368 865 624 581 156 597 993 79 286 864 13 204 98 56 820 169 103 682 640 346 955 230 181 252 616 749 793 242 110 734 83 5 606 201 996
35 705 227 804 642 435 408 427 151 599 934 710 903 232 645 289 622 594 645 351 70 27 513 19 375 433 911 441 525 784 433 991 168 304 381 97 828 345 656 166 960 69 202 37 492 616 411 59 603 310 548 508 984 873 104 618 485 501 528 527 919 699 989 36 749 390 145 908 287 765 343 232 388 981 817 127 675 315 879 617 403 179 581 984 214 319 750 756 712 176 980 426 669 226 354 864 377 543 385 807
33 107 758 597 358 382 900 726 946 91 550 959 339 189 189 999 900 657 127 563 683 772 849 620 37 977 131 902 733 367 913 712 204 989 19 779 947 147 818 416 788 47 618 83 822 336 55 550 718 298 272 35 386 534 553 242 530 485 684 691 928 842 775 297 286 481 545 164 190 592 533 369 4 56 617 535 592 31 105 40 448 486 716 146 723 418 225 681 304 753 826 907 484 27 189 128 890 915 732 356
652 472 27 43 184 884 14 7 870 384 549 889 598 386 112 922 839 884 828 700 202 338 544 42 349 760 89 264 915 878 376 49 169 329 702 939 419 158 6 457 84 366 904 309 221 481 486 39 204 240 15 103 318 499 18 579 208 123 845 357 351 134 826 893 352 981 314 46 921 627 140 79 869 796 350 224 895 831 452 791 830 346 415 134 247 121 380 307 513 562 885 748 561 832 517 28 917 17 373 527
725 670 148 53 238 103 299 303 553 513 654 620 568 278 118 605 273 406 467 53 59 47 967 639 732 175 662 259 773 265 817 105 997 276 130 33 778 180 586 316 247 970 614 162 447 591 896 57 784 753 554 150 858 903 277 572 366 143 375 350 580 425 819 210 180 920 651 269 78 269 944 653 150 863 306 430 967 11 155 461 320 339 493 858 275 559 604 30 18 325 662 969 477 37 215 294 934 614 18 21
14 639 801 765 160 571 949 444 954 140 129 252 557 490 129 37 514 601 760 993 972 684 486 231 228 849 705 967 791 155 995 15 724 470 121 232 210 27 811 432 863 528 63 36 627 866 464 666 890 241 645 977 592 961 404 709 830 521 628 963 371 946 234 413 343 174 867 930 585 682 481 109 88 993 929 600 910 718 520 966 288 13 918 962 938 599 227 799 295 785 678 668 430 264 492 955 873 395 101 943
471 548 26 176 729 548 291 85 922 682 421 12 103 352 440 216 245 195 543 272 138 236 17 376 876 504 972 150 470 216 513 932 881 982 386 613 967 397 488 109 675 523 577 9 964 878 783 952 615 640 380 821 156 640 393 106 745 110 750 386 707 923 188 947 212 411 710 879 526 712 77 462 77 876 682 113 458 98 455 229 323 26 375 857 440 455 12 310 369 951 567 859 460 910 985 874 466 159 160 635
217 9 646 746 916 481 52 335 174 866 363 42 989 950 971 177 91 231 340 576 689 670 866 140 612 391 78 684 769 343 670 532 868 132 775 943 68 879 1 520 691 368 417 957 666 871 588 177 521 570 142 29 459 24 35 490 495 712 645 77 244 847 868 175 812 188 75 408 49 242 687 512 758 649 771 626 780 521 358 709 44 21 574 24 956 656 710 345 147 766 19 161 422 737 4 40 333 207 488 417
496 148 401 114 490 834 734 443 760 481 350 880 827 724 728 596 280 562 872 604 777 606 44 885 837 172 244 27 618 631 432 927 819 132 91 59 276 173 389 910 402 747 191 511 704 91 71 447 44 475 596 744 695 906 587 267 379 665 359 859 856 298 736 580 311 643 42 471 704 503 638 661 918 353 533 941 359 302 41 676 66 158 822 728 865 879 861 201 142 110 602 989 354 786 363 102 72 735 833 577
81 4 11 854 192 106 677 255 789 609 992 872 159 864 795 745 970 496 487 178 785 735 56 364 101 68 863 952 867 331 292 86 387 943 609 684 956 767 978 801 358 31 25 429 808 884 501 335 583 403 642 994 32 510 629 221 476 420 78 646 26 156 487 474 411 22 940 499 711 542 768 423 253 806 855 336 103 191 267 510 668 435 389 437 638 986 173 204 740 334 117 988 819 197 767 272 837 476 47 399
491 75 244 340 718 408 575 430 649 707 990 505 299 643 19 248 137 732 4 228 800 750 992 742 920 531 375 917 588 652 600 373 621 680 848 92 150 795 982 282 707 263 412 468 963 705 207 5 220 458 143 546 701 880 402 32 295 273 876 261 700 52 985 439 498 268 698 133 561 569 438 392 79 636 336 485 414 111 918 642 379 792 81 90 911 296 64 999 938 763 208 683 931 726 759 51 524 672 150 889
962 959 843 364 891 936 622 294 936 819 220 698 538 320 663 72 217 482 367 902 975 62 385 756 298 383 117 724 729 330 982 253 414 481 659 555 737 367 562 884 294 495 204 329 461 769 324 623 71 777 216 945 208 861 522 748 128 780 425 926 123 830 560 412 288 595 272 775 927 268 913 890 836 224 764 115 928 612 572 171 246 547 682 956 491 749 88 30 502 999 693 325 800 39 495 107 309 457 367 990
192 307 350 53 349 698 526 84 743 535 755 674 346 442 304 915 490 905 797 791 35 261 134 110 418 465 863 358 696 831 44 418 263 297 245 241 197 329 239 665 974 142 421 174 758 371 69 914 627 909 247 946 937 786 128 723 431 488 517 896 142 465 643 465 922 345 627 49 489 385 722 668 857 636 743 275 38 842 598 150 649 742 250 781 516 185 318 618 753 938 132 606 187 443 911 519 372 856 923 874
709 270 917 851 988 813 644 831 567 492 639 50 840 80 440 473 625 688 366 902 358 424 872 852 241 704 525 870 217 993 369 544 324 195 794 745 291 485 401 356 341 339 883 25 867 245 295 189 715 522 882 691 184 672 30 37 327 894 9 211 44 696 610 478 619 870 422 530 50 346 240 254 443 875 744 529 392 347 418 995 367 610 967 781 805 125 985 702 903 207 711 899 979 682 664 425 501 521 189 770
293 781 7 363 542 698 280 270 594 830 53 104 73 77 337 320 408 324 789 35 133 680 67 680 713 770 89 301 479 234 475 430 17 20 122 524 529 99 904 82 645 801 589 239 972 640 643 377 757 24 310 383 838 885 976 64 154 844 393 605 668 787 947 32 280 226 531 208 313 370 347 18 341 832 397 30 420 709 794 931 191 381 281 127 622 250 579 334 682 421 754 886 617 825 490 470 383 980 680 617
273 954 479 923 310 535 889 470 694 185 466 225 716 824 217 198 832 251 864 207 357 273 706 668 49 160 164 419 859 709 876 308 926 665 790 856 44 204 574 414 582 328 95 137 183 157 170 370 385 412 602 597 807 602 652 298 57 940 797 459 766 450 491 77 620 209 957 429 26 984 847 184 55 22 693 310 508 774 888 484 660 345 119 566 476 615 349 149 524 953 904 986 117 557 634 111 70 207 440 694
687 417 728 921 886 935 919 901 575 745 864 755 205 838 457 372 608 241 40 737 871 203 707 996 293 509 876 767 464 391 619 351 36 450 685 884 46 199 35 552 44 370 141 353 626 630 309 525 479 782 849 897 382 805 896 142 768 243 397 312 703 885 377 748 542 632 755 894 588 505 922 461 975 716 492 475 108 295 583 716 181 818 308 178 980 325 19 235 316 894 722 128 670 317 999 666 281 910 397 547
771 611 363 374 412 155 39 589 306 747 82 565 486 807 365 992 573 670 266 446 259 111 389 97 179 771 145 780 321 425 295 398 912 551 601 961 599 188 620 506 149 272 420 660 78 372 65 926 566 75 160 717 867 836 812 343 55 51 563 206 554 963 485 924 238 435 807 369 524 898 646 751 612 472 855 126 753 74 115 225 347 57 8 267 854 904 11 343 440 9 992 596 184 187 60 505 354 777 434 970
23 234 114 639 697 384 200 117 395 607 128 668 407 749 207 557 842 96 236 69 282 16 102 90 775 979 807 888 119 174 870 169 860 567 467 7 304 460 707 31 569 407 283 788 919 553 1000 405 809 23 533 229 152 206 319 228 716 623 355 566 138 814 575 520 199 541 85 651 694 232 539 935 181 557 184 909 110 778 209 801 801 274 481 890 855 669 640 775 369 755 138 95 15 269 872 509 108 329 556 767
582 680 189 529 116 773 27 339 633 644 540 627 981 524 173 312 834 794 36 501 163 676 282 566 753 55 278 803 975 694 109 454 5 928 461 865 643 676 312 145 27 675 334 785 809 665 724 165 302 842 545 68 255 494 246 968 388 672 429 166 381 353 10 220 831 163 343 948 140 197 516 860 457 2 539 414 528 254 18 427 166 543 489 31 887 147 331 625 173 212 953 442 992 253 410 439 319 423 223 500
436 628 714 527 910 407 767 623 760 862 395 255 399 942 609 946 513 41 523 188 64 574 422 139 917 982 734 265 922 486 680 855 336 638 111 791 375 85 285 670 292 622 163 68 836 203 397 434 423 852 516 230 632 84 175 902 729 561 660 807 315 214 343 416 346 150 813 864 647 927 627 193 864 857 647 247 306 66 448 449 790 223 642 739 930 104 705 525 942 65 511 108 542 233 432 187 896 729 570 830
3 347 411 346 728 555 226 516 836 86 840 629 107 414 679 806 17 776 560 102 521 59 227 677 633 604 15 580 748 826 106 348 503 963 746 935 976 689 801 710 839 781 295 320 145 134 361 276 553 46 88 116 135 898 301 422 325 299 303 287 316 534 415 526 102 20 827 867 108 614 951 810 727 242 434 688 963 490 563 825 352 47 604 131 786 506 95 2 273 418 14 25 115 311 143 546 916 130 3 130
607 727 872 244 319 952 572 24 31 775 602 112 527 599 385 503 608 136 24 126 998 293 950 509 820 52 253 858 126 393 927 744 575 551 544 991 755 908 843 612 151 848 993 606 837 762 379 149 211 415 105 854 739 496 876 78 5 582 853 491 328 845 688 514 496 970 251 296 17 755 921 265 857 873 484 590 500 220 222 95 313 156 496 661 985 847 147 426 344 452 372 112 101 818 581 771 876 653 462 195
298 463 723 945 736 655 255 86 448 305 198 275 508 914 288 104 559 989 633 860 395 151 645 606 449 556 305 30 728 268 412 707 940 85 597 826 855 158 222 304 286 965 742 156 434 549 629 947 87 656 448 321 433 565 540 521 162 518 279 697 992 241 514 717 859 401 410 135 252 144 622 664 801 907 835 262 670 650 875 537 661 922 869 339 734 25 309 916 857 942 812 623 488 202 58 941 938 583 264 620
514 891 994 699 894 801 49 589 323 252 895 535 606 265 932 104 398 128 717 676 845 14 540 69 884 427 634 46 574 107 393 621 949 371 855 333 225 241 372 557 359 16 572 465 366 311 984 354 316 101 247 741 903 916 498 813 8 319 358 453 122 328 570 998 273 619 7 714 349 480 95 451 421 513 351 42 504 225 982 735 390 805 440 42 102 162 876 725 713 786 704 46 851 364 175 20 994 999 192 701
798 219 536 153 937 396 34 847 584 603 611 498 999 707 250 600 371 941 100 71 841 945 214 156 148 634 523 217 371 931 838 554 889 268 593 669 310 308 275 716 995 705 512 680 91 11 299 491 821 753 847 49 101 943 795 756 642 597 515 683 370 293 387 407 362 760 71 234 618 805 613 252 581 679 516 611 102 354 790 862 214 914 553 702 282 592 731 146 704 914 835 741 778 742 29 158 676 43 725 972
520 372 21 508 233 881 266 32 492 355 856 934 314 28 29 2 130 769 571 161 443 206 527 115 23 372 463 452 268 121 961 383 436 260 718 391 460 3 197 244 353 923 387 878 734 659 232 266 466 142 254 806 967 715 123 474 213 170 605 908 813 261 829 784 994 849 124 411 729 368 218 914 577 989 293 796 661 747 951 600 479 793 360 108 23 686 90 4 577 29 388 603 564 781 510 817 870 352 971 497
749 558 789 870 912 181 426 570 852 631 235 874 27 288 358 417 375 643 481 479 901 640 143 453 876 68 392 32 828 388 736 352 211 735 649 12 226 872 452 468 671 229 291 11 596 223 26 254 20 86 716 757 246 160 842 493 626 949 150 416 632 738 806 146 952 121 299 928 492 737 937 271 817 943 33 679 604 385 770 858 506 626 751 204 64 943 458 8 57 189 557 461 862 725 505 412 927 462 480 559
256 5 716 495 159 955 587 322 961 530 162 511 204 949 142 119 551 756 825 202 814 329 402 75 66 186 501 810 13 723 346 859 203 199 594 848 476 483 747 864 678 471 76 562 263 322 676 914 503 161 501 647 924 523 190 670 592 956 831 135 565 572 109 698 721 107 165 669 676 724 253 701 78 595 246 110 414 356 422 122 533 514 898 882 336 96 96 971 572 943 194 743 100 397 855 919 206 190 75 67
981 818 159 846 15 587 923 448 446 897 992 89 27 603 578 71 390 908 258 661 234 480 274 272 142 530 282 230 967 379 344 629 208 785 819 638 676 874 552 932 770 283 997 285 694 945 963 108 969 139 514 383 719 554 388 420 838 759 275 203 974 743 830 536 884 901 166 89 864 332 848 126 951 263 355 385 739 560 416 547 293 185 130 527 165 266 987 384 688 639 694 859 752 765 475 840 186 522 772 91
409 718 239 41 144 169 260 689 860 514 982 32 799 562 430 489 897 163 251 999 857 744 102 416 226 434 562 257 905 979 729 480 338 3 9 874 218 685 717 913 350 302 152 625 547 33 20 943 807 913 945 590 373 412 793 760 942 128 167 14 714 350 672 444 295 200 674 484 360 751 442 941 70 277 578 967 476 396 486 598 260 449 247 769 375 849 25 182 666 246 631 324 908 589 735 84 723 272 783 316
311 187 966 321 998 821 928 65 135 725 521 83 898 38 851 347 660 201 507 654 992 693 805 854 649 878 120 834 236 831 707 414 378 509 63 890 724 137 335 305 367 337 57 185 791 997 145 202 455 801 571 396 334 940 549 65 549 939 775 228 693 202 675 821 782 928 479 843 322 254 113 332 897 973 578 820 253 513 547 487 901 685 812 548 518 340 668 65 941 89 634 277 930 396 922 302 319 674 291 360
6 15 765 222 448 579 392 648 881 222 639 921 409 273 315 491 870 739 317 569 429 668 243 81 495 754 492 757 280 901 398 957 515 385 316 42 297 264 78 529 152 433 440 410 376 681 396 44 609 980 204 622 64 976 263 173 272 903 917 589 173 95 566 982 388 927 948 533 823 664 305 459 524 861 834 934 589 729 819 130 154 876 93 236 450 169 874 27 929 31 377 659 643 426 197 319 871 710 776 931
327 479 61 163 931 423 442 947 709 453 348 435 271 382 621 495 416 139 232 961 438 239 853 779 6 827 136 461 399 328 860 223 196 609 605 756 304 666 987 667 963 608 10 594 227 695 599 946 910 114 77 954 475 442 108 312 281 614 131 787 663 708 261 830 507 457 191 121 542 779 817 434 676 104 347 252 569 498 391 793 223 593 316 393 357 597 203 503 489 471 154 988 133 667 837 363 863 469 205 656
819 772 161 422 436 351 832 595 215 779 73 618 32 950 242 861 630 291 652 204 737 746 440 574 868 675 283 459 261 791 28 613 26 4 646 697 909 251 120 293 784 335 314 727 172 660 427 423 371 713 61 498 278 939 738 517 608 904 896 226 305 693 663 386 558 572 796 295 542 814 214 188 376 529 93 964 824 958 250 324 320 409 698 318 355 966 868 867 213 933 114 228 446 753 380 588 541 130 847 294
121 645 165 822 539 405 790 223 431 481 461 241 241 298 837 196 373 262 898 165 855 646 204 732 464 512 885 64 90 554 540 351 595 4 594 766 493 464 58 282 142 513 366 872 11 461 276 767 855 17 631 336 729 480 530 199 492 782 103 985 961 319 526 737 927 79 785 193 434 310 764 649 816 90 354 399 224 977 682 468 318 185 712 911 873 678 928 272 406 120 134 355 405 405 401 526 553 786 310 849
206 330 480 913 370 432 101 329 293 511 523 167 285 228 577 334 978 972 355 12 873 775 222 538 132 353 761 803 414 73 524 267 589 176 226 966 632 511 754 971 655 77 948 747 737 204 838 113 72 383 942 447 770 234 906 82 697 270 939 516 50 680 944 140 67 460 407 276 68 243 398 719 872 206 128 685 70 70 571 236 719 554 326 492 308 452 15 383 944 937 482 628 920 10 86 463 508 659 226 30
661 240 957 490 446 743 907 1000 7 278 515 843 748 746 789 360 308 105 65 646 173 380 299 152 381 445 298 552 860 177 423 441 365 113 971 25 923 707 562 241 728 504 179 107 721 362 513 575 757 172 148 866 412 86 80 899 884 299 648 643 743 265 899 457 185 580 404 55 901 663 975 212 726 400 135 775 883 895 861 829 460 603 652 223 953 137 983 931 354 465 507 436 73 919 601 41 132 59 899 328
254 158 760 141 157 586 587 219 198 588 958 797 860 424 692 201 920 417 403 721 154 980 840 392 342 463 709 510 146 188 86 976 332 892 905 647 752 74 187 91 862 37 951 147 418 640 729 4 469 970 601 156 161 990 835 377 690 462 83 379 608 473 902 739 193 382 716 95 227 819 642 243 799 695 324 101 697 816 79 164 836 361 12 630 259 116 648 789 930 488 896 438 642 695 218 54 755 463 887 800
604 115 645 199 150 717 193 885 878 202 721 222 73 194 224 588 51 802 378 303 600 288 695 752 995 674 765 659 629 532 853 567 132 644 464 596 925 363 3 447 757 91 245 228 873 223 881 689 589 876 567 43 329 34 892 480 320 22 474 112 330 88 275 432 970 603 391 116 769 686 797 417 225 231 197 508 374 687 252 114 966 637 273 157 450 211 924 440 660 911 374 240 960 311 980 87 159 317 557 101
127 234 947 149 110 945 814 777 877 627 483 979 442 747 620 498 933 878 2 493 932 825 885 151 474 534 100 807 178 564 719 2 865 577 161 895 513 783 564 447 370 977 301 224 804 921 926 780 991 983 538 850 499 31 27 761 315 96 487 412 268 517 241 159 12 970 596 301 670 164 10 419 74 44 723 516 488 794 993 201 925 995 936 669 614 39 139 946 937 857 673 436 396 332 47 72 301 654 431 665
72 795 790 815 151 697 243 907 875 116 699 52 353 45 41 335 24 11 290 679 439 38 295 265 692 404 293 642 766 531 830 591 540 962 722 265 622 68 840 211 937 345 629 921 345 114 320 687 670 393 716 83 41 603 284 200 168 115 190 664 749 661 494 348 69 59 219 603 964 191 862 902 229 934 366 4 855 5 929 919 492 155 837 473 323 547 357 428 277 404 199 885 524 766 890 964 632 355 236 235
739 464 170 321 68 127 633 593 137 603 401 20 917 886 713 727 113 858 269 322 383 890 484 263 465 45 598 739 584 815 115 380 737 795 774 119 401 864 273 789 921 863 210 121 869 390 75 817 919 437 832 598 321 195 625 297 831 155 278 844 250 273 778 755 728 922 521 285 681 429 747 923 221 845 730 795 49 72 688 785 417 687 234 851 743 81 705 47 849 982 287 468 297 198 358 842 326 972 964 359
559 146 563 262 256 666 893 974 493 645 156 244 651 772 175 606 734 450 193 990 429 170 972 679 938 689 123 471 629 282 109 296 104 411 877 540 885 361 53 333 756 412 483 903 65 897 956 275 210 984 309 848 102 425 137 16 792 416 405 404 155 66 471 213 671 179 268 832 986 206 568 21 155 728 896 613 951 489 84 205 646 760 777 563 543 306 555 396 888 86 607 647 370 456 814 610 761 736 93 839
626 598 457 482 261 333 129 450 601 409 780 769 591 566 825 754 846 358 517 502 717 967 566 819 640 615 102 418 530 28 660 459 369 852 133 399 286 118 144 482 595 524 350 355 504 14 752 97 902 859 83 955 500 238 862 892 944 835 236 642 765 469 981 658 306 341 87 385 668 457 138 641 610 198 928 286 917 476 915 252 427 205 553 983 913 632 499 999 709 921 947 118 446 653 459 86 347 124 307 68
464 24 226 395 64 852 446 943 444 571 814 519 81 135 508 94 375 610 112 782 141 684 776 809 602 417 172 589 287 862 877 939 273 184 702 341 770 730 546 682 751 609 653 471 299 373 959 955 98 582 843 751 347 840 613 40 101 885 770 466 138 350 658 67 880 405 848 610 700 442 442 138 570 984 59 830 519 452 366 51 103 969 974 412 387 18 920 94 498 261 162 82 296 912 685 976 732 348 397 774
179 130 481 628 434 942 758 626 96 839 878 825 474 839 645 187 289 645 269 401 6 781 111 359 613 9 58 925 671 95 360 621 601 526 771 339 498 293 976 534 578 418 25 730 270 196 278 792 760 582 446 715 684 777 319 30 493 348 493 63 253 722 207 795 339 801 333 269 983 330 637 198 601 106 294 58 936 204 179 877 742 168 297 496 936 532 420 236 764 566 531 682 99 699 540 532 654 671 26 3
108 218 995 39 377 522 198 308 235 539 50 383 6 848 473 509 936 28 579 356 166 298 831 49 941 101 756 669 308 469 230 196 998 463 452 851 342 967 239 358 796 548 133 723 964 841 866 670 517 940 368 658 559 396 237 881 174 956 923 816 787 230 190 770 321 982 366 319 733 876 659 217 254 485 152 507 620 519 305 191 670 175 926 66 507 665 42 93 754 979 157 979 157 807 404 42 248 130 443 488
984 694 81 876 526 24 657 109 42 831 521 899 476 850 835 152 822 740 145 11 950 48 813 689 944 882 262 168 616 977 175 441 172 280 642 985 975 843 90 468 146 596 902 799 894 434 321 657 597 658 230 684 734 157 120 526 646 774 32 983 292 414 408 294 741 622 316 148 6 664 328 437 352 35 756 934 166 49 997 711 730 102 429 375 621 135 794 806 565 317 316 100 984 525 696 691 47 493 730 579
551 196 183 722 384 166 544 125 240 764 946 704 2 636 707 494 80 954 927 6 864 411 280 338 537 425 804 613 711 760 216 16 388 171 427 848 871 500 845 896 825 279 678 199 753 377 731 62 402 202 563 760 514 892 703 894 35 543 288 686 319 827 19 535 604 457 191 236 159 295 535 107 684 358 259 440 236 353 113 627 311 283 305 842 313 653 86 716 505 316 864 220 700 603 910 622 225 162 368 649
101 299 643 353 982 308 966 967 685 134 82 584 37 705 206 7 608 146 824 207 600 546 271 626 195 836 893 775 759 386 962 539 349 876 580 311 459 95 171 113 473 974 336 186 413 280 334 283 786 245 25 789 595 902 810 620 86 272 500 326 803 853 809 38 916 959 830 792 358 666 390 552 813 509 226 724 214 4 325 778 957 685 565 839 831 892 541 518 442 838 64 497 193 782 585 734 244 168 478 153
596 504 922 202 299 910 809 163 226 664 206 113 332 139 208 444 528 736 692 548 468 447 860 122 44 347 253 576 602 626 246 62 920 342 948 706 9 365 483 651 245 130 726 538 267 757 895 222 984 846 379 18 206 729 709 637 929 478 210 190 987 1 564 970 958 153 976 84 137 247 955 775 356 548 785 275 894 175 981 258 46 962 589 741 702 328 445 720 475 797 628 574 233 665 604 834 668 651 226 508
785 15 485 644 306 339 371 831 817 380 183 467 172 303 239 776 734 926 498 420 623 946 679 731 457 895 232 2 19 729 237 238 227 457 605 118 748 804 8 650 104 656 344 62 366 267 269 263 84 98 799 200 896 50 774 441 240 247 702 757 274 399 247 743 205 554 568 273 998 465 3 688 823 431 852 159 193 840 627 742 131 517 801 454 331 521 519 388 248 156 249 696 10 257 306 34 881 253 977 792
883 567 561 909 98 262 823 833 521 860 756 449 446 61 546 163 771 99 844 657 551 826 317 447 282 275 3 722 469 999 92 759 999 882 750 822 949 905 581 745 1 449 877 452 851 918 536 755 765 836 745 882 311 990 455 109 227 353 925 701 932 227 262 676 1000 965 110 525 540 339 371 547 574 540 274 764 277 226 127 905 884 608 612 181 342 899 538 575 220 846 894 542 2 262 842 929 807 798 396 856
139 472 900 746 3 817 391 52 335 496 665 258 293 923 39 437 167 597 554 737 655 560 416 762 218 883 428 674 938 152 206 690 206 445 469 891 436 556 992 215 343 673 148 505 91 72 352 958 757 17 476 870 384 417 376 379 98 54 633 637 325 286 862 583 361 317 392 322 463 241 240 155 272 163 107 428 907 61 312 788 374 58 931 795 796 191 538 359 453 692 579 20 779 614 224 795 480 356 435 242
21 908 380 684 526 906 762 12 209 876 22 499 429 253 131 84 127 908 281 920 951 928 833 764 313 450 482 427 559 119 466 712 573 25 40 348 757 473 350 240 216 58 821 232 861 541 728 820 476 781 858 916 236 302 396 544 154 623 214 993 171 201 359 199 768 563 840 216 968 396 842 762 292 36 968 269 20 151 983 576 55 590 585 542 471 227 849 301 211 986 666 875 574 415 904 165 381 976 975 165
789 272 10 375 179 980 500 400 925 477 27 180 789 107 90 651 150 123 557 806 879 373 8 444 829 580 992 92 382 994 587 534 847 520 123 498 294 967 581 332 924 422 272 51 498 624 257 805 732 489 715 225 763 765 868 768 565 517 291 16 335 871 438 879 850 440 856 208 163 953 198 133 733 483 211 442 81 465 929 345 197 409 656 544 627 950 780 291 40 877 150 686 181 329 397 444 938 165 205 701
574 166 469 967 628 555 118 668 935 489 848 268 21 159 807 463 610 331 906 497 164 176 92 34 387 181 339 841 923 666 486 885 674 961 4 79 500 415 911 767 423 158 864 745 416 616 908 211 380 354 99 847 267 555 433 168 254 543 966 226 857 548 928 939 268 392 408 847 291 93 682 197 934 235 813 996 755 640 715 240 142 606 755 935 370 793 658 379 714 363 872 852 897 950 998 947 823 534 837 853
468 168 201 98 471 715 245 801 848 314 481 370 692 242 718 743 262 646 97 376 98 197 590 466 917 293 844 371 792 934 278 420 587 829 50 707 55 435 338 660 708 530 216 516 569 500 503 698 473 255 372 122 346 409 587 976 762 964 726 421 938 117 601 352 252 799 416 28 657 440 625 946 923 60 679 51 961 118 275 532 497 520 599 959 887 506 941 18 724 775 713 278 330 912 728 261 452 147 576 905
18 676 422 869 753 974 783 507 945 853 214 546 529 619 244 624 309 958 798 788 895 379 88 617 100 777 712 736 997 260 821 517 925 452 893 459 659 553 150 207 757 253 972 366 988 839 753 676 239 143 627 74 272 379 264 683 50 661 804 339 340 982 291 293 671 220 234 631 971 547 783 652 64 874 353 230 456 773 521 637 482 731 16 961 673 995 443 856 35 856 18 972 845 638 254 580 508 527 136 861
870 863 654 717 383 408 264 532 904 323 993 544 361 244 89 731 711 664 751 115 937 678 36 190 972 863 123 975 391 131 724 81 800 130 703 663 957 547 878 366 935 292 404 152 913 407 881 334 574 950 927 929 776 147 855 645 29 14 324 890 724 147 362 216 486 815 927 606 671 519 543 439 619 661 646 906 637 976 686 101 915 743 544 702 718 659 535 597 949 286 24 648 928 955 101 956 34 858 881 558
368 600 847 108 383 929 835 330 450 588 241 436 792 722 676 757 676 377 87 322 758 635 880 526 935 974 779 643 642 160 34 170 965 1 305 143 95 205 887 292 955 20 769 351 483 680 209 347 872 731 957 57 725 466 66 40 228 121 270 440 496 580 956 935 26 736 978 485 23 292 855 875 341 551 33 619 990 55 835 675 350 499 43 836 127 894 321 810 220 25 339 447 818 259 757 720 905 207 174 507
458 762 382 179 116 424 244 178 367 691 980 115 849 670 726 225 758 356 153 559 746 808 885 628 802 576 721 890 585 75 81 668 686 916 49 434 227 931 999 106 792 902 10 917 702 761 377 179 888 271 655 579 859 211 250 507 406 544 482 1 716 553 431 740 558 6 355 626 686 795 166 838 111 959 664 581 80 198 522 206 191 867 533 612 258 54 860 145 624 894 342 8 838 267 443 367 414 362 776 152
914 110 45 658 774 871 403 424 156 466 483 958 185 597 578 148 76 501 640 177 726 78 296 588 628 558 506 193 18 902 516 743 475 38 775 386 299 476 526 282 77 425 33 527 992 64 983 487 540 908 650 726 219 893 148 561 722 398 784 975 22 406 147 892 716 16 778 91 721 178 789 343 152 519 232 766 498 65 58 755 47 230 598 494 66 86 103 186 347 39 801 19 614 540 610 667 25 721 328 535
267 923 724 242 32 680 211 254 1 859 902 850 352 17 935 12 161 405 28 268 404 284 472 203 582 423 436 319 528 939 37 764 439 86 767 584 146 711 504 163 147 370 591 992 580 88 658 669 523 335 959 315 536 83 946 202 915 32 814 101 506 635 191 421 136 684 75 4 330 74 257 489 354 675 617 331 702 838 619 11 460 104 276 322 116 559 4 580 815 701 226 944 397 253 208 686 602 275 979 380
690 739 163 164 172 898 609 493 835 896 318 764 863 898 248 910 515 659 799 925 367 570 46 462 29 340 557 227 585 607 724 633 617 504 698 904 948 321 10 258 895 219 855 66 114 187 878 675 122 428 986 378 743 946 238 977 781 62 738 8 680 459 120 858 257 371 297 106 254 334 505 824 181 833 697 947 304 63 603 4 572 63 175 133 171 153 364 653 122 846 771 890 61 843 909 513 255 41 437 180
685 941 584 832 26 23 809 442 293 577 585 294 614 942 203 228 560 172 62 656 935 47 108 419 851 36 687 995 790 230 834 12 767 33 973 1 849 329 579 764 29 509 438 445 835 870 370 538 600 470 983 923 465 31 400 193 846 729 816 931 154 815 124 949 879 246 676 861 854 891 755 115 532 424 261 108 264 571 16 875 456 627 163 517 404 280 580 167 922 958 870 606 352 197 551 171 289 97 511 505
558 113 956 148 606 101 219 696 56 337 425 187 877 96 495 576 891 151 556 889 619 448 332 704 52 871 726 114 561 645 348 577 477 38 771 532 975 129 194 253 296 60 952 967 721 865 678 553 770 600 107 515 709 82 718 421 505 664 158 679 715 30 878 728 294 48 76 934 331 887 464 790 364 639 706 1 138 552 884 652 942 143 31 674 52 201 609 120 876 828 907 324 59 57 961 787 670 785 715 638
0 54 75 65 36 51 72 87 83 86 96 46 8 83 4 90 96 28 60 60 45 84 6 45 7 41 34 74 9 56 35 28 32 8 14 71 95 17 1 67 71 27 34 42 10 4 39 89 39 62 80 51 62 46 16 92 59 41 59 64 68 85 92 86 52 53 31 24 58 99 64 5 3 95 80 94 57 29 48 8 94 8 100 43 21 97 24 79 8 15 31 79 5 68 81 10 15 81 55 63
50 0 29 43 38 15 36 37 78 78 27 59 42 69 11 64 50 15 58 59 15 82 11 31 75 95 22 59 20 63 13 1 5 58 26 15 58 5 40 50 84 29 86 59 68 72 99 37 78 67 29 26 84 5 89 97 97 56 99 28 36 82 31 49 88 3 59 5 13 6 81 10 54 30 49 94 2 12 100 26 91 54 65 87 54 46 25 20 56 61 2 81 41 43 20 48 10 93 7 27
98 11 0 50 38 63 12 17 62 52 31 15 35 11 44 10 51 12 84 47 61 24 25 47 45 32 6 85 58 31 20 51 54 23 99 98 65 16 44 33 25 42 3 90 97 76 48 89 86 11 78 71 67 58 73 59 78 25 11 84 81 1 31 82 13 14 61 35 15 100 1 46 21 39 63 66 68 30 35 6 83 91 42 26 99 25 93 82 87 16 75 90 71 90 3 49 90 40 88 64
1 11 96 0 55 87 13 71 12 50 47 9 68 48 68 67 54 44 25 53 43 75 29 72 60 44 17 91 7 40 36 89 77 98 61 25 85 91 78 23 82 90 17 33 51 40 34 78 20 14 67 72 6 4 27 20 44 43 74 68 17 86 84 1 9 31 35 23 87 5 34 27 26 41 87 64 100 86 92 1 97 58 25 59 28 8 71 58 40 80 82 10 90 90 2 9 34 67 11 71
78 73 83 75 0 10 61 37 1 63 12 47 46 39 15 69 77 81 73 17 30 94 76 100 45 31 50 91 91 15 90 36 21 50 34 43 92 92 66 64 94 15 64 19 48 7 54 11 3 4 77 37 40 56 6 52 68 31 16 83 21 4 37 71 41 57 6 43 33 58 26 11 29 13 27 72 23 22 14 25 9 54 49 63 96 52 22 47 71 15 50 1 6 1 91 26 78 14 24 7
30 66 72 6 30 0 92 34 29 63 6 7 41 18 98 69 98 47 96 81 48 72 75 89 75 34 62 57 40 92 11 91 79 23 42 25 21 11 49 31 23 52 25 74 14 7 49 53 31 68 54 58 3 73 14 57 7 38 95 94 17 61 89 32 86 72 44 99 81 57 51 39 58 90 9 95 8 76 42 1 30 94 36 70 28 11 29 26 50 84 36 10 33 79 15 100 30 57 31 42
65 39 51 97 46 62 0 68 92 4 56 94 56 14 3 57 100 40 89 55 88 52 38 49 42 49 18 1 61 29 47 78 65 89 39 60 87 3 10 88 55 85 92 80 12 53 38 20 89 42 56 92 63 24 26 90 78 76 12 16 92 91 72 23 88 98 10 35 4 80 56 35 64 39 12 25 100 29 68 75 96 22 12 93 22 63 86 79 16 11 95 96 1 70 74 97 71 66 4 84
20 94 47 28 2 31 19 0 1 79 91 75 29 85 84 4 94 51 33 45 60 74 16 19 8 32 72 28 28 87 88 80 18 70 49 99 58 97 8 30 23 34 67 53 50 81 13 53 98 72 38 76 70 36 89 50 93 93 35 66 48 20 53 83 25 51 45 45 55 46 62 73 71 86 72 20 30 15 12 43 2 15 74 69 11 85 98 98 78 35 8 17 4 73 55 48 2 84 97 31
82 56 21 27 18 33 68 34 0 64 96 65 1 25 30 72 58 20 85 13 7 24 40 14 99 42 2 21 28 1 31 83 11 27 31 26 49 92 8 65 34 66 91 89 68 36 70 5 37 49 13 36 30 2 67 48 30 25 96 39 47 25 45 97 24 77 80 48 22 88 3 48 96 31 4 99 56 31 7 41 52 31 4 30 47 53 47 9 85 29 30 69 80 2 54 80 62 86 94 11
80 63 66 64 73 91 88 19 36 0 48 53 68 10 64 62 75 26 77 57 86 64 38 56 12 49 57 50 67 29 85 74 64 29 84 69 55 91 34 38 57 73 10 96 6 27 85 68 72 74 40 66 63 31 100 99 35 3 2 37 12 37 70 67 37 29 59 83 43 40 28 74 14 38 67 64 54 56 59 1 52 4 85 76 71 46 47 86 87 69 32 7 57 54 93 98 64 29 70 6
65 47 45 53 21 69 43 8 53 23 0 96 74 11 44 94 44 84 69 99 2 50 25 36 59 7 25 38 14 33 9 26 60 65 16 77 79 58 96 39 78 55 70 10 58 98 9 7 74 80 13 64 50 34 4 17 55 86 89 73 23 94 73 54 59 10 51 45 35 90 39 59 49 43 52 71 38 99 48 49 6 16 5 59 63 22 57 80 17 89 46 66 54 17 60 23 9 6 32 3
5 44 99 66 4 15 13 81 77 100 32 0 4 31 32 72 10 4 31 65 68 55 97 4 65 50 33 91 12 47 3 80 48 34 12 36 56 68 17 61 82 95 49 14 55 83 23 65 62 25 40 4 18 95 46 11 90 79 91 45 91 49 54 73 64 21 70 78 15 30 38 40 12 81 76 86 63 25 43 49 31 19 97 41 30 78 36 47 45 46 46 67 4 100 38 13 15 50 43 72
32 32 14 54 50 46 39 28 71 4 38 65 0 77 65 14 9 91 28 95 29 78 7 98 1 88 77 5 31 82 98 42 19 17 51 72 8 51 59 49 55 96 2 24 26 85 23 12 100 61 17 18 31 37 84 39 71 50 39 49 87 47 88 15 6 94 87 62 73 49 7 87 100 33 5 15 94 89 46 2 37 25 61 27 79 51 56 86 60 67 81 19 29 35 29 3 59 26 88 2
45 11 94 12 50 63 18 54 7 30 98 96 73 0 7 12 84 92 6 56 53 61 39 55 27 82 71 72 1 35 58 1 73 52 16 93 24 58 69 53 20 60 97 14 34 100 30 86 1 6 71 38 47 21 85 80 9 48 61 33 9 77 77 48 42 22 38 27 63 28 52 94 50 97 40 82 29 49 6 30 44 6 42 82 81 41 78 98 48 93 59 21 11 59 20 20 51 11 20 1
82 99 99 21 4 30 33 82 64 9 84 70 67 18 0 52 6 57 93 69 71 73 32 79 15 80 18 19 12 10 4 98 70 59 76 19 26 17 80 10 11 67 68 92 12 59 24 31 1 34 80 66 24 80 61 43 36 3 77 57 18 8 52 100 2 1 51 71 45 98 13 33 33 11 29 13 22 76 42 13 24 36 7 39 90 45 40 1 31 56 1 58 20 5 38 58 82 17 59 52
58 48 19 48 90 47 45 56 38 62 14 12 9 40 58 0 29 83 31 57 59 13 80 46 51 31 60 68 64 5 97 50 86 20 36 37 25 97 91 51 4 41 76 63 9 28 12 76 50 88 8 13 95 73 13 75 56 35 91 86 94 16 44 69 76 29 93 71 18 51 51 41 94 43 56 66 65 80 87 2 18 73 66 30 79 91 29 97 76 40 12 14 56 30 34 75 54 75 18 81
81 22 88 29 49 20 16 45 74 29 58 20 97 66 25 66 0 17 68 60 100 99 10 56 89 66 67 63 50 93 67 38 60 89 58 65 3 86 48 65 13 14 59 95 5 61 54 3 80 35 47 56 16 94 25 74 48 12 92 24 54 5 53 98 94 25 22 50 76 100 51 90 95 68 8 81 22 25 15 74 80 96 32 67 24 85 17 76 66 34 92 72 81 73 9 46 9 11 38 52
76 12 17 56 62 19 25 20 95 91 35 96 83 28 72 93 40 0 11 73 32 59 72 100 24 81 14 67 37 52 14 30 94 11 74 17 84 22 89 24 80 15 59 40 3 55 90 95 36 98 49 87 39 67 62 91 42 66 59 75 9 95 94 11 84 56 73 57 28 39 13 56 78 19 70 8 43 70 32 27 54 56 14 57 77 10 100 62 52 25 81 41 4 42 71 69 22 56 29 23
48 9 6 2 73 63 44 25 30 86 5 35 66 62 31 29 90 84 0 71 91 98 50 83 5 71 1 48 99 53 22 15 96 86 97 22 9 6 98 52 57 14 45 13 16 68 26 83 65 57 22 21 13 22 41 94 95 61 57 39 29 52 87 63 49 4 2 96 5 19 25 46 73 92 98 64 68 41 58 35 82 31 87 47 5 98 77 53 62 52 52 51 68 63 83 28 16 15 23 72
27 6 76 23 73 80 89 66 98 72 66 18 64 32 42 73 46 77 3 0 21 11 86 44 88 11 15 62 2 22 3 10 89 51 67 18 23 97 18 83 59 11 21 24 9 11 40 5 84 45 35 35 85 95 44 92 50 78 82 19 55 91 40 42 81 75 96 56 85 36 49 86 11 90 100 85 67 99 2 16 10 16 45 80 62 100 30 80 97 30 47 2 72 39 49 72 43 13 3 97
38 88 79 68 46 4 50 28 93 88 44 41 17 6 42 39 20 67 64 32 0 61 50 43 1 11 61 55 90 99 85 75 71 33 8 90 20 60 12 66 47 79 74 32 61 87 92 10 3 50 40 77 45 82 91 28 42 72 7 42 78 61 6 40 44 19 91 62 78 61 90 32 59 64 56 7 25 26 1 70 98 84 95 10 21 96 72 76 26 14 44 26 26 25 56 91 48 7 79 89
18 25 7 21 84 64 88 4 32 32 86 84 61 87 60 63 18 11 10 86 80 0 58 99 70 8 91 64 79 76 90 30 89 72 8 66 12 17 52 96 45 2 63 22 66 75 27 51 16 7 32 60 95 41 24 17 88 63 7 33 36 4 91 97 35 21 10 60 57 31 64 38 28 63 61 29 4 42 27 12 64 32 49 6 17 57 2 71 34 28 13 44 14 4 55 12 59 91 84 80
64 29 79 12 30 23 72 48 80 83 52 66 65 33 23 85 43 63 63 31 13 33 0 5 84 46 27 45 87 73 56 16 95 54 65 86 75 7 7 70 34 76 57 69 71 93 35 46 20 65 40 1 78 52 11 15 49 35 78 14 42 92 63 43 19 62 24 44 11 66 89 33 27 11 62 86 77 61 80 87 51 4 32 72 92 97 39 56 44 58 8 34 97 50 80 81 75 96 17 6
36 77 47 28 36 6 15 77 97 60 82 68 15 11 10 1 33 70 60 18 40 97 6 0 4 40 9 71 15 28 45 74 23 74 46 32 74 25 44 51 87 44 96 31 86 8 30 91 100 61 52 62 54 74 42 96 68 55 90 29 71 16 95 28 72 25 50 72 93 85 61 100 55 48 3 17 2 69 86 87 40 96 39 37 4 29 8 85 55 29 36 44 67 15 97 82 44 20 28 23
76 12 73 55 83 66 66 96 58 46 21 81 97 17 6 77 5 29 36 42 25 80 29 82 0 5 20 32 98 32 65 26 62 35 62 29 39 23 14 9 82 60 11 21 34 44 94 47 23 39 83 12 39 1 34 11 94 62 51 46 5 11 34 82 83 66 100 7 17 56 88 79 40 54 33 82 90 69 17 80 37 79 90 46 92 56 64 55 36 47 49 62 62 18 65 9 20 65 94 2
49 29 15 74 35 66 84 58 48 43 51 30 29 66 35 54 24 65 43 76 28 6 49 24 27 0 45 12 87 28 95 55 75 30 55 33 48 46 46 2 27 17 3 97 12 66 26 9 14 59 33 21 68 54 33 95 72 53 95 88 99 11 94 51 12 29 54 8 10 29 32 2 56 64 48 73 12 20 89 8 96 99 87 79 49 71 63 92 83 87 88 21 95 77 57 43 100 26 9 34
11 60 6 85 58 99 43 100 4 15 69 13 31 26 32 81 4 53 71 88 64 74 65 91 33 2 0 40 74 43 84 32 57 17 55 18 89 31 52 35 58 61 100 20 51 56 96 35 82 37 94 23 37 36 90 26 58 18 95 47 88 77 12 12 91 66 26 19 42 49 55 85 3 75 81 92 79 89 3 5 60 8 33 94 17 93 70 46 30 45 74 94 58 87 34 49 14 19 42 88
19 40 89 52 3 46 68 67 100 84 25 69 18 36 62 15 60 93 11 5 95 4 25 42 83 88 89 0 62 83 100 73 95 76 46 90 93 73 37 40 47 62 76 54 88 99 86 94 96 33 67 81 5 8 89 43 17 4 81 30 84 62 12 33 87 17 93 54 76 43 9 25 10 78 90 12 65 81 78 95 44 40 24 79 39 11 9 44 48 24 40 9 22 43 9 1 60 20 28 100
4 71 14 39 31 87 37 33 45 38 12 23 43 34 15 86 57 18 20 100 83 19 39 69 69 34 81 61 0 25 38 19 13 93 83 8 2 69 30 1 33 60 15 44 32 56 34 84 46 95 3 38 24 46 94 6 67 76 98 53 58 40 37 79 60 72 69 94 7 14 14 98 22 9 37 49 8 97 49 55 34 25 20 42 50 42 57 71 47 68 65 4 42 36 36 95 34 85 98 13
52 1 8 45 26 96 62 44 70 25 78 36 59 77 2 49 20 21 22 44 40 76 73 88 51 25 36 27 63 0 59 42 34 63 86 51 13 57 91 87 21 42 52 97 52 65 6 37 23 77 40 79 24 95 65 44 67 24 83 60 36 55 30 14 22 91 41 67 46 48 95 44 52 57 38 39 11 3 98 9 20 53 27 52 55 52 74 52 66 41 82 84 45 13 88 63 24 12 61 81
53 87 2 84 24 5 79 91 99 6 73 30 55 64 59 72 46 6 56 46 85 62 34 65 6 70 18 64 78 66 0 28 36 28 66 32 81 6 48 51 46 50 38 12 84 18 62 50 63 92 78 79 51 24 35 39 63 51 1 18 64 74 78 5 72 77 20 36 86 74 49 34 31 43 82 50 63 47 80 10 46 33 55 18 93 74 48 1 72 81 71 24 51 14 82 24 94 40 34 71
70 28 80 100 14 34 27 88 54 3 32 37 68 78 50 77 65 64 6 80 42 51 32 79 96 2 68 61 18 55 59 0 20 95 76 1 77 20 60 24 42 91 17 24 57 17 29 31 81 75 30 100 88 1 85 67 96 33 52 87 4 46 32 69 20 15 45 52 34 48 23 95 7 80 71 55 84 62 40 22 62 14 80 53 2 16 3 53 3 80 46 83 1 16 6 29 14 47 12 30
21 51 98 61 96 63 55 85 68 83 51 54 11 32 2 63 12 67 70 94 62 46 5 72 60 40 2 34 3 71 25 21 0 3 40 86 81 4 90 18 87 55 95 64 12 76 60 95 54 75 59 89 73 96 92 25 7 29 1 43 30 95 79 32 23 4 31 69 1 91 86 88 19 27 22 49 23 67 53 48 88 63 31 89 51 83 40 70 86 65 15 1 10 29 15 40 15 65 5 22
18 51 23 28 39 31 92 45 36 17 28 65 47 85 72 56 64 47 27 71 47 2 31 48 93 21 71 10 73 28 93 25 100 0 85 93 23 25 14 58 25 99 52 26 97 1 55 20 48 7 85 1 97 9 45 40 5 93 76 11 14 41 46 52 78 22 68 84 6 51 6 8 20 24 8 53 2 8 22 30 4 97 69 73 84 40 14 51 86 59 2 55 72 80 56 61 26 17 25 40
38 52 18 28 6 46 5 14 14 3 19 60 45 46 50 65 100 40 26 95 94 90 14 50 16 32 20 84 28 84 87 8 74 64 0 66 61 91 82 73 73 54 62 40 38 14 25 36 36 69 73 47 60 2 52 88 82 69 19 55 74 89 56 67 94 41 100 21 76 32 23 11 86 42 17 67 8 7 43 12 41 14 95 74 15 96 98 97 45 28 88 6 59 27 89 24 52 6 22 5
71 31 30 89 97 85 77 66 67 100 96 94 98 20 15 64 43 59 47 1 92 77 59 55 25 76 54 68 56 38 44 25 86 75 59 0 75 66 53 12 19 23 53 3 21 73 71 84 75 73 95 16 59 96 20 24 60 10 56 40 31 32 33 9 29 71 45 45 74 84 96 4 92 27 23 5 82 67 95 6 44 20 17 9 64 27 5 67 87 66 73 35 26 29 30 77 1 1 35 21
77 29 99 32 39 23 1 50 72 89 39 61 48 32 3 9 39 62 47 61 98 24 57 91 49 23 50 76 57 9 80 71 77 79 25 100 0 18 23 8 33 56 9 56 73 9 90 44 33 1 9 59 40 72 20 63 31 95 62 42 42 53 45 84 2 86 88 92 88 31 64 59 39 37 56 18 30 89 1 37 37 45 91 25 86 76 91 59 95 12 90 64 20 33 97 23 31 95 62 90
93 1 70 90 79 44 13 33 89 70 66 16 16 92 74 32 38 92 64 54 13 5 91 48 8 89 64 98 82 9 58 36 9 63 48 9 30 0 24 38 5 49 26 28 60 91 9 81 34 68 23 19 75 75 42 61 4 68 13 26 48 18 67 68 22 22 27 58 52 20 98 18 85 57 84 100 5 18 45 55 97 49 53 9 50 82 2 60 82 79 61 4 70 28 33 72 83 15 28 52
16 17 34 85 18 71 23 64 99 64 76 26 6 55 49 42 8 37 82 23 3 37 54 1 14 36 33 6 29 32 50 44 96 16 15 42 84 67 0 21 71 55 54 81 56 61 80 25 12 51 25 89 36 27 82 58 45 62 77 44 18 82 45 92 27 97 26 89 58 83 43 73 38 56 48 28 98 89 90 64 62 73 22 48 29 41 47 70 25 46 52 1 4 47 38 20 3 9 50 13
22 11 24 10 3 99 45 30 77 36 15 34 33 34 39 90 59 7 74 18 8 96 29 41 75 60 96 89 51 98 77 23 100 35 79 66 46 90 26 0 7 35 84 58 99 95 36 33 52 62 95 45 95 7 74 79 75 9 36 1 7 36 8 11 38 89 56 3 16 30 95 18 38 13 30 23 79 20 49 3 21 83 2 87 7 93 91 35 85 36 4 35 86 37 37 52 23 89 74 68
64 51 66 55 7 78 69 71 2 26 100 23 26 76 52 4 19 31 67 96 3 50 64 57 58 46 27 91 9 76 88 46 14 26 85 91 88 48 75 88 0 44 36 58 75 31 89 16 56 52 80 63 76 82 9 12 11 55 88 13 77 60 66 48 29 42 50 2 78 22 50 66 80 85 31 69 47 18 24 40 23 28 72 58 1 25 14 12 25 81 71 43 13 42 11 44 30 95 100 52
97 88 88 99 94 41 29 11 49 90 64 14 58 80 36 48 79 17 21 99 36 12 5 18 24 96 82 89 43 83 42 47 88 71 5 90 94 100 14 24 66 0 41 33 66 44 5 7 54 55 54 34 86 58 88 40 37 50 33 53 59 66 13 55 96 43 62 71 94 32 50 80 70 69 7 82 58 52 1 89 74 5 55 37 29 77 69 80 20 14 34 50 5 90 9 77 18 53 10 88
85 64 7 94 39 36 42 5 24 20 50 51 26 73 88 94 60 28 56 76 36 65 6 19 32 63 71 4 73 11 10 77 89 63 87 41 46 20 51 12 86 47 0 7 13 10 58 43 48 39 63 99 28 7 43 15 54 1 97 32 92 73 64 40 18 59 79 70 23 96 69 76 60 54 78 15 81 60 89 69 41 53 50 91 77 16 19 61 32 41 16 34 54 95 85 80 19 58 94 13
72 99 6 81 73 60 63 72 21 54 89 56 67 95 1 48 50 40 14 81 81 99 1 70 86 42 86 39 4 88 23 10 6 33 20 61 75 70 48 36 69 59 3 0 84 12 41 89 59 100 100 32 50 85 26 50 40 6 95 39 52 21 67 66 38 36 62 18 49 14 22 75 49 36 20 31 56 74 51 5 38 46 69 32 53 20 25 73 72 45 28 19 100 18 20 95 66 75 64 5
68 90 57 42 46 62 72 49 25 66 72 72 86 8 51 11 10 2 77 21 98 48 99 79 35 34 51 7 40 25 57 49 15 95 23 56 79 48 51 32 18 53 69 40 0 60 47 20 17 20 95 14 10 59 73 51 42 84 79 19 96 29 50 72 74 89 29 16 90 87 45 25 100 32 53 98 57 54 86 90 37 3 82 43 89 69 40 13 5 20 100 38 100 6 33 93 67 7 95 43
90 16 66 67 51 19 11 11 77 85 57 80 16 81 1 61 32 29 47 83 40 86 4 86 18 33 82 89 45 76 27 34 6 45 58 15 15 29 6 59 17 82 13 58 78 0 27 94 5 49 32 81 79 42 6 24 56 50 28 42 11 23 65 71 59 88 58 49 64 37 77 32 80 10 43 66 53 50 71 71 8 46 60 31 13 12 57 68 72 8 1 84 71 6 22 76 58 66 83 12
35 20 81 84 4 47 46 99 20 41 33 30 49 25 55 67 35 62 91 81 81 36 58 28 54 94 90 79 25 75 56 82 38 41 81 33 84 88 10 52 83 51 32 64 79 21 0 99 53 59 47 3 25 32 83 70 59 55 34 69 34 90 15 61 100 72 76 58 1 83 69 30 77 90 7 57 37 65 27 21 87 40 92 98 100 10 3 28 25 90 55 92 14 27 94 62 81 1 8 100
82 11 98 4 23 82 22 95 29 16 73 94 84 3 37 28 48 64 70 58 56 99 49 75 87 89 41 87 82 65 42 26 33 50 59 79 30 74 23 67 92 52 69 29 53 10 70 0 51 8 45 79 98 98 7 15 33 64 83 55 12 97 85 34 72 27 61 33 50 61 18 64 89 62 12 21 97 52 83 33 6 24 83 98 66 11 33 26 43 35 80 71 53 13 92 59 76 82 40 78
71 100 7 98 19 3 30 51 52 73 73 69 47 31 32 56 37 46 9 50 44 67 27 63 58 95 91 70 63 99 95 56 13 20 23 48 52 86 20 94 80 95 9 40 6 11 86 51 0 79 83 51 26 8 39 37 74 87 69 24 99 91 98 81 30 44 32 25 72 78 17 35 98 3 42 78 31 20 58 77 73 40 83 32 19 81 89 74 57 68 83 97 5 64 18 47 20 15 96 66
79 5 90 46 8 8 39 68 38 77 73 3 100 71 81 51 21 48 63 29 22 90 36 10 65 61 73 57 11 92 21 32 96 94 42 95 82 23 17 75 72 64 32 62 70 50 22 24 75 0 84 58 36 91 39 16 1 3 27 10 99 73 10 14 26 37 93 86 100 10 31 40 60 10 9 8 35 22 48 17 4 50 98 63 61 30 64 12 4 18 10 36 88 44 25 28 40 15 53 36
50 19 22 17 46 28 69 27 26 56 41 94 82 98 97 16 21 65 14 91 2 51 48 89 57 59 29 10 34 57 83 21 53 65 35 79 53 37 96 41 35 13 77 46 6 86 75 98 44 79 0 43 33 59 1 40 75 23 57 26 44 21 25 34 93 65 68 90 63 62 42 9 16 9 31 68 88 100 39 12 33 1 80 20 99 4 78 68 55 11 81 60 95 36 68 30 8 21 32 7
32 27 43 5 95 9 24 50 65 85 1 21 88 25 41 30 93 52 95 88 5 44 88 99 91 8 93 25 61 58 65 66 75 90 95 11 78 15 75 19 100 96 79 2 77 8 32 27 21 35 75 0 25 6 92 83 39 18 51 25 100 58 88 80 59 39 95 23 24 12 87 4 35 17 22 54 66 63 30 23 53 33 38 16 51 67 85 91 100 54 27 72 54 14 99 40 22 24 28 46
11 82 77 7 94 5 25 38 97 9 71 5 90 13 79 39 45 95 89 99 46 51 11 81 12 48 23 84 71 91 91 61 17 33 92 16 21 59 35 2 28 85 58 10 84 56 92 40 47 21 100 62 0 49 60 84 5 93 77 15 70 6 3 31 60 9 83 93 88 38 28 75 63 95 73 29 82 41 38 9 70 66 29 92 98 70 73 93 4 87 26 72 18 35 41 9 35 28 1 28
93 98 15 69 44 57 74 50 53 67 32 12 82 34 58 75 75 95 87 62 65 2 89 50 26 2 60 72 9 97 67 69 57 37 92 70 70 51 16 45 19 12 57 95 35 38 46 86 11 29 37 35 57 0 59 83 4 68 31 56 12 55 69 25 91 91 7 36 69 61 64 11 20 21 62 30 73 90 39 87 13 83 100 12 77 84 57 40 8 62 46 90 93 76 28 27 72 71 25 54
34 1 28 63 53 26 40 98 19 47 96 43 64 52 65 79 43 50 53 64 32 62 91 49 48 45 5 93 70 61 73 47 82 45 41 84 93 14 98 17 48 65 50 68 14 25 34 50 61 65 83 15 41 63 0 23 93 95 94 24 86 61 46 60 42 64 34 4 98 100 13 27 24 8 2 16 79 48 62 41 50 31 96 74 97 19 57 52 15 37 10 54 16 31 32 11 87 52 3 56
61 58 95 93 98 95 63 27 56 94 99 80 74 94 33 91 13 53 28 87 47 15 55 35 45 58 81 8 11 74 77 95 20 94 8 11 68 66 79 22 67 80 72 100 10 57 85 9 29 93 37 41 32 59 42 0 10 79 56 8 33 70 11 60 53 25 34 81 77 97 7 36 58 80 90 58 2 39 48 88 40 3 21 42 96 34 80 38 100 32 3 37 88 94 94 100 87 50 40 68
3 29 33 98 67 15 7 63 96 41 80 9 85 36 62 73 53 73 14 53 12 93 39 20 91 49 95 48 80 56 40 47 45 69 17 27 60 59 96 41 24 59 64 57 64 77 76 73 65 86 18 39 43 22 2 65 0 80 55 39 96 89 12 20 25 90 40 57 65 5 38 9 95 77 97 76 24 100 84 62 54 70 33 47 10 36 71 6 53 1 63 100 26 98 4 54 90 100 59 76
73 95 94 50 5 30 67 52 93 34 22 45 28 54 49 41 32 8 68 52 66 53 49 76 52 46 17 83 23 42 29 58 38 18 21 58 7 33 50 73 93 61 7 53 76 55 66 64 62 50 17 88 82 15 18 35 95 0 45 43 95 2 32 42 27 33 53 65 46 34 64 74 50 43 74 11 6 72 63 37 73 7 31 34 26 56 93 1 83 66 49 62 62 29 31 59 36 38 44 11
10 64 21 26 39 65 81 46 28 82 48 41 95 68 30 27 57 8 18 51 94 50 67 5 99 75 85 47 68 64 96 55 90 27 55 82 61 69 9 91 62 61 40 78 54 61 92 71 10 39 49 46 76 11 33 42 96 16 0 75 35 8 64 77 5 6 26 26 11 91 63 46 60 37 85 38 93 34 17 32 36 81 19 68 57 39 8 11 36 47 40 9 34 98 62 62 17 45 53 93
40 65 48 77 99 13 82 57 57 4 77 71 100 22 46 6 82 41 74 68 30 1 31 31 93 36 21 40 11 72 32 50 69 3 68 37 30 82 40 79 11 71 40 37 8 88 18 83 17 53 97 25 77 49 89 65 35 98 78 0 30 67 99 55 24 79 46 11 75 79 7 16 79 62 52 76 77 32 21 41 87 78 7 80 73 10 85 59 16 44 2 48 45 12 6 91 23 77 5 92
27 47 10 80 41 23 69 35 47 64 91 46 46 90 28 48 77 63 7 59 82 1 10 37 8 80 96 82 59 24 80 23 100 18 97 50 72 68 16 17 61 20 43 81 100 17 83 25 84 21 92 19 60 93 49 83 88 61 51 30 0 56 59 52 90 71 97 29 17 50 88 53 55 8 24 76 83 13 29 16 66 31 80 67 10 99 32 39 58 69 68 85 14 90 26 75 51 95 97 45
13 58 56 58 33 42 48 100 98 85 65 59 64 94 36 38 41 65 51 81 59 46 14 99 26 65 98 100 43 72 65 23 59 12 75 73 83 83 84 5 4 56 2 77 50 44 69 15 90 99 97 58 70 7 89 56 22 69 95 96 61 0 32 40 25 69 80 66 97 60 38 23 80 80 66 90 29 74 97 70 75 54 38 27 86 3 89 46 2 71 66 3 61 62 64 46 4 77 34 23
74 17 92 23 29 6 87 13 15 30 14 81 46 94 20 24 38 49 64 97 27 71 12 92 74 6 87 94 47 69 94 49 33 82 8 22 75 82 31 21 56 62 3 24 12 29 59 21 60 1 55 66 48 20 71 34 35 92 94 90 4 99 0 12 37 73 82 11 98 8 76 26 17 43 15 3 45 80 95 13 61 70 46 94 41 8 97 43 4 52 62 40 64 77 34 52 94 90 46 16
65 62 33 60 70 20 9 2 90 99 40 4 92 96 18 86 49 85 50 97 2 10 81 23 13 35 58 90 89 56 41 96 36 14 55 53 62 43 12 9 100 77 84 34 79 28 26 27 24 5 47 19 53 36 88 27 54 42 64 74 45 4 84 0 3 47 36 68 82 29 69 99 60 4 70 84 73 65 44 49 80 36 85 24 50 20 6 73 89 37 14 10 64 30 85 27 56 58 71 83
53 22 69 39 58 40 62 78 76 67 19 97 54 39 17 66 58 100 45 80 8 31 26 6 60 13 100 97 11 73 88 64 15 69 79 31 12 73 12 68 6 36 22 47 92 43 41 68 100 76 52 39 85 16 60 99 19 13 63 88 33 32 19 75 0 81 18 16 73 69 62 9 25 77 16 4 34 7 97 52 73 42 24 95 8 56 39 50 41 71 19 12 5 42 66 56 93 13 7 35
46 14 21 73 61 72 48 97 71 26 21 95 67 98 53 11 51 100 46 24 52 9 38 74 79 25 77 95 52 48 29 56 89 50 97 12 96 39 67 37 38 38 91 58 73 62 50 82 98 98 100 84 64 29 22 70 8 10 35 23 38 27 78 19 44 0 34 77 9 90 62 78 25 75 6 99 81 72 67 31 74 98 13 88 76 26 12 40 18 45 78 50 69 86 4 85 81 36 2 79
29 12 8 88 15 69 11 97 72 2 38 17 35 42 69 88 69 64 76 47 96 53 61 56 97 16 69 31 65 28 16 97 16 77 59 25 54 28 32 73 6 9 49 92 67 16 60 82 59 76 47 68 24 85 34 66 95 64 96 3 67 97 87 49 22 13 0 62 94 31 50 54 7 12 68 58 67 64 61 39 7 38 17 39 78 28 25 10 56 30 70 15 77 67 23 49 29 11 12 53
30 92 89 97 66 82 74 27 82 61 89 8 48 85 75 97 97 66 12 56 58 80 51 84 54 38 85 46 54 98 6 20 42 100 9 36 20 100 14 18 81 51 27 35 55 70 38 66 22 85 43 33 28 35 21 21 6 15 28 7 12 72 7 35 45 31 92 0 47 51 77 57 82 45 16 52 52 29 35 51 52 28 98 78 88 78 48 22 61 27 55 88 64 67 1 7 58 87 45 16
36 36 94 44 74 14 78 64 97 5 88 56 25 68 15 76 30 92 66 81 67 12 24 65 36 63 9 7 33 17 47 53 84 75 71 60 4 19 61 26 49 69 19 91 56 77 90 26 66 38 91 22 1 70 4 34 92 71 95 30 88 94 40 49 93 81 28 15 0 19 100 23 39 26 12 82 99 100 79 34 4 97 23 13 29 6 83 42 95 83 1 25 56 39 87 97 34 99 20 89
7 19 34 2 30 44 30 51 4 19 47 48 41 51 12 65 3 18 26 15 10 50 52 21 33 99 67 76 100 65 20 61 71 3 44 77 32 4 10 87 22 27 77 47 62 55 2 15 6 56 56 22 57 48 19 56 81 70 46 79 57 52 87 17 35 17 82 45 53 0 49 41 37 93 54 47 23 59 9 31 6 12 66 4 71 8 66 52 5 92 17 45 26 31 87 60 53 16 44 77
16 69 88 92 84 82 19 7 20 87 46 8 19 56 95 79 78 9 87 13 14 99 12 16 27 58 79 43 81 24 20 56 72 91 21 93 27 43 10 89 43 7 26 97 3 14 31 84 52 70 56 35 1 77 64 1 36 84 7 87 32 81 61 56 88 52 35 41 87 98 0 3 56 71 79 44 42 27 50 74 39 47 23 92 90 47 66 59 26 36 78 40 30 20 2 27 80 81 27 63
60 68 26 65 76 64 34 60 43 86 45 12 73 22 42 48 82 59 86 46 7 19 27 33 42 55 66 66 100 58 17 80 30 38 31 94 78 67 69 32 12 31 13 81 53 82 72 71 83 15 5 90 67 78 33 15 76 94 76 98 21 47 18 47 27 40 57 9 29 18 27 0 81 93 81 56 33 68 45 64 18 69 53 11 93 22 16 41 82 40 88 37 79 71 76 1 83 27 63 85
10 49 39 9 70 13 69 5 40 17 58 40 1 15 18 89 17 93 57 83 61 98 43 46 41 8 86 35 28 77 35 25 53 51 38 67 100 82 27 56 2 56 49 97 55 31 70 45 56 19 70 30 100 62 45 32 80 18 44 16 36 19 84 51 42 15 5 73 10 38 50 77 0 87 74 63 39 32 48 45 37 3 53 97 27 96 68 7 9 12 57 86 32 1 43 65 26 77 23 42
66 77 91 87 24 39 94 14 69 65 25 66 60 87 54 52 33 45 60 5 91 65 48 8 42 87 43 16 94 22 62 12 3 92 47 91 42 55 37 81 36 66 23 30 26 83 70 75 97 26 50 62 9 20 71 99 98 23 33 15 63 33 1 68 51 37 99 59 69 77 26 65 99 0 66 71 25 3 10 70 28 71 24 61 55 92 59 99 54 74 4 90 31 17 10 2 85 52 64 91
98 39 18 33 44 4 34 83 31 60 94 93 81 83 54 95 72 2 67 39 98 16 55 46 71 21 1 76 39 27 42 95 59 75 46 51 33 12 57 84 96 99 13 79 41 80 5 2 49 88 52 16 21 92 4 5 53 18 79 72 86 55 26 63 89 81 2 55 44 14 52 34 55 10 0 77 49 85 43 80 99 46 39 19 5 89 40 21 19 59 71 26 9 31 86 89 95 37 33 12
58 17 76 46 41 73 60 61 11 60 19 84 67 70 94 46 62 69 94 65 20 38 34 39 76 97 29 71 38 51 60 5 27 69 23 32 96 14 1 93 80 54 9 36 20 15 65 70 52 54 6 98 80 46 27 94 64 96 87 3 34 18 24 82 71 35 10 49 41 58 69 100 60 47 49 0 13 83 63 28 100 74 79 70 45 74 86 76 84 69 96 41 37 57 32 99 41 24 32 87
42 47 24 37 40 7 56 26 18 64 6 55 98 41 28 20 77 60 44 82 51 48 22 7 7 9 23 100 12 5 50 87 78 37 13 23 52 94 11 1 40 95 70 23 62 92 33 68 62 72 58 94 56 76 25 72 38 44 28 91 21 71 27 13 6 29 85 5 44 49 63 66 34 27 9 58 0 34 71 10 15 62 28 45 87 48 98 77 29 100 95 75 60 54 44 43 59 29 89 56
30 96 3 73 37 77 82 100 14 92 87 92 61 90 90 60 33 57 53 35 58 45 50 47 79 25 40 48 62 96 38 58 78 52 20 3 61 69 59 71 50 66 87 90 74 5 67 53 56 85 85 30 75 48 13 21 13 20 66 72 49 35 8 86 81 76 72 72 42 1 1 74 54 58 64 13 9 0 24 43 78 80 34 75 74 83 30 16 29 16 65 18 6 17 37 95 69 95 96 5
56 86 57 73 28 94 23 21 12 19 94 98 32 17 86 11 39 74 30 23 51 54 62 97 66 50 35 27 39 21 16 44 19 55 46 36 23 27 92 78 31 68 28 76 47 96 83 71 66 46 73 30 23 26 34 30 33 19 88 8 60 33 16 43 86 9 68 40 89 43 43 32 30 95 49 77 22 67 0 59 9 86 57 11 60 84 76 13 62 18 33 4 42 59 1 8 81 36 94 98
14 18 52 63 6 17 77 47 5 7 80 92 45 19 23 87 59 35 24 30 84 65 52 72 28 18 24 48 31 46 12 13 78 28 49 52 9 9 41 42 83 12 66 60 58 93 66 61 13 28 63 87 8 31 71 40 92 19 18 44 100 58 55 88 84 85 66 49 76 37 32 71 29 38 82 74 28 85 19 0 2 96 35 71 39 15 26 3 79 28 2 91 21 76 90 9 40 56 55 51
48 35 42 6 66 53 25 82 13 52 86 9 53 30 36 14 54 44 60 32 70 78 69 92 29 56 22 20 24 93 59 92 92 79 18 63 70 52 60 43 43 33 33 54 8 60 78 7 92 11 93 81 68 32 50 95 65 23 64 36 29 73 84 66 49 79 79 86 27 91 72 14 59 47 76 3 60 14 82 86 0 53 77 79 75 70 15 79 90 89 2 82 18 58 59 25 67 91 16 41
20 34 68 77 74 9 15 41 68 15 12 88 79 100 34 36 46 96 79 74 40 90 84 31 58 64 34 65 37 62 77 22 60 47 76 11 55 49 56 4 56 73 18 12 23 47 80 83 9 88 36 11 13 10 2 79 24 94 15 1 63 86 87 44 79 93 51 6 33 42 71 95 12 77 40 49 64 65 50 25 1 0 1 18 40 53 66 95 35 75 37 47 37 13 99 48 78 17 69 49
21 40 58 63 4 24 76 62 76 28 18 1 44 74 41 61 99 8 75 63 82 88 81 44 48 55 77 67 24 5 70 25 53 20 88 69 46 19 17 43 13 10 18 55 90 3 52 53 1 63 79 67 64 3 13 83 40 70 76 49 31 9 45 93 46 34 72 48 57 30 37 93 60 78 38 12 35 69 63 73 78 76 0 24 70 14 47 85 68 87 20 24 9 66 34 69 28 4 89 2
12 98 4 35 46 73 76 60 66 5 23 58 7 50 53 84 12 34 57 42 91 78 99 97 16 65 95 63 45 83 69 66 78 92 34 60 36 47 56 89 88 58 11 76 25 100 5 9 94 98 96 76 51 73 62 55 4 81 6 30 45 38 6 40 5 35 28 7 5 43 19 33 11 17 38 33 44 13 64 85 80 66 61 0 18 86 71 29 87 4 65 35 55 9 54 84 60 53 15 42
49 78 69 99 12 81 99 39 19 73 93 59 42 12 40 76 8 7 93 100 75 57 49 72 17 15 87 39 78 87 25 71 13 99 5 98 27 66 6 12 99 18 32 72 67 53 54 53 52 41 36 71 48 90 13 7 9 28 77 96 83 79 72 44 92 44 46 55 8 81 20 98 83 76 38 29 19 80 99 7 87 82 17 67 0 10 24 38 8 59 80 23 97 69 28 85 64 66 9 14
26 32 58 45 61 67 51 2 64 44 7 28 63 56 96 11 19 10 46 62 53 38 87 50 24 97 26 70 32 90 5 59 51 51 50 51 68 30 43 9 55 89 74 52 52 32 40 16 70 90 8 20 96 6 9 54 44 35 29 5 40 4 34 69 19 62 24 32 60 1 20 7 1 25 35 71 55 2 78 70 26 71 7 17 49 0 80 98 11 25 91 82 1 95 13 27 74 32 19 24
55 8 91 57 79 3 62 45 85 88 55 66 91 18 14 70 63 6 4 33 69 60 6 53 83 43 17 55 48 12 92 47 25 41 49 60 87 59 31 29 31 26 18 32 11 23 21 82 73 69 93 36 87 99 34 52 45 41 27 60 25 54 31 68 36 87 55 7 37 46 92 41 83 34 61 76 60 99 62 62 79 10 27 45 66 24 0 32 94 77 96 92 8 46 30 54 40 94 73 68
24 54 17 85 33 4 20 84 18 56 24 51 94 70 67 16 1 26 93 77 64 71 58 99 52 74 36 55 94 86 88 12 77 58 35 74 27 3 51 96 1 72 89 82 51 33 86 9 53 79 8 59 32 77 51 20 32 44 32 92 99 41 16 76 55 85 32 59 42 14 100 45 19 8 13 61 56 68 75 45 67 36 36 44 46 61 37 0 57 24 71 91 23 97 66 61 100 58 98 48
36 31 76 43 66 70 72 54 26 26 19 51 73 8 74 94 94 85 14 18 76 76 64 67 42 71 69 54 63 78 6 87 89 92 81 44 27 60 79 36 40 52 19 22 28 80 77 68 59 69 37 95 81 52 75 50 4 2 86 11 77 7 97 74 70 97 13 34 73 63 19 29 66 6 95 52 75 83 49 72 21 74 8 39 85 8 64 27 0 56 73 78 58 15 49 63 7 91 29 25
85 88 40 18 3 90 69 59 36 57 29 34 96 10 94 5 67 71 19 2 66 100 25 100 13 49 92 95 64 56 100 40 91 3 23 89 8 55 68 36 63 64 73 63 42 45 14 67 59 96 51 30 83 11 44 12 89 42 15 34 24 5 63 55 94 59 80 19 58 100 16 25 44 40 65 77 57 5 84 67 58 79 26 68 15 49 85 58 93 0 63 72 60 67 50 25 8 26 83 35
81 32 15 84 34 13 46 3 4 97 16 3 56 1 57 26 28 72 9 33 79 6 35 93 69 62 83 30 97 28 55 80 20 58 35 36 7 11 22 5 64 39 97 88 86 19 42 9 61 16 85 47 42 56 3 64 73 11 48 63 22 56 49 67 26 57 72 9 89 93 23 49 92 29 15 30 5 82 17 48 81 46 52 80 23 74 18 47 83 91 0 14 11 65 46 3 35 39 19 26
34 91 1 17 20 82 21 28 17 66 16 82 83 58 22 22 11 35 89 65 51 84 19 47 7 16 13 25 14 65 30 73 8 81 68 81 74 84 53 99 42 16 5 82 54 45 92 27 76 17 56 79 56 72 82 36 18 58 94 24 70 98 12 45 22 39 97 23 64 55 23 80 1 3 22 37 37 21 57 47 72 73 77 33 26 87 60 74 25 11 85 0 19 21 3 67 42 21 74 61
54 75 86 91 3 84 4 43 94 72 12 51 2 14 12 50 50 57 73 73 27 42 4 21 39 41 28 90 72 75 9 36 27 90 83 23 87 1 33 32 66 91 96 32 64 99 100 19 23 73 25 46 28 80 20 51 27 51 5 14 75 99 33 86 85 40 40 100 14 32 60 24 100 25 62 15 85 90 3 94 100 34 56 65 2 61 39 6 72 83 81 61 0 87 50 12 54 77 49 10
75 63 40 61 68 5 76 22 56 65 55 45 72 32 31 54 52 95 37 66 52 2 29 57 93 76 59 32 52 18 68 65 2 10 5 30 24 60 22 27 23 52 15 8 88 7 46 70 66 73 64 75 2 84 85 41 84 70 15 92 46 81 91 44 99 43 32 29 63 18 64 19 28 62 53 50 100 6 57 34 90 98 47 72 51 83 95 9 88 13 40 13 34 0 33 64 64 85 94 40
97 78 2 35 92 32 71 90 54 21 73 86 52 91 28 41 49 77 54 22 28 76 57 85 26 41 99 28 1 33 80 38 79 100 1 73 11 77 72 61 65 31 23 15 93 54 94 31 12 65 33 12 56 25 87 31 63 46 62 68 91 41 59 65 90 58 95 75 67 85 55 54 81 69 9 85 45 48 59 20 19 34 25 8 31 73 25 41 20 74 7 14 94 98 0 8 77 42 20 27
69 90 75 65 70 8 84 26 12 59 22 1 45 61 14 58 45 98 73 20 56 38 73 98 79 85 57 55 47 91 58 25 87 14 59 71 76 5 95 83 88 33 15 67 85 83 90 27 32 76 66 73 39 40 98 30 87 10 17 80 54 66 91 62 44 76 1 51 85 41 59 91 5 5 19 16 28 76 25 13 53 3 3 38 70 38 46 87 73 59 78 27 99 58 27 0 53 98 52 58
62 28 99 68 87 99 96 86 70 99 12 53 39 9 45 40 68 38 20 33 22 63 64 8 93 49 95 72 96 56 42 28 29 62 43 34 26 77 33 48 20 9 71 59 38 38 43 17 84 74 31 78 71 36 59 71 8 52 21 8 64 89 1 85 82 58 25 4 97 21 2 85 74 31 34 34 82 81 65 78 24 99 82 34 21 19 62 32 49 9 17 28 31 19 98 68 0 99 24 62
75 15 9 17 86 68 16 27 31 50 57 26 76 90 44 69 68 89 54 78 5 69 31 78 31 45 24 73 65 38 28 45 90 73 23 47 85 17 60 93 6 18 88 55 37 8 41 17 38 62 3 71 52 14 75 68 62 29 69 54 84 61 80 74 14 99 25 4 24 27 8 45 66 43 49 9 55 96 3 33 74 100 87 97 100 50 56 52 69 60 94 72 85 10 25 78 7 0 44 64
75 94 57 87 61 84 60 7 89 17 88 1 21 100 1 35 68 17 51 94 97 99 89 87 73 53 23 53 51 32 36 56 74 99 79 66 12 96 70 80 6 3 10 88 69 73 18 81 67 27 42 42 83 77 5 64 79 50 6 11 31 90 24 37 35 56 93 4 70 53 1 38 15 53 81 23 10 1 6 6 67 47 96 19 6 3 51 33 3 50 85 32 94 13 68 51 83 59 0 43
98 51 44 8 35 83 16 100 46 19 72 55 1 72 35 80 22 43 100 64 2 68 36 19 67 38 64 35 54 82 46 81 22 52 85 44 21 35 82 65 94 72 29 57 92 61 73 77 2 89 73 71 94 64 4 35 33 33 4 41 6 75 11 47 3 56 91 60 89 79 69 71 18 70 45 73 82 92 28 41 31 8 58 77 43 17 26 51 69 63 77 92 23 99 64 26 86 40 87 0
