100 100
371 169 496 501 256 720 700 567 201 380 805 166 541 813 431 334 195 581 1 853 252 696 804 782 485 331 380 843 538 504 417 366 375 107 255 572 639 293 257 487 856 514 620 398 926 737 39 731 635 239 769 776 544 768 563 47 677 260 388 277 28 866 99 106 340 916 391 392 217 670 963 822 449 732 157 392 738 471 357 60 366 867 235 355 192 360 505 561 121 875 799 260 707 985 926 669 231 983 580 862
9 585 606 777 153 13 564 16 493 803 845 510 433 196 612 40 665 635 418 298 525 820 451 506 411 728 941 499 723 42 898 777 51 969 759 659 427 643 860 538 27 226 220 972 952 13 775 413 949 198 59 708 990 475 754 357 488 651 772 688 37 304 724 357 947 179 824 761 172 576 355 178 544 727 581 700 774 12 186 117 42 612 695 27 136 436 688 480 967 23 799 631 128 948 728 318 397 498 888 479
119 905 539 133 560 679 444 351 440 491 967 52 26 761 363 492 30 75 747 367 674 152 971 340 433 379 904 368 638 395 592 201 513 18 497 821 807 829 669 924 393 503 843 623 515 466 233 291 909 43 37 150 510 600 947 141 323 481 865 471 632 17 398 842 85 911 256 256 50 21 109 717 133 260 234 424 328 122 343 500 680 562 859 913 655 358 708 20 635 162 550 72 48 552 997 391 24 380 598 633
491 260 335 647 762 982 855 101 940 894 432 978 700 610 737 677 242 3 264 589 93 786 357 733 930 53 809 507 886 365 213 340 927 741 903 77 849 249 72 936 709 393 385 545 36 592 107 284 777 421 357 478 860 837 744 444 98 435 455 779 90 398 802 133 547 45 530 813 425 609 511 727 734 503 188 711 653 905 444 444 737 215 902 737 580 231 796 40 4 167 730 979 528 923 281 953 121 535 859 200
283 930 785 813 35 693 551 30 82 751 713 432 263 262 664 386 658 564 669 941 205 484 838 86 885 887 446 90 846 272 958 397 526 8 361 206 903 174 222 371 776 271 718 468 557 77 29 623 26 488 286 896 695 70 847 962 533 912 172 534 335 482 535 446 772 326 653 287 552 143 427 921 426 733 591 773 448 209 476 162 927 598 925 555 271 546 274 264 139 152 16 184 678 548 939 168 433 906 143 890
713 923 20 525 133 220 256 53 413 205 22 135 174 284 100 596 882 251 130 543 796 668 686 652 297 487 229 158 834 822 196 389 830 246 924 283 188 442 196 250 646 253 616 996 306 676 344 21 466 190 99 329 563 433 986 654 690 425 145 709 682 111 496 499 131 677 456 422 300 978 848 374 953 582 383 210 352 603 820 420 901 678 938 122 477 25 927 506 623 686 628 25 222 938 814 968 956 819 594 491
81 351 888 423 385 515 38 856 419 845 942 644 445 983 130 496 85 785 187 621 618 737 640 62 426 793 116 528 189 725 608 6 86 655 552 496 49 953 762 520 536 670 176 498 279 894 399 957 392 357 264 177 833 302 899 535 177 73 284 247 946 494 262 530 415 68 147 710 911 731 406 639 154 322 503 144 432 518 493 950 569 168 635 724 999 82 201 864 311 278 947 682 847 258 94 972 457 860 358 595
813 941 990 905 662 325 303 171 683 252 697 78 781 416 663 137 335 880 116 919 649 292 460 483 768 766 158 736 952 169 869 181 849 188 942 345 967 555 3 544 731 683 318 634 55 40 562 860 127 45 418 526 643 638 101 808 65 701 65 313 439 512 948 446 302 563 682 884 922 720 161 930 822 831 976 661 468 795 942 321 730 724 927 841 440 354 8 532 630 492 436 268 491 941 703 36 880 687 783 813
690 255 131 789 686 805 148 13 8 967 528 349 596 913 253 542 789 594 986 859 659 726 121 13 863 460 185 122 114 579 696 561 140 334 510 245 465 145 44 364 750 878 516 634 913 897 450 55 597 972 575 441 476 888 422 679 488 97 871 284 922 4 242 964 420 287 774 679 610 341 103 982 546 749 277 198 668 607 257 784 925 458 347 299 846 404 78 839 89 583 989 599 219 828 959 666 597 792 910 141
989 935 510 865 193 241 824 436 795 839 14 615 616 314 49 491 451 17 606 505 879 692 983 981 641 322 389 710 91 819 363 437 269 603 823 103 647 156 913 688 457 630 710 54 211 158 566 591 512 808 761 32 285 882 360 740 376 351 400 629 283 645 577 153 152 4 309 436 239 371 612 814 994 896 100 713 481 491 262 610 217 263 531 417 112 903 382 438 804 578 850 778 433 738 948 879 937 622 396 685
13 625 397 867 658 527 260 486 655 117 477 80 347 874 888 976 971 997 779 321 545 604 601 338 200 478 448 314 772 182 312 310 230 596 175 657 429 402 674 127 985 776 662 237 952 884 789 232 203 825 780 288 259 11 208 41 237 981 360 567 461 647 830 851 694 423 488 310 959 250 235 928 522 455 247 302 934 233 693 190 124 936 700 840 318 754 611 266 83 402 858 48 784 37 441 663 488 574 818 693
76 37 130 814 182 80 194 269 79 822 444 997 945 188 785 867 470 390 567 219 79 475 408 387 785 885 509 199 185 164 657 442 360 199 811 581 370 582 716 96 649 550 742 403 542 306 429 767 671 426 15 229 932 395 894 570 276 971 983 567 516 503 515 145 95 794 739 785 946 884 904 97 198 918 608 417 80 509 653 750 669 35 839 31 7 237 866 883 493 529 786 578 222 553 26 414 237 413 501 141
585 624 348 686 636 585 269 550 835 627 844 774 756 355 972 395 155 671 142 369 488 742 586 501 602 327 12 245 759 449 61 390 299 892 890 675 645 659 986 412 338 695 696 666 217 809 480 669 789 843 847 313 857 859 372 283 301 29 42 603 599 380 791 968 293 253 95 322 287 297 169 376 554 685 691 222 886 479 114 867 976 382 209 725 964 446 810 665 91 535 251 11 106 706 280 254 739 543 727 784
484 566 272 829 486 720 562 559 928 433 955 887 185 404 728 906 501 962 938 411 999 681 890 73 28 758 459 405 16 535 229 474 226 734 618 17 410 661 241 911 555 355 408 166 756 633 407 661 728 516 240 780 621 831 242 577 346 900 28 984 393 86 54 819 652 62 172 421 892 345 356 268 964 298 590 291 316 105 523 993 329 903 446 826 426 661 640 191 654 409 440 716 465 923 327 62 317 722 136 608
181 78 350 985 733 674 585 99 925 296 288 698 317 520 154 574 466 55 424 559 333 504 713 741 925 969 369 690 827 333 380 380 292 385 909 474 572 845 219 497 404 410 402 788 718 562 567 983 912 680 597 806 28 541 854 991 960 292 979 128 993 459 324 862 802 286 947 155 931 313 410 603 21 442 557 571 17 337 170 943 296 86 301 863 501 117 704 69 759 735 432 77 291 424 18 193 638 841 612 848
911 906 265 363 675 182 884 748 859 386 190 131 335 955 218 910 862 275 517 899 461 160 603 470 213 497 212 794 450 342 262 246 205 563 404 493 907 152 188 569 430 488 439 782 105 940 41 807 457 444 480 935 863 185 641 53 323 986 493 301 338 641 571 175 863 664 800 903 216 198 529 424 183 352 313 605 745 413 925 526 436 307 85 723 809 432 214 608 672 758 122 717 51 381 848 185 51 414 184 131
631 306 407 668 347 429 168 564 628 443 172 519 793 405 104 388 798 559 621 674 50 673 757 479 169 704 313 679 84 768 512 757 107 257 665 993 532 595 25 502 293 224 968 495 566 892 926 933 874 211 875 839 756 31 836 903 655 148 338 669 693 307 700 50 65 975 628 691 320 703 183 936 553 496 118 480 214 47 90 179 730 112 365 668 802 934 291 376 857 511 6 671 340 114 233 230 460 464 436 47
993 197 279 502 603 473 594 648 20 151 17 450 386 362 949 427 344 175 932 47 708 11 171 681 339 193 818 805 345 688 21 735 13 823 379 291 472 342 16 202 758 723 805 485 549 829 639 146 187 832 293 256 356 877 699 944 336 189 435 930 315 515 875 241 414 875 41 420 420 579 195 10 775 116 820 49 144 796 305 131 757 84 833 406 252 17 642 687 702 106 617 306 983 940 569 392 114 541 109 725
857 243 720 484 106 176 753 762 406 469 365 580 675 600 789 526 953 811 118 354 225 570 582 632 504 209 716 504 900 64 249 97 446 84 603 501 605 506 657 739 371 211 456 464 681 471 611 436 670 567 753 621 76 99 553 602 427 100 808 645 399 848 755 133 189 920 208 623 739 247 158 641 413 457 494 284 803 45 881 899 128 465 32 388 957 905 155 97 132 395 889 915 553 426 374 181 874 540 707 312
408 714 167 640 221 900 594 562 589 847 866 160 170 517 79 611 687 55 530 396 758 576 715 31 469 129 350 404 402 764 999 251 600 192 181 499 898 161 858 208 932 280 851 391 377 998 818 814 622 529 417 813 261 824 617 443 910 49 256 191 753 189 625 436 79 348 501 647 430 322 896 208 898 589 463 523 896 914 445 90 646 275 588 945 719 304 560 653 690 983 271 282 954 393 437 255 841 98 156 696
981 196 929 304 916 897 530 121 652 227 51 482 915 515 319 875 109 922 380 1000 636 142 903 776 634 364 151 161 249 39 614 81 460 323 681 179 855 449 768 693 992 519 673 394 65 578 855 104 533 147 384 816 408 555 677 86 628 444 882 852 717 86 157 559 710 235 787 93 101 576 110 266 9 256 899 142 764 574 855 964 19 702 786 945 298 697 740 951 412 300 43 182 697 220 215 118 632 696 948 35
115 330 567 533 242 179 84 994 544 418 300 995 466 449 380 568 766 885 440 400 888 256 926 682 343 604 943 393 110 781 409 551 406 84 567 201 112 836 890 427 513 635 968 752 479 367 115 911 832 770 933 477 561 3 703 868 900 346 353 21 683 472 67 455 272 89 938 379 791 823 719 979 459 44 969 983 517 611 371 804 684 300 704 970 158 426 58 704 108 43 402 454 83 916 513 910 199 709 125 575
874 344 480 88 74 106 546 998 865 563 607 354 142 616 116 386 736 994 938 250 627 906 436 47 883 244 317 448 549 373 531 505 830 659 305 109 274 855 808 823 454 521 132 45 858 57 229 506 590 429 292 766 429 972 30 613 695 781 269 609 560 85 209 572 78 907 237 910 992 34 102 431 41 635 591 441 796 387 591 69 890 896 460 761 22 116 985 907 314 804 571 805 42 951 969 789 438 878 65 415
6 381 72 49 222 307 809 659 968 851 999 873 280 647 70 30 531 166 435 918 305 859 259 624 625 442 193 567 731 798 346 420 361 252 178 778 167 414 889 613 690 501 584 335 997 406 181 49 958 399 591 682 807 175 307 247 464 487 708 231 633 553 809 194 5 811 81 702 19 888 186 109 446 876 870 254 156 457 118 6 12 18 457 491 208 684 237 301 82 724 719 105 683 849 909 219 127 247 432 360
236 757 775 518 977 916 806 376 698 60 478 241 706 20 733 276 802 78 358 590 389 581 156 97 846 403 856 965 305 452 347 901 422 905 37 60 213 969 411 866 19 738 710 214 218 96 736 794 302 888 394 150 876 500 321 138 389 315 984 331 120 244 990 705 998 991 256 395 903 512 697 295 498 25 421 586 1 923 213 96 59 192 565 529 531 16 762 840 445 517 415 49 169 133 558 335 288 445 635 447
267 797 76 764 308 243 405 288 572 375 713 467 659 97 290 155 342 954 625 529 706 413 1 948 534 195 710 612 623 93 443 724 510 898 761 253 284 694 755 540 653 947 254 631 42 446 935 873 864 440 308 135 687 999 868 54 669 729 530 715 400 797 165 111 898 118 819 509 966 820 243 210 122 328 666 663 957 196 118 454 31 86 38 63 536 63 626 549 488 35 583 946 206 903 778 787 404 778 926 761
352 242 769 230 781 197 705 769 511 696 475 501 22 382 828 324 762 809 440 923 61 206 16 739 550 56 105 284 209 140 551 613 923 308 201 596 756 923 893 462 533 300 284 812 673 767 880 827 392 840 466 342 270 853 241 170 251 477 517 894 875 416 465 765 694 862 982 777 193 320 908 29 619 597 531 830 300 698 368 568 871 938 900 841 129 557 774 420 658 648 825 101 336 377 112 28 650 644 261 999
866 887 273 680 340 191 909 24 819 61 552 694 571 657 937 393 841 321 244 669 302 478 778 773 490 883 120 54 254 90 898 116 154 813 544 524 84 166 790 540 170 172 82 474 503 74 399 216 441 326 318 177 380 107 436 323 615 355 614 361 59 524 696 475 388 645 918 108 817 574 938 728 981 866 132 120 888 242 560 179 135 630 280 811 247 650 858 922 794 404 909 471 744 454 869 664 230 420 918 309
764 659 797 511 760 787 521 475 625 955 408 463 278 472 103 984 404 833 562 205 918 114 937 596 775 91 963 951 347 645 564 851 27 584 810 165 159 404 374 672 326 826 701 775 98 509 406 683 478 851 454 162 25 426 71 902 316 441 671 205 943 556 564 113 58 419 78 838 7 96 901 819 493 203 681 647 894 315 745 42 826 643 371 861 237 335 898 134 76 666 861 28 717 118 43 332 764 862 989 582
42 339 180 487 655 561 882 411 216 630 420 686 76 527 500 176 936 734 990 251 907 915 544 674 787 646 532 976 894 583 538 537 845 74 814 233 315 802 658 903 683 281 740 998 975 345 815 248 365 658 271 927 884 16 550 522 92 640 260 568 691 944 867 812 468 40 424 325 194 89 861 424 323 392 452 852 439 278 574 234 392 47 730 23 435 853 537 688 652 665 405 745 664 398 354 626 132 962 725 94
883 465 953 553 20 256 152 141 370 170 894 601 188 394 378 159 821 206 182 384 367 13 429 943 736 509 116 742 399 275 545 257 608 664 8 869 306 972 341 204 185 217 147 201 415 719 19 2 326 751 536 687 369 951 999 837 384 401 301 518 530 240 912 153 173 984 295 994 433 624 861 502 610 823 665 406 492 616 985 149 489 44 205 127 398 51 472 952 764 838 64 238 610 3 599 844 551 662 210 827
381 817 399 199 473 408 219 500 151 395 17 420 827 721 919 398 658 269 26 667 751 968 122 120 497 699 329 939 985 366 132 349 738 42 780 875 865 144 974 600 188 340 126 450 295 161 707 455 641 882 595 860 325 51 631 617 724 138 330 293 232 180 531 786 684 168 674 317 967 642 750 532 847 246 180 108 706 74 517 102 855 750 615 533 939 962 571 158 288 540 774 660 480 364 449 176 31 998 867 682
934 516 759 22 292 845 64 37 255 118 544 383 96 268 456 970 269 627 122 810 495 565 690 517 940 306 483 993 423 249 238 325 635 649 765 465 583 798 93 490 747 707 498 918 272 240 684 456 670 760 415 689 823 322 929 724 640 786 493 291 296 764 524 523 561 820 547 137 220 684 935 879 593 179 325 935 420 718 750 699 370 118 984 711 11 383 440 820 722 952 858 793 535 91 923 48 293 562 958 290
191 692 211 672 622 43 342 247 158 595 51 63 534 482 655 960 870 830 353 874 283 551 416 903 814 427 190 279 379 15 874 960 700 121 3 952 421 183 248 329 43 51 125 727 302 958 128 753 390 797 490 17 793 5 585 562 362 903 673 397 470 847 626 328 47 287 517 84 267 299 657 585 583 273 330 840 293 375 537 500 437 256 398 478 400 772 586 772 111 371 449 774 930 102 612 660 133 723 69 927
516 443 267 715 167 977 838 949 496 881 924 87 577 482 34 709 395 578 86 979 842 884 625 725 236 888 802 106 464 592 445 510 115 307 683 435 469 496 811 131 26 336 766 989 725 183 624 193 583 393 347 58 437 782 861 351 607 49 377 309 437 163 843 69 172 846 453 725 534 721 727 46 48 967 579 794 509 300 710 872 263 982 795 917 653 955 818 328 489 845 597 745 176 159 410 615 756 602 173 598
111 560 237 338 197 116 343 986 340 652 536 131 600 389 747 248 831 298 594 363 739 576 865 307 238 448 239 450 455 169 334 41 474 250 161 314 238 538 365 426 24 540 152 9 773 210 151 351 933 748 859 621 251 13 979 365 985 315 149 31 704 961 477 18 565 938 152 323 687 908 131 924 484 615 284 236 347 233 938 999 885 47 25 682 701 794 789 901 70 195 920 613 876 412 86 517 442 661 189 56
371 720 123 38 620 113 143 513 238 29 641 778 305 918 462 117 244 913 884 238 234 53 76 414 358 479 197 134 111 350 508 494 734 840 985 955 340 119 822 739 193 916 673 126 527 774 600 251 885 167 92 547 263 628 61 966 171 638 341 169 774 234 250 889 413 817 659 727 480 316 875 287 112 697 515 190 601 202 522 479 899 416 704 371 275 28 912 411 518 229 204 907 405 803 890 684 683 31 851 470
28 997 428 9 400 295 174 326 69 399 505 775 227 496 5 255 856 378 432 383 452 432 612 886 574 696 800 364 421 54 190 612 700 445 933 396 581 115 53 74 534 960 591 972 160 11 95 244 716 569 106 839 360 107 1 344 471 379 240 405 159 858 304 533 820 225 392 773 762 586 867 286 703 914 810 205 111 181 850 7 657 366 624 950 511 210 161 828 531 400 311 395 948 471 693 718 552 843 835 752
827 782 453 511 886 55 430 44 323 106 234 754 413 668 984 881 772 721 983 110 734 795 616 609 745 537 120 114 676 82 9 552 790 532 663 936 134 470 613 790 665 86 802 395 394 71 310 452 796 851 14 314 627 761 663 699 233 83 391 429 476 287 31 290 148 768 284 996 307 520 949 951 309 468 391 885 598 940 652 978 323 710 315 821 72 429 736 7 465 971 460 43 228 632 791 298 115 782 922 433
192 211 897 90 842 794 573 812 188 182 648 648 595 596 353 865 896 612 560 111 308 715 172 24 280 153 79 539 511 194 491 419 83 723 941 404 28 762 720 477 287 314 669 313 899 514 614 364 735 1 914 767 399 49 794 833 845 173 346 410 267 175 620 132 351 723 366 960 240 18 707 906 933 155 71 931 21 796 892 393 137 521 562 141 141 631 900 240 493 384 413 858 676 331 720 1 1000 391 199 835
482 644 60 369 289 702 531 824 614 110 712 596 625 63 77 955 43 370 324 347 789 719 299 553 246 241 669 503 810 36 316 689 605 605 789 357 543 926 756 724 537 228 910 121 957 207 622 109 324 486 63 461 794 837 992 945 227 548 101 513 697 957 66 461 653 585 138 994 843 511 6 100 266 362 506 21 632 918 225 696 341 775 784 202 702 742 400 30 418 121 317 627 129 662 52 397 639 12 153 44
264 54 342 964 414 780 391 418 22 95 530 296 449 137 149 102 246 311 296 189 741 701 153 977 998 572 790 74 23 554 909 695 636 606 551 800 73 878 251 310 387 583 278 209 925 136 576 909 695 836 683 242 920 786 405 479 604 778 228 51 512 430 625 703 986 499 933 435 622 587 944 76 451 553 448 486 565 824 230 444 851 127 101 361 472 789 684 706 743 757 435 578 399 142 330 553 86 882 172 442
658 185 178 216 587 825 4 28 268 412 803 453 8 806 578 181 81 834 419 4 259 968 390 100 199 901 107 32 732 999 121 609 976 490 351 966 301 268 359 943 726 746 459 374 248 37 999 787 350 229 526 243 644 704 169 660 901 534 714 119 120 52 263 107 549 116 617 562 406 5 804 618 152 324 929 906 465 687 415 358 995 881 689 986 158 992 952 255 628 447 441 997 550 423 386 917 36 753 725 256
546 721 535 242 222 424 826 805 501 160 295 508 653 684 311 869 645 748 352 449 561 458 741 67 986 452 46 466 50 510 191 629 405 643 996 370 947 880 994 179 474 541 953 238 776 137 966 480 870 57 100 5 328 476 522 582 128 462 536 415 195 639 235 836 627 623 464 608 764 505 837 537 274 593 459 691 663 811 624 663 547 34 297 712 540 273 92 155 861 649 883 544 266 16 708 321 121 730 838 445
252 519 335 226 195 649 296 877 303 424 682 863 897 3 945 166 505 37 574 516 803 618 171 120 691 253 376 352 609 567 82 272 776 134 35 497 384 1000 37 609 923 618 711 242 245 737 474 338 196 860 470 55 127 20 485 629 91 322 889 781 736 419 337 891 699 522 30 500 717 250 420 178 592 414 117 550 377 104 359 217 577 338 558 247 349 12 764 960 470 402 228 516 603 697 46 395 114 455 908 190
261 804 739 821 417 736 758 350 474 386 213 711 187 419 58 384 217 589 804 504 63 243 76 330 612 566 389 307 16 976 505 339 806 793 502 174 75 236 831 110 981 478 551 143 606 234 264 790 280 259 945 935 242 855 551 618 753 237 266 192 178 43 648 1000 275 606 527 33 953 846 68 955 988 557 617 14 655 533 186 814 308 779 72 186 172 612 87 904 724 186 474 902 115 954 390 359 504 798 620 697
144 642 544 159 437 365 71 832 122 278 85 178 994 40 300 836 945 676 921 944 427 818 64 977 160 235 415 166 665 845 8 154 460 180 161 776 10 482 845 728 802 259 549 168 391 671 809 738 4 244 560 518 16 288 912 812 925 416 63 896 50 744 264 426 312 272 561 352 257 254 920 91 380 270 454 595 253 859 884 232 34 712 186 230 433 296 639 572 628 734 274 673 95 802 566 875 304 177 893 261
644 864 915 924 307 252 643 415 146 632 392 425 910 412 465 237 312 39 735 444 300 153 515 637 707 760 152 498 169 405 64 50 841 793 379 929 596 889 674 184 264 787 305 770 525 108 946 501 739 608 286 769 599 765 743 936 356 973 234 658 63 54 320 180 155 607 283 68 722 681 573 347 429 511 235 55 322 580 33 756 957 424 768 975 330 870 530 239 110 517 974 24 373 697 15 893 269 798 935 337
442 720 480 122 571 937 251 987 706 560 778 397 457 650 103 921 1000 320 504 924 155 653 178 488 959 282 882 122 197 216 43 541 15 586 601 875 24 572 540 307 216 699 848 196 789 699 729 812 829 655 732 965 608 912 329 877 186 165 29 528 582 468 883 452 102 2 866 489 671 549 690 27 409 3 128 837 388 718 970 572 862 559 420 669 281 139 512 228 514 94 315 274 275 939 228 34 195 910 489 56
715 622 242 198 433 826 438 565 961 463 788 268 471 531 66 704 498 377 49 624 938 745 42 772 154 35 897 162 297 944 55 628 370 230 799 977 787 806 830 118 530 859 429 521 315 49 418 210 167 783 306 359 751 378 196 442 798 48 479 481 972 390 219 449 399 886 989 992 779 241 4 374 794 941 728 199 343 403 946 672 140 440 854 603 36 989 366 512 691 453 744 738 401 834 392 436 933 813 816 470
518 816 411 216 861 137 257 393 598 46 748 636 350 16 874 808 782 62 619 651 61 862 570 978 156 353 457 376 386 436 917 728 416 127 776 224 711 932 141 148 13 838 102 844 63 212 201 972 248 560 233 934 240 216 625 29 112 288 307 896 265 473 799 194 60 434 839 890 260 514 407 60 176 95 274 147 84 639 551 457 783 832 794 940 72 390 911 199 657 897 802 450 398 295 98 719 839 981 276 299
272 862 363 868 209 837 140 949 554 13 224 203 599 459 619 651 897 876 714 155 332 481 681 601 877 115 762 260 620 892 602 277 759 524 453 89 687 540 906 974 395 611 505 143 50 587 24 894 119 287 245 477 949 99 70 850 225 160 196 900 143 171 846 126 285 312 842 935 764 32 382 18 940 148 245 481 471 637 965 818 702 986 84 579 607 221 875 647 656 315 147 245 342 93 332 113 54 799 69 753
532 653 781 566 162 869 160 701 560 197 885 857 362 378 916 111 839 674 77 246 69 511 35 800 18 352 328 194 14 197 250 740 60 94 547 205 303 1 646 494 625 695 933 673 223 194 128 982 944 413 672 497 844 472 841 732 50 70 414 797 929 517 238 243 536 969 516 738 881 941 956 841 791 615 737 284 929 327 452 211 159 412 391 782 265 211 80 11 999 557 881 886 467 763 972 44 155 648 707 859
746 284 261 473 534 377 789 528 516 308 485 451 15 193 488 592 736 987 524 178 608 647 966 849 480 627 904 448 169 833 205 275 800 290 710 251 113 817 261 952 36 389 5 234 125 954 645 131 741 556 882 92 639 897 777 683 373 994 150 30 160 502 854 175 414 604 961 811 165 738 148 496 646 919 643 291 565 977 139 36 837 939 812 279 896 423 94 391 124 356 123 400 337 372 154 961 391 53 604 69
837 898 663 261 500 613 112 603 386 171 701 53 386 532 88 868 768 773 344 457 698 388 890 331 370 903 973 383 993 946 570 812 198 171 418 241 707 531 913 574 320 68 817 140 681 329 370 10 178 263 396 533 404 790 719 635 423 811 402 411 255 558 912 741 427 618 280 26 736 302 603 767 260 944 609 924 214 145 604 339 307 640 638 255 804 583 535 371 235 76 134 627 316 61 40 947 337 748 431 291
285 178 634 883 986 531 738 529 869 341 44 228 71 102 226 275 7 610 373 351 955 158 277 114 934 940 272 731 619 843 553 368 207 561 192 350 21 776 480 471 971 859 885 24 649 804 212 774 26 259 397 509 67 4 99 989 928 366 484 377 886 660 763 909 299 314 371 691 977 325 350 858 10 407 340 420 734 965 487 427 455 95 451 895 69 564 803 902 534 136 830 856 565 203 617 214 83 470 206 975
491 156 322 775 119 643 868 644 937 63 960 261 820 945 100 506 960 257 882 475 211 973 116 382 405 444 726 879 173 499 61 870 535 651 694 800 927 238 81 539 494 188 11 675 347 790 867 257 54 430 316 110 5 617 41 756 481 10 640 125 563 805 405 299 320 236 447 531 860 393 735 822 739 569 716 222 706 737 244 193 203 832 533 277 839 1 578 705 54 59 329 315 619 934 577 651 691 204 192 883
131 474 818 225 441 722 887 979 171 279 787 326 988 179 809 523 349 616 689 519 152 97 294 861 823 741 893 714 995 720 71 228 465 397 487 760 631 707 215 382 644 283 573 116 317 868 115 828 19 83 588 866 18 362 682 855 333 315 445 555 853 162 838 946 208 892 857 870 758 128 9 524 23 673 965 398 113 949 16 764 373 389 463 920 512 552 971 85 704 750 942 795 940 719 602 530 950 526 421 111
157 773 977 688 506 86 760 376 524 899 476 696 415 202 852 571 79 825 195 243 547 730 835 581 893 499 751 566 702 412 541 313 789 350 474 582 296 325 272 824 347 537 179 307 717 447 497 223 387 143 671 462 884 777 544 478 411 113 416 980 643 988 815 22 645 974 338 330 812 146 43 104 434 501 648 56 275 431 537 954 871 887 451 873 254 746 914 666 667 799 299 335 83 946 807 322 663 939 475 288
924 322 964 588 20 218 121 501 790 167 777 542 728 765 154 127 44 958 115 445 657 936 266 915 88 697 55 291 175 343 154 973 251 201 952 66 926 27 32 709 880 186 299 815 273 37 466 422 524 243 546 586 872 103 722 700 816 229 349 227 714 952 347 331 493 489 930 372 675 862 17 949 966 788 853 219 287 747 541 426 921 29 56 118 156 962 583 934 326 379 436 526 628 560 65 960 422 240 358 422
8 717 490 191 436 138 290 284 837 154 616 877 23 863 179 292 978 891 188 126 741 86 537 865 992 348 402 607 657 354 424 470 680 981 413 761 942 496 719 606 736 176 47 36 586 109 742 817 494 103 766 694 435 530 350 136 938 984 672 900 884 874 724 462 584 611 544 149 409 704 359 334 715 599 549 44 94 716 773 457 787 106 833 460 371 844 809 399 263 64 152 731 482 620 15 218 395 569 812 161
927 296 110 32 51 325 759 240 327 399 852 584 717 936 849 907 825 760 733 65 747 8 973 272 783 613 397 768 430 188 288 688 533 668 584 168 147 844 993 396 393 362 48 465 74 909 994 215 97 368 527 27 233 588 909 464 335 664 624 794 308 720 111 110 704 871 794 401 920 449 791 388 160 26 892 913 147 973 775 900 711 746 722 145 294 616 18 318 662 466 502 596 138 752 876 272 674 13 543 960
30 33 549 412 208 642 405 131 262 988 829 167 311 354 26 382 485 855 537 102 752 126 994 163 788 2 476 840 297 35 347 521 192 798 286 472 125 919 397 700 911 253 480 794 933 227 163 63 651 855 870 227 673 808 232 755 269 545 851 188 367 852 482 415 466 29 911 949 619 180 586 984 361 318 620 755 85 185 458 719 467 298 228 132 398 989 725 304 41 496 197 951 378 709 729 399 865 474 452 126
382 238 519 154 169 442 701 589 147 425 562 947 274 573 729 562 457 928 923 861 765 357 861 573 796 897 595 340 513 616 953 759 882 96 721 399 51 764 918 452 875 350 207 431 907 917 783 42 511 294 697 383 285 42 736 418 235 852 125 283 661 381 986 124 627 366 763 859 825 705 228 516 929 509 61 103 115 420 131 153 284 946 696 450 636 820 58 162 217 507 833 672 962 964 658 569 822 573 977 409
498 661 371 450 265 233 665 822 29 559 448 746 44 336 390 561 879 751 111 569 412 665 397 839 835 208 518 506 661 112 855 566 984 580 783 600 87 142 454 713 758 50 132 161 60 69 526 945 897 735 690 436 351 634 4 227 852 646 730 244 93 99 258 662 567 834 699 852 255 945 824 739 146 761 841 730 878 965 132 477 431 488 769 918 909 643 755 9 627 491 794 849 331 283 493 788 132 619 908 536
885 229 804 513 4 655 740 393 583 42 244 2 372 294 382 787 740 104 244 900 489 289 761 39 585 324 92 645 459 763 342 426 830 238 413 175 696 850 849 546 244 250 243 636 349 149 790 607 943 956 677 665 197 829 124 265 684 360 739 61 423 542 317 374 940 529 927 265 67 645 627 594 431 577 196 359 461 641 492 598 562 323 514 300 17 115 607 123 377 950 615 991 556 72 613 30 604 682 830 370
905 315 728 788 302 554 108 534 417 613 294 420 560 377 109 1000 249 127 982 554 274 951 59 952 679 300 201 567 914 580 431 598 453 642 978 827 99 625 765 237 468 47 982 886 215 443 484 714 18 765 732 768 205 825 59 412 724 872 462 182 91 579 349 995 460 436 590 749 91 779 789 994 635 313 761 406 394 85 266 998 495 929 447 619 836 176 76 614 150 406 456 894 185 243 428 371 273 102 136 702
3 339 744 727 546 816 835 202 957 194 748 215 917 318 113 45 893 774 377 827 34 723 571 371 466 322 873 83 585 420 211 232 694 613 688 529 860 601 264 61 692 118 892 59 456 482 975 204 882 58 838 967 99 819 226 921 768 641 751 926 647 730 164 872 391 110 499 123 845 990 803 451 259 621 752 859 51 231 757 787 345 45 311 237 294 506 178 748 249 246 722 273 600 564 104 491 300 201 572 962
114 140 721 777 486 404 300 534 338 955 502 726 740 85 753 610 382 860 895 504 863 340 134 680 439 566 432 740 927 763 55 18 935 199 6 561 673 991 666 318 594 592 23 866 209 22 327 209 896 853 53 202 952 48 808 678 817 916 147 343 494 263 113 150 519 450 846 849 672 937 96 175 775 971 204 889 27 18 269 296 103 217 752 29 494 53 963 856 241 689 939 536 484 66 197 819 478 771 148 588
663 702 545 199 108 936 729 217 286 496 616 688 872 900 147 340 583 871 947 602 220 611 134 51 205 943 39 781 18 829 629 397 834 787 106 608 414 355 722 45 861 385 99 960 775 569 211 21 638 299 869 895 637 668 134 141 436 450 20 423 828 299 701 507 349 179 429 94 992 216 290 353 366 259 906 954 863 838 740 388 822 844 564 524 241 602 223 960 215 104 606 30 483 715 168 663 149 642 568 246
999 491 390 225 868 650 665 723 444 941 10 35 685 983 412 420 548 199 711 938 985 588 747 798 176 919 482 734 108 389 518 540 502 848 946 265 523 201 181 902 995 196 272 879 702 695 769 53 913 928 720 150 774 947 111 74 618 85 806 933 495 999 828 892 322 834 698 438 863 348 801 745 88 797 548 677 44 233 208 65 781 377 495 568 682 104 628 591 322 463 121 206 138 725 613 889 734 503 137 650
772 16 129 237 438 213 608 496 549 463 652 732 227 270 296 596 97 239 944 329 239 698 655 719 482 690 525 176 775 505 933 763 918 80 130 345 153 104 905 668 780 448 265 316 199 51 287 254 223 917 870 131 3 42 412 963 1 643 648 981 112 686 496 44 481 128 574 871 399 594 746 285 253 590 123 818 998 988 943 3 96 645 987 786 354 611 156 327 676 675 939 627 294 32 222 233 97 357 772 444
425 15 361 343 388 317 103 813 396 788 45 326 448 19 953 914 833 248 602 813 952 662 73 599 197 996 397 575 210 282 453 587 149 762 912 558 621 449 88 207 756 905 725 490 355 244 22 22 507 599 419 978 511 265 118 644 624 950 951 48 880 532 71 449 207 161 292 239 316 335 563 725 683 590 619 829 957 460 798 75 109 507 27 739 247 999 502 672 459 826 538 570 351 342 829 322 906 143 737 645
821 322 410 91 836 174 907 195 90 278 67 117 203 199 317 323 634 628 398 92 435 132 328 631 371 117 11 521 251 47 458 476 452 703 43 220 700 678 216 118 342 886 603 407 928 41 63 982 62 165 513 199 396 560 901 781 32 948 933 3 270 127 228 16 677 401 553 413 742 531 823 427 837 193 609 430 961 659 947 792 397 542 948 747 769 265 623 727 306 183 768 692 413 873 371 757 580 21 841 609
471 503 492 991 276 410 786 301 809 458 342 677 325 593 993 221 238 389 808 225 46 843 767 951 95 290 427 863 525 934 541 941 67 983 187 917 405 917 112 49 564 42 300 818 977 125 870 656 681 302 269 816 86 971 414 953 518 158 576 283 692 248 211 405 485 591 551 105 509 567 289 942 696 488 936 817 404 763 942 330 947 986 466 174 519 59 498 950 942 185 845 291 629 704 255 13 617 299 134 383
272 971 25 96 350 61 144 424 980 9 222 172 859 707 571 553 253 944 182 793 780 687 376 277 565 41 939 584 36 78 562 995 899 414 514 130 701 792 286 306 116 187 352 461 690 494 491 820 261 70 406 711 180 324 707 476 974 704 621 962 978 814 407 193 72 379 810 289 278 708 871 267 207 307 938 191 39 488 271 955 649 984 399 868 849 956 586 76 245 776 112 113 78 742 579 958 173 366 340 832
928 589 262 743 883 768 240 175 11 731 283 202 71 498 51 883 959 906 99 386 502 789 793 103 348 393 176 933 868 196 837 428 341 262 961 402 675 195 676 896 501 324 851 901 473 672 520 657 348 292 904 72 158 764 923 153 737 292 340 545 778 304 175 57 97 821 330 65 331 18 292 735 135 646 723 640 909 335 282 986 737 868 854 356 623 824 402 738 985 820 393 824 756 951 584 139 809 748 246 151
495 113 619 176 309 311 566 312 261 203 3 369 556 184 721 680 470 102 322 647 935 51 555 974 236 52 563 61 192 305 377 447 915 538 726 102 308 58 665 432 623 942 41 187 537 194 413 690 736 161 23 796 920 822 488 421 968 996 245 875 875 6 198 279 779 524 87 950 631 970 104 68 773 895 751 364 963 111 22 221 559 357 590 348 191 953 586 442 403 954 761 99 558 896 347 771 931 648 812 188
283 933 871 216 941 383 850 527 183 731 583 766 561 663 850 836 761 696 798 554 704 66 515 791 316 139 130 565 103 940 577 59 508 165 673 656 737 628 164 529 824 162 21 895 312 650 816 696 361 751 208 424 645 473 111 868 665 643 600 50 83 804 264 136 541 591 323 144 783 250 379 405 795 384 636 398 138 363 978 99 756 858 900 256 5 218 778 213 10 652 841 335 419 803 135 711 995 640 73 29
618 132 819 993 4 393 239 189 121 109 990 202 805 900 53 398 43 1 799 967 203 425 128 375 667 757 177 291 481 522 279 722 430 822 814 38 845 48 780 474 979 196 960 689 305 883 800 774 405 211 202 150 783 776 50 502 455 678 635 953 755 706 553 18 590 588 226 211 837 395 317 792 899 829 370 619 228 177 17 373 630 932 47 629 203 452 627 160 147 36 591 301 935 756 114 147 896 67 898 770
478 332 487 203 892 652 618 501 553 292 44 373 42 510 915 777 394 432 983 689 803 376 267 890 974 363 463 609 375 159 803 616 260 409 557 768 356 451 635 91 148 150 116 740 412 232 401 302 953 257 242 965 36 632 666 373 127 509 900 334 335 331 527 56 92 724 789 161 310 568 666 824 426 356 839 581 130 955 573 823 851 676 455 737 736 615 641 922 235 405 885 695 92 707 100 416 146 954 625 588
438 999 481 89 215 562 367 676 903 453 804 145 413 27 515 224 884 362 363 444 657 326 77 129 586 156 917 545 137 672 486 419 343 315 454 202 350 468 929 997 487 881 601 992 634 891 42 6 876 260 860 600 907 710 866 423 269 89 543 826 606 656 504 540 831 576 660 854 372 686 168 820 910 132 592 903 543 824 608 879 933 378 496 610 397 655 94 749 697 94 965 885 516 687 507 771 233 763 360 450
164 772 602 182 592 617 102 3 480 358 344 351 137 870 36 45 788 286 462 415 522 520 187 47 503 976 482 586 873 87 285 153 178 529 417 446 129 509 157 815 896 441 424 994 94 295 187 174 539 815 69 825 708 58 405 443 557 897 50 678 171 288 63 49 660 243 386 639 285 779 811 657 779 380 626 605 566 54 193 456 23 575 505 695 387 281 688 966 879 941 823 940 179 107 450 491 803 661 657 71
224 567 60 19 414 693 947 810 902 290 738 904 724 639 556 126 291 360 535 828 596 623 717 974 981 628 755 334 622 962 473 714 246 590 426 993 189 158 310 79 163 604 307 818 925 126 523 337 472 204 182 960 989 861 335 50 837 669 13 692 278 943 312 50 652 227 275 280 907 501 249 583 847 346 671 498 263 375 265 668 6 424 249 727 825 513 827 339 119 941 244 66 242 16 352 212 276 707 954 828
148 908 334 518 792 615 147 643 765 326 276 315 225 16 725 69 258 233 515 358 695 421 388 987 908 186 422 765 691 505 75 225 21 360 58 816 89 176 369 418 979 150 766 258 878 817 293 718 588 183 132 877 529 195 394 93 336 487 406 832 189 658 755 498 74 558 929 426 229 96 967 682 14 597 204 517 447 190 350 85 436 472 585 501 545 882 857 129 755 52 699 281 615 880 749 596 838 544 774 870
850 996 344 888 426 645 34 193 713 675 66 574 165 584 792 955 764 519 293 94 232 988 666 140 387 546 605 458 350 931 743 546 307 23 585 608 666 4 436 888 640 517 383 735 84 803 523 146 236 669 131 246 820 181 87 773 486 281 360 305 77 747 622 777 483 325 948 854 139 84 269 568 209 264 104 554 893 117 727 774 14 297 574 70 459 722 830 936 813 315 785 205 992 435 800 15 320 363 951 901
352 818 466 908 758 487 978 59 555 465 568 475 862 390 538 481 56 982 587 2 154 36 292 874 402 817 896 912 277 124 222 90 678 138 31 504 797 630 64 175 714 173 473 269 57 344 107 260 568 895 649 710 346 223 853 811 816 904 444 665 110 957 51 592 81 112 936 504 208 273 902 714 296 75 776 81 225 340 766 675 70 519 749 271 930 272 241 893 269 635 830 396 287 177 76 44 467 688 825 281
220 229 912 384 886 777 191 209 867 589 150 513 534 300 123 819 700 388 915 963 630 863 179 703 883 124 596 442 587 742 485 822 886 350 594 820 362 953 299 987 436 168 167 828 614 184 271 318 702 342 119 106 647 497 71 293 784 811 968 477 195 845 649 682 265 166 905 155 296 544 807 978 630 16 806 973 111 560 604 834 226 682 922 566 227 315 85 490 585 665 98 506 599 115 465 491 64 300 840 497
195 419 873 66 551 394 382 363 111 464 664 148 494 157 926 290 38 930 75 722 154 995 608 773 292 650 281 716 745 289 548 185 344 908 203 735 881 224 755 624 866 772 869 777 989 755 409 419 341 954 779 337 783 884 94 673 254 704 100 985 430 251 888 128 658 240 162 886 410 9 113 656 972 680 728 516 642 86 943 157 84 311 354 644 812 880 110 755 752 271 887 431 469 254 632 914 494 899 418 489
44 790 837 153 487 687 748 105 99 204 34 588 582 293 59 573 565 228 390 223 591 932 190 768 913 517 1000 186 936 696 127 246 277 765 578 773 346 279 639 116 995 57 960 763 704 392 44 794 390 484 521 472 430 59 429 106 53 444 892 797 570 845 124 320 751 762 660 320 759 587 27 665 261 320 669 550 861 651 343 110 308 434 764 131 145 568 744 656 951 551 809 502 451 965 894 611 320 600 160 632
210 806 5 941 503 629 355 939 225 148 33 941 129 52 849 836 150 39 506 598 354 211 114 154 837 979 953 331 147 491 601 407 744 413 249 554 284 781 576 508 386 749 190 627 578 638 326 454 566 84 96 608 682 420 284 733 588 653 601 60 427 152 979 513 301 613 722 710 248 35 143 117 297 836 2 53 419 163 422 990 16 787 582 650 811 29 553 507 173 13 441 51 734 250 994 587 532 992 437 956
151 628 980 948 85 227 800 669 8 343 158 808 437 575 480 913 737 522 551 103 732 656 383 250 103 197 75 993 721 59 559 344 613 963 876 347 952 551 725 969 838 671 681 719 396 334 658 823 56 440 978 766 220 162 885 503 914 942 257 671 241 986 321 414 654 380 658 70 366 764 125 412 447 62 795 632 14 890 967 746 11 346 156 931 274 519 447 949 458 216 448 328 704 345 186 458 726 476 986 586
580 926 588 802 512 280 768 638 522 984 20 221 80 444 211 579 489 659 755 544 893 192 900 649 649 532 397 201 993 238 792 291 605 777 541 175 766 162 685 791 522 429 453 532 586 259 650 666 661 818 595 5 990 537 122 974 689 590 941 238 107 31 633 845 582 809 710 79 627 672 853 781 482 339 333 3 614 331 405 107 980 248 789 646 161 232 589 442 371 77 863 116 232 970 632 547 603 898 377 663
893 220 148 252 119 855 834 735 318 142 265 179 639 400 3 816 394 24 306 682 964 787 975 881 748 459 689 58 871 375 43 265 262 540 782 961 349 637 622 178 519 122 297 542 413 464 465 112 757 813 811 849 255 190 160 385 75 991 577 750 430 14 815 707 332 452 712 384 375 905 166 986 581 707 849 32 879 482 325 481 462 212 278 492 865 352 191 62 473 161 411 994 173 801 619 840 425 607 285 949
753 847 942 994 756 644 62 948 724 364 385 39 737 328 222 303 741 870 841 461 146 134 955 787 360 869 601 684 835 593 954 643 296 626 961 702 40 897 603 534 934 824 10 734 482 301 136 878 944 421 335 251 842 673 245 12 178 735 414 588 68 423 857 783 136 648 316 666 437 143 452 68 473 275 812 3 213 784 846 996 133 535 872 979 294 86 990 395 704 521 766 26 986 452 896 748 388 827 227 499
920 33 429 488 98 649 875 568 551 285 94 686 993 649 231 889 152 626 625 737 717 848 828 852 944 261 378 991 441 289 754 75 19 828 307 934 108 406 930 307 586 159 836 863 840 206 335 617 285 96 402 685 805 168 101 164 697 261 676 604 210 380 885 112 243 146 312 828 836 238 182 351 499 410 410 812 37 148 861 999 346 437 654 401 622 541 78 352 147 448 528 327 596 41 7 133 941 962 35 204
958 661 915 328 166 194 846 833 652 566 253 111 697 292 144 546 649 434 120 923 81 403 876 187 850 788 334 158 931 542 197 186 469 783 453 26 87 372 563 786 586 167 434 774 895 609 780 283 141 205 794 858 39 25 580 748 385 289 300 951 235 634 596 236 262 832 256 289 235 876 974 338 923 725 522 527 489 745 582 529 140 81 407 231 656 703 18 696 660 372 749 820 567 954 19 660 476 451 719 2
700 717 594 93 698 386 231 773 945 376 843 232 266 161 242 231 426 904 636 153 344 753 23 681 340 323 750 958 691 646 463 599 783 811 67 33 76 156 750 214 549 24 358 596 180 51 584 687 752 864 309 268 961 68 716 27 319 697 874 191 8 363 156 62 713 498 925 704 108 237 843 926 959 287 387 984 973 801 797 986 606 108 250 364 866 161 289 861 539 143 866 771 911 263 754 338 804 175 316 135
791 122 769 375 909 841 446 769 74 8 660 508 592 935 309 358 599 379 50 779 531 529 226 574 667 830 812 7 70 214 61 921 464 263 197 902 394 385 476 154 783 292 579 97 610 758 540 446 269 184 747 777 997 635 750 883 865 964 400 361 505 866 507 667 452 248 59 136 465 963 136 352 783 913 116 509 112 980 267 167 720 650 719 443 467 90 195 303 484 269 712 924 771 231 291 321 638 969 679 704
816 444 831 327 470 547 868 381 182 21 876 870 675 694 716 285 323 434 580 446 513 173 472 725 662 322 488 326 803 829 325 938 257 799 563 58 554 438 366 579 688 718 549 255 610 896 676 852 80 542 941 699 932 800 870 599 624 894 261 135 782 410 624 746 402 248 818 334 44 102 560 133 610 386 929 893 658 581 67 707 381 290 555 659 704 858 668 22 883 559 73 200 628 59 685 196 126 724 919 807
0 98 14 32 38 8 62 9 45 43 55 3 29 36 70 77 93 81 86 15 70 9 38 53 60 12 3 8 29 93 91 71 12 44 16 47 38 54 37 79 15 96 62 42 12 32 4 3 30 24 86 43 11 69 14 67 100 71 23 97 95 11 3 69 30 41 62 25 85 89 36 85 6 42 32 86 16 97 5 81 22 76 76 24 57 59 60 34 80 41 56 28 52 47 19 1 49 38 22 6
32 0 67 41 38 67 36 44 56 43 67 31 12 17 50 6 98 37 50 95 79 67 41 8 60 95 75 32 63 36 34 82 89 89 69 47 47 34 51 38 71 58 74 49 83 86 82 46 72 9 88 63 100 30 39 48 10 96 82 32 76 80 42 47 7 78 99 63 39 2 78 5 38 82 21 36 10 98 83 21 35 39 80 9 63 24 21 12 58 35 52 31 94 41 81 1 20 46 98 64
70 12 0 26 55 12 22 90 79 49 76 70 75 99 34 58 5 67 51 92 80 16 72 13 83 32 6 48 48 68 13 40 19 68 59 23 70 66 38 36 74 17 37 98 40 87 94 50 41 25 56 82 76 47 72 73 78 87 68 11 84 74 55 10 22 54 65 84 91 64 50 55 86 89 97 96 20 29 31 27 55 80 42 31 83 28 26 48 100 17 7 69 45 96 97 97 12 99 71 17
82 69 2 0 51 75 54 99 31 38 35 50 99 43 24 39 26 31 19 61 90 16 21 42 90 15 60 1 79 82 27 44 7 35 91 50 57 55 82 76 67 52 14 1 89 80 21 24 76 98 24 11 59 74 19 38 83 37 66 77 14 79 90 62 30 94 8 47 83 84 19 72 98 77 6 38 57 98 8 45 76 46 19 64 91 11 100 22 72 73 36 7 28 100 81 6 33 79 97 84
50 46 93 11 0 34 68 26 48 55 74 60 65 79 5 51 74 63 7 98 76 12 13 33 73 75 28 87 28 76 18 38 9 94 40 26 8 95 35 84 91 31 91 45 93 88 96 77 6 41 80 48 69 23 43 16 35 5 11 65 75 20 95 54 22 79 22 28 95 38 96 22 15 9 62 79 80 52 67 61 93 54 56 27 28 94 45 86 11 44 22 13 4 17 89 6 71 57 33 94
30 54 64 21 20 0 22 82 79 79 15 46 7 62 22 87 57 95 65 72 90 62 67 80 25 42 66 38 55 60 53 28 80 7 80 83 72 7 20 63 100 86 32 61 62 93 17 27 57 63 27 12 38 29 9 46 76 78 64 44 66 14 37 4 23 90 63 89 25 19 32 6 90 13 3 40 4 86 96 39 3 20 9 97 12 71 20 63 91 60 62 48 18 3 26 84 2 1 40 26
94 67 14 22 78 55 0 77 23 39 9 37 36 35 45 18 27 57 47 71 51 100 31 89 7 78 77 29 32 1 6 43 82 44 9 66 80 67 9 74 2 79 18 25 4 26 34 75 82 45 84 49 75 33 13 12 23 21 55 4 33 88 13 27 85 47 53 25 35 9 58 69 8 18 82 29 19 39 77 55 41 24 91 80 66 98 15 16 93 48 25 76 6 8 44 5 54 34 65 9
71 52 51 46 59 82 52 0 11 36 63 40 63 62 65 85 27 28 25 76 28 1 22 67 6 27 8 89 8 87 54 50 35 57 57 100 74 77 17 35 73 83 20 76 35 83 50 79 6 98 80 38 5 75 17 98 76 41 100 24 40 38 68 93 96 80 35 16 45 19 44 53 85 65 56 32 42 14 93 39 49 80 78 81 23 50 23 72 32 84 73 15 47 17 26 25 98 69 14 24
78 54 90 54 29 33 11 33 0 52 97 42 87 76 81 8 99 64 100 21 95 24 27 82 35 54 58 16 34 26 35 19 60 46 64 46 8 71 3 11 11 34 81 67 70 95 89 20 94 27 92 19 46 66 2 95 15 11 46 84 60 5 94 77 35 68 62 43 84 41 52 50 62 55 2 62 56 42 45 16 55 66 41 97 97 49 5 20 9 42 1 52 99 45 91 48 58 13 48 26
19 6 4 83 1 40 52 1 14 0 77 40 64 89 61 96 74 12 8 97 70 54 19 91 81 27 32 97 20 13 36 98 11 36 73 45 14 88 65 59 61 18 84 86 50 85 22 42 72 84 65 6 36 22 84 44 39 17 48 65 38 75 10 19 70 19 24 89 56 73 9 67 33 78 19 84 12 71 18 93 61 91 99 35 74 24 92 32 45 3 91 26 93 69 50 33 42 12 98 4
12 74 49 56 60 96 54 81 13 26 0 35 26 50 71 5 4 9 29 53 10 17 39 80 52 85 87 77 6 56 99 62 97 50 3 12 30 5 10 41 26 94 71 21 89 54 23 41 50 12 56 7 84 65 24 90 76 75 48 27 80 52 81 46 20 43 78 15 44 13 3 52 58 21 62 51 86 15 11 94 64 27 94 83 20 22 50 3 85 78 5 3 93 58 52 53 22 89 13 5
84 88 40 7 93 96 30 78 1 43 87 0 88 98 86 39 40 92 23 62 14 20 2 90 69 55 45 34 27 74 18 4 63 48 13 51 51 44 82 92 21 57 55 3 35 89 66 15 56 66 34 22 94 24 11 90 34 92 19 22 60 93 70 97 32 89 90 66 90 99 32 39 61 4 54 8 91 52 34 61 36 31 49 12 57 42 38 10 26 25 26 76 52 82 47 94 9 87 29 95
89 68 29 37 41 85 34 20 27 24 30 6 0 34 100 29 75 26 89 42 2 72 98 83 60 7 85 7 47 93 42 3 24 40 41 37 40 86 83 37 49 13 84 59 93 22 75 26 43 33 93 23 93 48 99 45 70 32 47 77 42 5 54 36 56 24 74 12 80 43 71 36 86 36 44 44 7 83 25 56 16 78 35 25 24 52 23 38 67 77 75 38 53 40 19 83 3 27 34 71
30 21 14 15 87 8 73 97 60 66 69 70 62 0 37 46 85 94 25 40 8 46 26 86 5 68 35 57 29 86 59 57 17 62 96 70 74 84 9 27 18 52 34 53 57 81 10 2 86 5 22 41 24 18 73 83 26 4 18 60 31 35 78 32 34 52 43 76 88 38 51 24 28 6 52 32 61 38 13 32 53 62 16 41 74 17 55 66 1 57 20 75 78 84 54 94 78 31 22 8
94 63 87 62 66 34 59 85 18 96 46 68 88 44 0 94 82 57 75 28 40 46 55 21 52 93 88 49 40 94 20 10 26 64 1 95 97 52 78 20 90 4 91 9 68 85 9 57 58 95 66 32 92 82 9 74 81 14 19 41 4 21 70 91 49 74 11 48 56 6 8 26 93 70 87 14 18 31 18 96 62 10 91 7 67 80 8 79 88 59 29 48 9 32 31 56 23 43 65 26
55 45 20 18 63 29 36 65 66 75 11 77 58 95 43 0 57 20 21 92 55 71 62 18 56 69 5 28 98 3 97 95 85 11 40 88 55 5 65 66 6 27 35 87 100 6 97 97 47 11 51 12 27 63 99 43 59 28 38 68 76 84 62 22 98 59 47 50 14 29 22 10 33 37 50 2 22 82 78 69 63 77 92 81 34 56 52 34 27 98 86 9 23 52 15 56 83 8 83 63
31 32 95 78 6 57 25 94 98 90 100 87 6 1 8 58 0 13 14 83 69 55 32 38 88 6 81 3 99 61 97 95 94 69 14 61 76 53 30 89 53 45 18 40 55 37 48 5 80 59 17 69 95 34 38 84 36 54 40 64 70 9 6 75 20 36 27 100 3 59 57 35 56 59 46 74 65 6 9 33 7 53 5 90 48 54 82 58 98 30 13 28 57 69 56 96 64 29 6 16
35 42 5 10 42 15 33 94 46 46 12 75 35 70 81 62 40 0 74 7 24 22 63 72 48 24 26 6 68 44 8 21 9 77 75 38 11 20 26 29 35 20 94 82 100 15 7 67 4 31 38 94 32 16 80 1 100 31 85 16 13 66 76 62 62 7 42 93 61 98 71 80 54 1 76 19 74 87 83 46 90 66 38 77 32 39 50 36 71 50 56 27 87 62 77 27 68 71 88 57
4 100 90 95 3 40 10 77 59 77 63 69 2 56 42 88 43 27 0 28 13 90 62 9 67 40 38 89 86 51 3 95 59 24 9 4 95 50 66 38 82 90 51 71 17 64 68 57 94 90 30 51 67 98 30 18 35 74 60 1 92 71 41 73 54 33 45 33 2 14 65 30 66 68 86 37 94 18 68 5 95 91 18 99 40 88 70 73 55 92 48 24 74 47 96 56 22 40 78 4
37 29 30 36 96 52 97 76 85 42 64 5 23 12 55 99 46 19 46 0 61 47 27 63 39 70 96 29 26 64 72 2 62 100 33 26 98 48 6 41 26 68 9 90 81 35 29 55 47 51 22 46 77 80 65 1 41 61 38 62 89 51 90 65 55 6 83 24 39 3 50 58 24 19 15 71 17 99 84 20 64 97 84 10 27 94 24 26 99 11 21 32 19 88 17 65 25 57 90 68
6 80 17 95 41 68 100 60 57 54 91 43 90 41 94 63 62 36 52 9 0 72 91 81 32 70 10 32 24 95 60 92 50 21 15 98 85 1 66 36 48 18 44 97 43 40 3 88 55 77 42 31 27 98 47 85 89 48 66 2 6 79 90 31 22 95 65 13 84 81 85 62 67 94 10 59 37 59 63 29 80 30 9 63 31 73 94 38 47 100 19 16 53 5 9 76 5 76 90 22
75 1 84 39 45 14 47 23 68 98 29 27 25 8 28 59 99 74 15 68 18 0 57 81 8 7 74 55 62 97 7 49 42 35 40 85 95 26 70 91 23 18 14 93 88 42 39 51 96 8 1 28 63 90 21 84 97 64 46 49 3 84 66 50 56 8 71 58 89 70 2 55 78 13 14 15 69 40 51 15 92 89 25 19 42 24 23 14 92 6 48 44 29 81 64 97 4 93 65 16
75 86 51 42 57 29 11 46 89 5 91 59 1 36 2 29 43 75 30 40 27 62 0 100 46 65 84 69 87 99 43 83 8 27 25 83 73 55 84 36 24 26 67 37 96 14 62 97 66 72 22 48 60 16 11 91 12 3 57 53 12 56 38 25 48 62 78 3 39 64 79 46 11 42 45 4 69 88 22 66 74 74 87 4 89 82 91 1 74 31 80 52 74 79 37 13 73 36 83 87
93 80 73 92 9 2 15 56 70 22 97 100 65 80 69 18 12 2 71 61 55 12 26 0 10 24 49 37 98 26 20 52 88 94 32 8 47 100 94 33 33 56 24 31 88 19 68 9 78 24 35 27 4 45 72 98 31 79 56 58 82 61 19 51 28 98 15 85 31 85 50 23 87 39 74 8 73 88 88 1 28 2 1 62 17 3 65 47 51 45 2 3 21 69 5 89 5 66 89 60
95 96 1 57 62 9 57 79 44 79 57 35 72 1 16 5 25 68 3 19 42 50 39 33 0 56 50 98 39 45 85 30 8 3 77 76 24 51 32 68 56 60 34 46 93 2 17 61 35 71 62 52 45 76 84 25 52 51 83 62 76 6 75 95 18 88 80 35 19 96 56 83 33 74 35 85 65 74 71 99 46 44 35 38 34 61 14 74 95 21 2 100 24 30 89 95 29 82 9 34
25 6 100 83 64 17 68 52 82 56 58 10 27 39 100 98 16 10 29 13 95 78 73 74 39 0 11 47 27 14 36 15 84 33 29 64 58 46 94 51 68 5 44 42 90 41 21 77 40 69 1 83 39 91 52 57 89 57 99 71 69 13 11 24 3 84 29 61 70 98 4 73 13 92 90 76 76 78 17 62 44 60 47 72 38 72 24 2 44 87 60 56 79 90 6 87 41 55 75 30
39 81 48 2 23 20 34 88 91 71 20 67 22 57 56 27 96 58 60 12 82 7 45 35 12 4 0 9 67 7 67 85 4 71 39 74 50 77 34 68 68 75 27 66 72 61 68 21 24 76 65 84 23 82 27 45 34 37 64 86 13 20 46 88 66 100 11 97 9 1 29 53 67 65 7 10 53 98 49 80 51 27 12 99 87 45 30 26 72 64 25 38 9 66 50 29 28 85 18 81
43 29 57 51 34 8 3 52 30 61 76 6 30 76 12 30 4 39 32 31 46 95 32 56 64 23 34 0 82 19 27 28 87 100 41 22 67 71 12 47 49 30 81 54 4 2 47 96 77 94 44 93 4 67 18 53 81 16 40 54 52 10 61 92 51 28 87 68 81 42 85 86 13 79 92 25 76 85 52 37 98 36 23 82 20 24 11 63 76 94 85 2 32 61 95 11 72 18 33 68
46 17 80 56 63 51 52 79 80 18 68 43 32 4 13 25 5 60 24 3 43 93 57 71 16 81 41 60 0 67 52 88 72 56 11 32 79 20 95 26 95 30 90 34 50 61 96 22 96 54 63 48 61 42 91 10 63 46 10 31 17 63 56 36 86 76 17 1 77 23 80 69 94 88 56 42 49 33 13 78 10 23 30 56 17 94 83 30 68 72 51 30 24 96 43 1 1 35 61 100
99 69 16 63 86 64 36 85 92 29 64 37 15 44 85 98 98 87 76 42 41 68 80 82 17 12 41 70 57 0 39 99 76 36 73 72 86 96 96 63 97 57 29 31 98 3 69 30 16 72 48 84 13 46 9 21 57 5 80 94 85 86 82 66 93 65 76 52 59 73 42 85 73 14 68 23 74 98 42 3 6 89 9 81 33 7 58 67 37 68 39 42 16 69 50 98 99 78 97 99
18 96 44 40 6 16 62 56 21 21 43 48 38 55 39 16 40 17 57 38 77 54 67 81 83 60 5 71 59 70 0 81 55 3 25 73 87 13 50 60 97 11 82 64 16 10 58 14 30 31 98 73 49 81 22 48 31 24 17 13 2 56 54 27 59 89 8 25 39 91 85 54 4 43 15 9 67 73 40 65 81 62 36 61 68 5 37 27 68 49 7 16 79 30 98 24 94 65 73 63
22 28 61 43 68 63 55 22 1 4 95 57 78 76 62 79 32 46 15 31 15 96 66 29 25 74 89 67 30 27 69 0 53 83 82 57 40 56 93 90 92 100 5 83 41 29 95 100 10 40 39 59 65 14 75 90 47 40 51 52 25 1 3 58 82 7 95 46 68 54 70 40 77 29 90 78 54 77 9 62 94 24 25 14 45 75 10 71 76 69 49 75 42 44 37 50 62 5 30 100
76 60 21 62 74 22 66 90 71 16 99 16 75 85 27 91 10 96 31 18 47 11 88 21 85 20 28 28 21 2 39 58 0 91 40 36 42 43 22 22 19 65 45 53 51 36 10 52 27 96 71 36 21 96 26 21 23 90 79 61 88 46 41 51 5 10 56 45 90 25 86 33 14 75 91 54 61 75 4 51 6 4 93 82 62 54 23 79 68 39 78 92 2 83 42 9 77 12 81 1
5 22 9 79 59 74 40 87 84 43 50 1 67 2 50 33 40 99 70 70 42 85 44 33 42 51 86 9 1 50 43 27 63 0 19 75 60 66 37 14 44 87 92 40 40 32 65 34 93 31 26 73 26 23 78 15 35 97 38 32 43 18 51 18 53 40 77 9 85 90 85 66 5 86 34 31 87 98 98 33 85 91 79 66 80 95 62 6 23 38 64 25 92 19 16 89 89 8 38 51
5 80 2 33 70 1 97 19 62 24 100 54 70 29 50 49 15 3 88 77 85 72 65 40 75 74 5 46 64 56 87 47 68 16 0 42 77 18 81 9 38 34 72 8 99 28 59 35 13 44 19 53 99 1 1 94 53 60 93 37 32 62 50 65 68 34 45 4 71 62 36 6 90 14 35 37 19 99 47 70 6 37 67 40 13 35 24 93 13 60 88 88 6 35 56 66 71 40 60 98
42 34 80 45 79 2 36 92 97 58 40 11 13 8 98 46 72 62 82 43 79 98 48 23 42 38 1 64 50 25 64 89 28 62 28 0 72 44 99 4 28 55 51 42 46 25 28 77 54 50 67 53 72 12 70 37 34 34 12 1 18 44 82 46 56 36 38 96 52 33 88 15 42 99 44 81 55 31 58 15 45 76 18 99 44 83 4 23 88 7 81 85 95 2 45 82 7 1 65 88
61 35 29 68 49 2 54 14 2 46 64 69 15 74 11 43 71 92 89 69 54 21 97 75 85 39 56 84 8 29 96 1 64 53 70 32 0 46 84 40 7 23 58 33 43 3 36 97 57 26 88 92 32 95 29 56 57 70 80 78 43 32 2 67 21 35 72 32 67 69 17 20 98 47 64 86 89 5 10 85 45 51 62 85 67 100 40 41 25 48 96 72 24 61 46 57 10 7 35 33
68 17 85 92 86 12 83 36 74 98 12 7 11 15 91 25 11 12 25 69 9 2 87 36 86 7 47 44 66 96 6 80 80 38 4 41 27 0 63 87 8 91 14 93 79 87 15 94 83 8 20 35 36 12 80 98 4 10 5 86 38 75 67 42 2 55 25 78 15 17 96 85 25 39 56 47 65 98 69 8 35 66 75 54 26 2 69 32 48 16 96 67 20 89 82 54 81 56 74 34
45 48 44 57 24 95 24 21 32 78 11 3 1 4 82 69 74 60 23 54 46 23 92 62 46 42 87 63 72 12 52 10 25 36 33 38 48 55 0 99 6 29 85 23 38 30 83 64 34 89 8 49 39 56 48 12 11 63 3 4 15 11 27 28 8 65 2 8 72 45 14 5 91 76 98 71 38 57 30 6 83 23 84 79 99 5 51 48 30 37 57 3 97 71 24 57 70 54 77 70
4 55 25 33 92 57 29 33 29 94 50 56 98 12 11 61 27 78 83 29 26 94 75 58 67 43 12 43 6 11 69 69 89 62 88 32 94 48 23 0 19 31 85 51 17 77 56 77 95 50 25 9 78 65 23 61 27 37 31 82 96 33 34 42 79 87 19 62 77 19 64 94 47 11 15 100 61 97 22 70 17 57 24 85 100 1 95 39 84 99 59 8 1 7 33 20 62 35 85 28
37 59 98 84 99 61 59 70 53 42 95 2 39 35 59 31 43 68 92 73 51 43 8 51 17 12 9 43 36 100 13 58 27 40 54 36 86 50 58 9 0 61 16 83 6 41 80 88 34 90 12 44 63 11 38 45 14 6 32 2 48 51 63 66 83 68 85 39 86 3 85 78 21 84 67 82 56 63 69 9 14 94 2 96 46 51 38 90 87 4 71 35 6 37 75 4 32 67 14 55
94 28 91 25 53 14 6 99 34 1 54 89 17 62 86 60 44 85 66 84 99 88 88 2 36 20 96 51 9 61 6 80 24 20 79 26 53 5 91 36 91 0 47 9 93 1 18 44 4 87 72 63 34 70 49 57 9 76 94 71 15 37 90 39 71 8 62 97 98 35 70 33 7 23 97 20 87 74 36 32 95 42 96 12 16 7 88 72 41 62 10 15 5 53 17 91 40 31 48 30
84 49 72 87 48 94 39 63 41 77 61 86 54 37 57 89 46 3 21 35 54 96 79 53 92 17 94 55 98 32 65 17 24 75 4 22 1 9 70 57 98 98 0 60 78 17 13 18 87 21 37 79 96 63 47 43 68 25 56 10 47 55 27 17 66 2 31 25 47 72 42 76 54 91 37 42 99 80 12 5 5 60 18 50 100 77 96 1 85 82 43 89 8 97 64 60 94 83 63 96
40 43 71 14 15 87 13 34 19 26 8 73 16 43 34 55 72 36 26 17 91 33 6 34 87 33 31 14 69 49 95 4 26 84 7 97 71 70 19 98 32 48 4 0 26 59 74 49 46 34 72 41 14 70 81 8 49 55 82 52 75 65 51 52 55 13 31 26 15 46 8 3 62 88 2 28 96 99 50 94 6 11 85 85 18 83 23 22 28 11 74 92 87 25 6 10 85 65 58 72
85 1 2 72 19 45 56 8 75 10 62 17 88 34 46 46 28 65 38 71 52 31 27 45 38 86 96 57 59 34 71 81 80 31 19 3 48 72 62 68 67 47 39 24 0 71 73 61 49 36 8 82 25 15 86 50 25 12 18 80 16 76 3 43 34 66 1 67 31 78 17 39 40 80 51 87 73 72 63 59 96 34 69 27 34 13 14 23 11 41 65 46 76 13 58 70 98 1 66 50
58 73 64 21 21 50 85 60 21 78 55 95 89 54 55 54 46 94 73 5 15 97 1 87 93 82 29 20 80 67 7 45 13 44 25 49 94 46 34 38 11 82 87 76 43 0 52 47 30 62 36 65 58 78 24 5 89 94 66 74 40 70 22 71 91 51 63 4 70 62 6 68 11 68 87 5 49 46 84 40 91 38 90 72 4 30 30 22 87 100 74 67 43 59 92 34 89 6 72 64
35 83 19 62 9 36 54 54 71 98 70 83 73 30 34 71 56 73 12 18 54 98 81 37 61 72 15 97 41 23 48 47 75 25 13 45 67 26 94 35 30 3 86 11 89 41 0 44 62 69 46 76 61 44 54 23 53 86 3 53 63 89 93 97 3 91 14 60 56 21 47 28 18 6 94 69 52 94 28 49 65 77 84 15 42 16 45 38 13 58 2 76 21 64 26 7 86 31 7 37
100 16 7 8 72 30 41 29 23 64 70 80 44 86 42 74 81 74 50 51 94 4 56 79 58 39 71 57 38 71 13 82 56 31 89 37 21 75 18 39 35 4 76 2 43 25 81 0 55 23 87 7 77 31 93 48 26 74 8 75 36 48 70 79 84 8 14 2 75 85 61 88 27 5 69 18 59 93 82 94 75 51 41 21 93 70 89 28 64 30 5 44 7 60 13 77 52 13 5 58
31 63 40 43 33 64 19 51 86 48 41 42 27 65 26 59 30 6 68 32 79 97 2 75 35 90 100 11 12 82 33 16 29 61 20 36 90 28 86 8 35 74 45 99 65 14 82 18 0 10 27 33 2 2 80 33 19 59 46 15 69 2 80 77 17 88 49 4 33 4 18 63 81 84 25 71 55 7 37 99 54 29 12 41 76 25 10 88 45 92 64 90 100 32 62 1 73 97 13 97
80 68 85 25 26 82 75 87 41 67 31 19 63 36 34 92 4 64 43 38 29 86 44 44 86 100 64 42 91 71 35 31 44 23 90 60 2 47 77 33 77 43 47 86 40 66 42 54 80 0 71 92 44 66 100 94 78 81 56 39 23 80 11 28 14 52 39 88 85 45 63 43 32 92 97 34 66 90 68 74 23 87 1 100 72 45 74 33 88 48 46 94 76 7 12 1 85 66 14 63
19 65 37 37 22 4 79 62 45 48 86 95 66 69 88 16 100 42 61 59 38 75 84 66 41 58 3 100 13 94 78 72 86 32 94 47 53 99 43 86 10 23 83 61 84 35 7 47 12 28 0 5 2 91 78 64 58 67 51 39 14 78 98 29 90 50 78 73 61 85 96 75 27 1 91 11 56 17 83 46 9 70 12 81 59 8 26 9 10 89 30 93 51 16 4 9 66 100 5 43
87 40 63 42 16 99 7 99 56 85 63 38 31 88 74 89 71 21 17 26 83 11 92 36 46 35 58 64 11 23 39 100 17 24 84 55 98 39 28 11 73 87 9 73 68 9 93 51 64 34 77 0 89 28 26 73 97 37 42 86 60 74 51 52 3 78 55 7 76 47 49 46 26 70 16 99 44 1 2 74 64 91 35 41 9 58 13 21 55 43 10 83 63 93 65 90 12 100 31 68
56 86 18 36 1 57 24 96 59 33 61 13 10 95 71 73 26 12 52 83 91 59 87 89 88 19 88 31 68 93 88 72 39 16 96 63 47 48 83 65 34 17 24 49 13 6 79 77 48 82 51 84 0 89 23 41 69 99 29 84 39 2 58 52 2 45 72 29 51 93 25 85 60 13 83 90 75 12 71 99 21 62 21 87 51 56 29 68 61 51 5 45 44 100 11 21 58 5 67 93
15 46 42 97 63 69 14 96 79 80 66 15 18 82 60 67 1 8 26 79 47 10 11 92 36 3 24 76 4 45 16 94 60 63 84 88 64 72 91 13 28 53 94 6 18 83 64 51 62 58 54 31 70 0 19 30 44 67 61 93 17 48 60 47 74 78 11 27 38 53 95 53 45 59 9 13 10 7 13 40 48 94 18 25 12 38 6 38 65 62 58 18 68 78 82 5 100 72 79 51
31 65 87 85 40 44 63 33 37 76 92 53 17 32 15 87 61 31 19 16 35 69 5 7 64 35 3 33 81 35 87 52 27 16 26 53 7 66 49 23 23 21 36 17 90 48 18 68 40 69 73 23 87 40 0 99 52 11 1 31 36 64 87 46 2 13 63 57 32 49 70 23 79 74 34 81 55 67 36 14 32 31 56 10 11 16 42 51 68 27 54 50 93 61 87 64 68 2 88 93
63 90 75 10 73 28 84 19 100 61 82 24 98 55 89 17 73 71 96 34 57 84 5 32 88 48 84 54 24 82 17 48 25 42 22 18 53 83 61 86 35 23 35 91 20 20 63 70 97 2 1 35 45 24 90 0 18 94 49 13 40 69 29 57 56 23 42 11 38 51 85 79 67 49 81 90 68 76 1 69 33 29 43 87 47 22 81 54 26 74 97 68 1 38 30 72 99 40 89 26
74 95 22 85 88 68 31 8 78 88 91 34 82 48 65 47 9 78 8 39 89 85 63 14 37 84 50 74 27 60 4 34 3 89 12 35 62 59 18 77 82 34 75 91 73 63 89 100 22 34 49 47 87 98 36 38 0 13 80 17 3 51 52 29 80 57 32 45 69 81 11 5 8 59 83 2 53 51 68 90 40 77 10 8 85 28 77 98 42 5 100 7 27 54 79 58 67 99 18 2
55 17 23 88 30 82 3 59 17 46 91 56 100 11 98 88 16 29 23 19 59 48 37 91 19 94 61 14 56 66 9 95 26 3 44 96 83 39 14 81 5 15 42 79 27 16 22 91 95 80 11 91 17 43 79 79 22 0 69 23 94 15 53 15 28 45 37 97 80 70 25 16 55 63 10 47 71 98 79 2 71 7 70 62 64 91 89 18 81 76 73 37 52 64 13 70 80 63 80 66
8 44 28 29 26 74 91 34 85 1 76 45 29 9 96 7 52 33 35 41 70 85 61 2 34 54 53 27 52 98 85 24 77 13 5 93 33 86 95 78 80 28 100 9 16 54 16 19 70 53 16 2 49 53 5 70 24 58 0 94 58 52 66 42 58 41 16 84 92 10 63 8 55 41 54 39 24 82 68 16 52 51 9 1 84 32 60 77 65 84 83 79 55 32 65 41 41 6 86 8
21 99 34 19 90 35 44 36 100 25 81 42 45 29 74 29 90 13 51 48 88 40 34 89 46 96 84 24 4 88 79 70 90 50 81 21 58 70 1 96 95 94 32 63 31 22 3 49 18 73 52 76 63 79 35 64 2 7 56 0 21 67 89 18 21 73 64 62 40 60 54 22 46 42 84 5 52 13 21 69 53 86 60 37 60 37 2 13 67 37 30 76 10 35 91 88 26 83 32 84
77 19 39 67 66 29 49 21 68 88 75 48 16 63 49 41 76 2 99 57 86 70 9 28 73 87 13 77 52 52 29 3 45 64 86 23 38 56 31 62 94 2 43 84 74 5 98 20 92 23 16 51 46 28 32 68 24 20 28 56 0 96 32 66 31 54 93 94 83 11 95 91 18 64 86 77 100 20 28 61 87 56 7 1 50 63 40 38 24 73 73 10 86 33 99 92 9 26 61 52
75 24 2 29 88 32 37 37 32 18 44 7 68 60 58 36 11 32 47 60 40 35 78 33 86 28 81 27 99 51 49 35 50 75 9 61 80 96 78 84 22 99 53 56 41 84 25 59 10 77 55 50 37 89 76 97 41 4 98 54 43 0 91 55 31 69 20 27 2 58 51 6 93 16 28 15 99 57 20 39 9 46 59 69 52 45 73 58 56 27 78 54 39 24 53 35 80 56 72 78
33 22 9 64 52 86 88 89 5 20 8 5 67 52 82 5 2 66 2 37 32 4 93 60 100 58 24 44 62 2 90 32 42 56 93 24 45 2 99 77 50 22 69 66 79 40 1 43 23 23 72 76 72 91 30 10 90 89 86 30 70 20 0 11 39 33 49 49 75 45 22 59 5 38 83 97 22 7 85 53 47 8 48 50 3 37 77 25 66 80 57 66 50 83 58 75 93 22 36 32
20 55 46 41 63 45 75 89 38 70 68 21 84 85 50 46 51 1 77 33 22 40 79 23 3 98 27 41 59 96 13 2 95 63 32 96 89 90 31 53 38 21 45 22 68 74 59 71 55 70 88 26 64 60 90 95 13 89 24 97 37 64 12 0 55 81 90 10 42 24 66 78 26 4 59 15 79 26 78 21 65 36 3 10 33 5 17 53 57 77 90 4 16 59 58 69 11 94 39 80
7 88 5 27 90 46 64 95 65 69 71 59 24 1 73 95 10 85 39 94 89 86 92 37 34 5 90 92 42 65 14 8 88 81 23 36 6 84 84 56 48 22 11 28 4 75 15 54 96 20 94 76 71 61 68 81 10 39 51 66 88 6 76 84 0 16 27 60 1 67 61 96 48 39 10 95 63 5 84 73 72 56 30 13 20 31 53 21 44 81 57 66 5 81 61 55 92 72 58 75
56 91 45 99 9 38 91 10 21 39 47 23 8 13 74 9 60 9 51 51 79 54 66 3 71 9 91 77 9 56 78 53 94 84 85 53 35 6 18 62 71 90 97 54 59 68 50 26 46 88 46 94 6 2 36 66 3 24 40 22 83 35 38 18 8 0 24 40 90 79 10 87 97 54 86 69 81 57 44 49 64 24 98 30 35 65 80 41 15 81 98 47 12 6 77 4 45 61 92 74
75 97 55 58 100 65 83 68 88 73 30 50 59 20 59 88 45 91 25 19 1 54 23 32 81 21 35 86 92 49 53 16 75 93 49 18 58 63 6 52 44 88 5 35 38 9 13 91 84 49 36 4 89 36 7 79 60 73 77 54 73 16 78 82 99 86 0 35 17 21 6 85 96 19 74 46 10 46 63 61 99 28 54 66 9 51 85 67 93 62 30 26 26 97 22 50 27 37 65 66
98 43 66 73 21 75 66 29 68 91 15 11 69 26 19 95 18 27 40 61 54 17 11 31 27 16 68 83 95 59 73 5 44 73 53 54 10 76 49 4 13 100 75 51 5 13 96 98 91 76 40 82 37 63 89 55 85 65 56 19 62 40 7 49 77 67 92 0 61 16 52 79 30 57 7 37 69 30 65 25 51 60 87 4 70 42 99 27 90 96 34 92 16 57 57 35 97 11 53 100
60 38 93 11 57 28 46 16 57 4 11 85 91 13 76 1 2 46 18 70 6 8 57 83 89 44 100 29 34 79 22 52 32 24 42 26 93 38 30 80 12 35 66 65 5 81 51 4 48 84 27 98 44 97 59 93 6 29 36 80 95 85 24 12 22 87 28 60 0 7 71 27 85 12 20 2 76 23 66 60 70 46 32 34 39 23 10 59 10 82 23 74 4 29 57 17 64 44 2 86
12 15 70 24 23 54 59 75 15 86 14 58 33 2 67 67 52 37 29 15 98 27 79 19 59 11 59 5 76 80 30 68 95 60 13 59 87 2 47 86 58 84 35 46 19 57 48 83 13 42 72 5 70 100 47 100 67 66 3 58 37 68 50 50 85 11 22 94 51 0 61 64 42 32 57 11 100 39 76 68 29 20 11 13 26 93 93 35 28 77 93 93 22 81 62 22 25 9 79 15
58 25 93 58 79 62 60 11 8 41 5 98 65 47 71 26 46 71 58 45 12 32 1 28 66 14 28 87 35 12 33 42 6 52 72 54 14 56 10 83 85 54 58 3 32 83 51 68 8 48 39 84 79 13 86 78 14 39 28 60 55 82 28 16 84 96 88 88 46 69 0 74 59 81 24 6 74 24 3 59 67 98 56 96 13 60 32 31 45 78 96 80 18 2 10 53 73 42 69 23
27 71 46 9 99 42 5 56 43 28 88 42 55 14 15 49 2 78 68 48 3 5 25 62 12 98 33 39 33 81 8 83 67 17 95 30 63 5 36 94 55 85 62 48 16 93 89 46 15 46 58 78 78 41 55 33 82 62 74 63 40 1 71 6 97 61 95 94 11 69 73 0 35 41 49 88 43 14 94 95 19 91 46 58 49 91 96 40 96 65 54 99 32 86 42 96 66 68 98 79
40 14 96 68 18 65 50 35 64 53 39 100 52 10 25 67 32 18 90 70 5 76 62 41 19 90 15 86 17 16 52 55 61 82 72 25 5 20 55 83 77 41 62 52 45 65 44 82 64 87 53 72 79 84 55 67 15 6 85 81 74 82 60 94 89 77 10 40 95 41 49 31 0 98 13 56 23 26 67 53 59 4 6 19 86 18 100 64 99 77 64 88 41 28 37 97 17 39 73 18
46 36 29 94 68 74 99 89 97 76 28 62 45 81 75 77 32 5 64 18 70 17 54 96 90 69 30 71 52 35 64 47 82 19 71 21 50 66 41 61 74 45 17 74 89 46 22 83 62 78 53 4 11 62 54 80 77 72 4 98 18 38 3 11 96 82 52 38 56 77 16 39 47 0 70 77 74 3 32 38 77 41 36 78 85 96 20 45 62 100 92 59 27 96 56 14 36 100 48 83
90 31 28 8 20 27 15 5 45 98 78 77 83 55 91 88 40 70 69 100 68 53 39 28 13 38 8 13 74 18 61 40 16 15 78 29 32 70 73 4 11 51 29 1 96 82 91 58 14 56 22 85 2 31 96 91 88 35 66 4 67 86 33 12 64 15 60 95 67 4 62 51 84 73 0 84 92 57 53 28 45 89 32 65 29 62 46 79 18 36 36 8 99 46 81 56 2 66 52 90
50 24 65 43 81 21 54 8 16 18 32 34 12 76 75 34 87 82 70 72 36 42 93 43 46 46 69 38 11 95 62 99 86 77 77 61 34 37 15 73 6 38 15 5 83 52 96 68 61 40 80 27 30 25 29 45 44 76 44 67 2 54 68 99 35 76 93 14 27 36 55 46 30 27 23 0 61 23 87 32 68 70 50 34 72 66 74 89 18 15 8 93 87 95 91 51 99 24 14 35
52 79 90 32 35 36 67 2 82 27 23 27 17 97 88 90 83 11 23 36 13 41 61 32 94 23 95 39 79 79 10 81 49 74 48 31 33 96 27 98 92 99 23 20 68 52 92 67 92 6 90 3 27 39 93 86 9 81 13 67 94 78 26 14 3 65 17 8 80 10 19 30 60 88 88 88 0 28 85 8 89 15 38 90 50 8 90 70 37 62 54 1 32 4 11 68 22 60 16 2
30 59 62 30 14 96 57 29 71 70 25 89 32 40 32 72 29 78 44 81 67 62 45 7 21 26 28 65 89 82 41 61 98 27 91 5 66 13 27 18 60 94 25 31 49 51 31 67 99 92 42 37 46 21 66 24 3 100 6 81 56 4 86 100 39 15 63 57 98 51 77 3 84 55 75 98 86 0 84 87 27 65 80 12 48 56 56 46 23 22 93 53 59 69 13 99 58 58 15 100
19 79 7 96 29 91 53 76 5 97 67 57 68 90 86 82 24 84 9 28 72 10 70 13 1 94 19 87 64 63 49 27 90 48 51 23 86 80 29 80 81 88 80 52 6 47 71 59 34 87 97 61 28 62 94 42 13 22 73 74 48 13 14 9 56 96 48 90 13 32 78 83 86 65 60 37 82 100 0 11 41 82 15 69 60 46 71 30 92 4 81 98 45 17 65 1 4 55 1 35
70 27 47 66 56 12 4 77 91 95 12 89 71 7 38 35 26 42 68 53 58 49 51 8 87 24 19 12 33 37 74 42 54 14 72 14 5 91 23 40 14 86 92 41 4 99 2 32 70 12 98 56 10 42 37 2 61 74 7 79 36 98 60 11 51 33 76 48 28 82 43 46 95 50 4 25 98 60 41 0 89 48 89 17 95 31 81 33 20 26 12 4 99 56 64 49 12 60 36 95
40 63 70 93 1 81 63 84 38 3 75 90 72 81 20 45 92 8 71 45 2 46 45 70 11 11 45 47 35 9 16 88 89 56 83 36 10 97 1 63 46 64 12 77 59 28 45 49 86 78 88 72 48 58 46 51 84 48 58 13 74 39 48 44 36 100 85 60 78 82 5 37 21 41 46 39 60 45 60 5 0 83 69 31 26 74 41 50 89 14 18 99 38 87 69 72 31 8 76 35
41 15 52 33 56 50 98 66 2 41 85 66 15 91 86 6 67 32 32 80 69 8 7 40 97 88 36 64 96 14 6 7 59 35 64 39 54 22 15 96 84 37 59 90 89 35 67 91 39 66 78 51 22 6 69 24 55 79 63 53 84 61 47 43 94 24 21 59 47 8 16 48 28 51 16 25 28 83 12 79 43 0 80 80 28 49 69 66 97 81 59 22 22 58 18 47 63 67 16 48
76 33 41 21 46 42 89 79 73 43 50 3 61 89 58 76 89 66 5 76 25 72 15 22 11 88 52 25 5 13 57 20 14 42 29 61 81 70 22 93 92 63 81 75 27 31 88 29 9 60 73 44 88 86 61 58 93 11 24 63 67 63 93 65 93 50 67 82 87 40 17 73 85 8 51 84 15 8 18 36 41 68 0 18 54 96 81 72 91 55 22 38 44 39 95 19 84 17 43 87
30 42 56 100 87 61 89 89 89 22 88 48 39 11 30 35 86 39 20 12 96 77 83 65 31 38 89 42 93 15 87 10 55 46 55 70 64 27 59 30 76 72 23 34 42 81 45 61 20 35 71 72 85 19 7 9 38 71 59 16 98 86 62 19 35 29 92 63 3 7 14 91 79 81 46 36 84 6 14 51 95 10 39 0 70 63 94 74 7 79 57 42 76 65 27 86 3 67 61 23
39 100 97 33 11 11 92 19 31 45 67 80 30 25 60 26 53 29 89 55 75 63 31 67 2 82 20 57 70 39 31 48 50 76 78 13 31 45 10 100 45 10 43 61 25 80 75 26 49 88 60 38 8 30 6 57 85 96 63 99 59 47 99 87 24 31 36 62 74 31 39 40 91 46 22 19 81 22 57 18 10 95 48 45 0 66 8 66 40 23 35 95 13 3 63 73 56 5 80 34
63 33 94 83 51 50 53 88 38 9 33 71 69 20 63 39 54 50 41 6 28 55 4 17 75 81 43 16 92 41 95 81 53 39 93 97 13 48 36 98 31 94 74 57 90 91 7 27 62 48 17 20 5 89 10 20 9 42 35 65 17 68 96 63 3 97 78 7 50 58 19 91 42 68 90 42 14 55 87 52 20 87 16 82 51 0 25 65 96 38 61 74 4 9 30 72 23 63 11 52
11 35 77 12 31 47 74 7 24 22 68 12 84 85 48 29 13 39 95 30 5 71 99 78 65 67 55 47 93 27 100 67 70 23 19 18 47 41 40 26 13 31 66 65 53 1 2 26 61 44 27 65 96 27 23 81 64 51 75 56 86 47 88 98 75 65 10 54 29 81 71 26 50 35 45 58 19 51 90 45 97 86 61 80 96 64 0 26 80 100 14 82 95 81 28 12 95 44 91 28
70 95 50 19 13 15 24 66 60 68 48 23 96 35 53 85 61 41 23 71 44 90 74 40 16 22 6 100 52 51 88 55 97 9 94 35 2 15 85 19 90 26 24 98 25 17 25 87 60 11 75 39 3 18 85 45 97 57 69 31 58 93 73 18 32 9 66 99 73 28 35 81 85 88 71 15 97 68 34 15 32 43 62 21 6 16 61 0 14 51 55 20 18 77 30 36 40 90 49 53
93 17 68 92 4 100 98 80 9 28 79 69 61 93 60 17 42 89 23 80 89 28 35 52 12 49 57 23 43 12 100 57 30 11 40 77 37 24 33 35 100 58 36 8 97 56 94 67 86 28 65 61 23 87 49 52 26 62 23 72 2 53 59 55 81 24 43 7 74 4 92 2 97 51 49 53 92 52 2 6 60 38 4 49 17 17 78 97 0 87 68 97 9 92 69 57 22 27 54 55
5 100 32 75 55 4 39 15 3 16 74 67 7 8 29 28 90 49 37 92 27 16 51 8 89 3 45 2 71 99 58 90 15 52 57 6 38 64 74 42 58 94 53 33 73 99 88 51 66 60 83 33 62 20 91 31 41 46 64 58 66 70 48 29 33 32 58 82 77 33 68 41 83 95 61 32 46 33 66 43 95 67 84 21 53 68 91 85 67 0 57 7 45 95 15 32 96 35 33 64
82 81 40 36 42 76 45 99 25 23 61 64 46 27 36 59 35 81 39 45 69 48 16 73 40 73 76 78 10 78 68 62 2 25 93 72 75 75 9 54 67 75 24 55 90 81 41 21 34 69 82 7 96 45 54 2 2 100 5 70 96 92 7 20 99 39 99 6 69 58 88 47 90 27 13 97 67 69 84 97 1 58 77 62 78 1 29 75 92 54 0 15 87 47 51 84 95 40 32 51
59 31 67 12 97 71 91 92 11 47 48 83 48 5 48 78 11 18 60 76 79 61 77 17 23 72 38 42 38 97 40 76 79 75 1 70 32 49 46 91 85 48 24 41 13 12 42 28 76 73 14 43 35 89 57 81 24 42 73 100 58 70 50 27 26 83 13 3 53 88 45 3 67 11 47 25 44 57 65 1 98 52 35 94 46 48 12 92 32 92 52 0 84 74 60 43 63 76 84 33
29 7 100 4 35 85 60 64 69 26 44 33 62 45 33 28 97 60 14 40 12 85 49 96 89 62 78 7 25 41 54 47 38 15 42 14 25 71 83 47 3 34 50 86 54 48 80 3 92 2 88 97 5 20 74 47 78 71 100 49 64 53 64 1 41 92 29 88 21 64 95 92 93 20 62 39 5 81 91 50 11 16 73 41 98 37 51 91 29 100 7 94 0 53 100 92 17 33 43 41
2 52 82 9 47 58 41 40 44 20 35 100 64 63 84 38 34 16 76 3 75 85 66 70 45 44 93 96 58 84 87 63 91 77 55 65 96 54 65 73 55 27 97 92 13 10 4 89 32 66 89 72 95 9 80 73 39 36 78 57 88 77 60 42 48 93 1 43 84 37 26 35 14 21 45 87 30 97 36 16 69 24 24 88 23 19 6 28 48 65 33 55 16 0 71 98 78 89 28 86
78 34 78 98 56 45 51 9 8 33 88 11 83 27 20 77 40 23 54 33 84 36 48 4 49 84 72 3 19 61 17 87 4 74 23 17 84 66 72 26 17 67 99 17 28 22 100 83 23 96 58 28 68 10 81 77 76 94 83 28 46 65 92 4 51 96 99 74 97 99 17 9 4 89 31 95 49 48 8 28 71 96 87 64 80 27 11 45 80 16 32 99 10 29 0 50 9 80 76 66
17 97 56 6 36 50 6 10 100 5 50 65 58 38 17 41 4 13 42 66 56 53 64 22 71 15 96 7 90 50 70 8 15 19 34 9 88 55 18 29 24 68 59 14 59 5 66 96 85 30 12 95 54 87 66 79 93 5 3 14 91 51 75 81 63 20 13 57 41 70 65 41 8 7 97 48 77 88 11 52 46 67 49 6 55 65 72 30 80 81 73 48 3 5 33 0 45 90 7 81
100 90 8 68 40 87 53 57 74 65 15 28 73 99 92 12 94 22 52 67 75 41 30 19 100 40 61 66 4 19 32 1 62 57 14 85 24 82 94 83 93 59 65 18 59 17 38 22 52 9 68 52 6 95 93 97 67 17 3 33 74 94 71 62 4 13 45 58 75 92 75 38 33 99 19 19 98 95 92 47 7 63 65 29 99 70 44 11 64 65 30 58 19 84 80 76 0 66 29 12
74 71 54 50 79 85 73 73 45 58 25 14 55 68 51 43 72 54 75 93 28 52 49 80 22 60 52 80 94 91 23 65 64 78 71 53 57 86 85 15 55 99 64 4 21 78 35 65 40 87 49 55 53 90 30 47 39 91 87 18 81 99 85 54 23 2 71 76 21 31 78 12 17 90 3 7 57 82 77 56 30 30 52 7 57 39 62 56 91 1 60 11 100 20 92 69 56 0 1 95
97 67 8 18 70 51 77 23 54 29 8 94 12 60 7 65 100 49 7 94 47 48 10 59 58 25 7 40 10 16 77 54 90 67 18 67 31 97 17 71 57 91 51 82 33 15 10 44 2 77 84 18 31 40 90 21 99 85 26 93 63 100 97 1 66 60 73 99 72 36 22 100 29 79 23 53 22 60 12 71 17 9 25 46 85 22 2 46 82 3 57 83 10 31 40 59 50 71 0 72
24 28 67 53 49 5 19 25 91 52 46 11 77 57 92 12 57 5 91 84 28 67 69 31 50 72 25 24 36 45 27 64 71 53 53 24 82 49 5 5 52 55 25 28 95 19 51 81 65 99 41 1 17 71 52 37 54 45 22 44 85 75 73 28 41 33 12 21 48 62 61 54 12 83 85 83 35 95 97 66 41 51 74 70 53 57 91 51 59 85 54 64 57 24 25 1 28 13 35 0
