15 2
265 0
382 0
436 0
518 0
302 0
299 0
301 0
14 0
365 0
635 0
680 0
538 0
274 392
968 0
345 0
0 7 16 22 84 69 11 23 74 80 49 37 47 7 20
24 0 67 87 12 77 95 73 91 88 65 4 63 48 97
74 10 0 8 48 93 81 22 91 89 30 15 44 73 72
80 3 19 0 30 10 44 62 80 86 47 31 6 76 42
32 70 86 47 0 10 28 60 52 57 34 32 80 70 98
96 44 40 4 47 0 48 32 12 73 53 24 26 70 2
80 50 79 7 68 75 0 26 2 89 28 92 18 99 41
44 59 3 56 58 20 51 0 32 57 71 43 12 6 78
27 80 43 30 27 64 41 33 0 94 82 59 99 24 95
84 55 75 39 22 61 37 11 53 0 26 77 63 6 46
39 35 14 42 46 71 24 34 49 100 0 30 72 49 95
65 41 95 73 47 92 53 13 56 96 84 0 32 44 3
78 79 51 60 65 24 75 18 85 24 46 91 0 78 53
82 56 73 55 21 36 57 13 19 64 74 37 7 0 42
20 30 17 34 22 47 71 49 73 40 18 58 24 85 0
