11 11
0 0 0 0 0 0 0 0 0 0 0
0 0 0 0 0 0 0 0 0 0 0
0 0 0 0 0 0 0 0 0 0 0
0 0 0 0 0 0 0 0 0 0 0
0 0 0 0 0 0 0 0 0 0 0
513 990 883 755 236 485 72 167 753 764 891
0 0 0 0 0 0 0 0 0 0 0
0 0 0 0 0 0 0 0 0 0 0
0 0 0 0 0 0 0 0 0 0 0
0 0 0 0 0 0 0 0 0 0 0
0 0 0 0 0 0 0 0 0 0 0
0 2 -1 -1 -1 -1 -1 -1 -1 -1 -1
2 0 2 -1 -1 -1 -1 -1 -1 -1 -1
-1 2 0 2 -1 -1 -1 -1 -1 -1 -1
-1 -1 2 0 2 -1 -1 -1 -1 -1 -1
-1 -1 -1 2 0 2 -1 -1 -1 -1 -1
-1 -1 -1 -1 2 0 1 -1 -1 -1 -1
-1 -1 -1 -1 -1 1 0 2 -1 -1 -1
-1 -1 -1 -1 -1 -1 2 0 2 -1 -1
-1 -1 -1 -1 -1 -1 -1 2 0 2 -1
-1 -1 -1 -1 -1 -1 -1 -1 2 0 2
-1 -1 -1 -1 -1 -1 -1 -1 -1 2 0
