54 31
195 128 289 229 864 989 739 721 834 811 351 767 836 90 61 852 303 298 227 597 364 940 644 884 391 680 140 745 180 516 62
17 740 389 950 253 495 493 794 913 421 426 3 599 16 863 194 927 241 705 365 662 459 144 864 585 477 520 744 84 88 91
12 651 496 180 44 427 528 83 243 342 694 640 225 250 173 734 913 181 258 293 242 335 94 371 576 652 193 433 498 845 272
742 358 993 797 618 697 53 133 369 579 573 80 722 46 709 17 730 239 457 868 162 718 918 15 234 248 787 921 992 804 951
920 561 954 304 631 171 902 821 11 381 572 81 519 539 382 685 886 937 409 232 37 308 966 613 59 512 580 242 400 681 466
424 771 697 650 244 512 762 641 969 766 769 547 751 831 840 772 332 128 367 873 685 520 446 653 98 838 456 304 907 891 543
809 107 166 433 196 527 222 412 886 707 714 491 461 762 716 197 525 79 925 118 29 37 690 116 824 463 107 312 576 357 44
927 4 403 765 653 362 648 468 381 32 496 987 910 412 782 843 293 556 34 823 539 200 339 550 780 43 137 656 876 784 561
721 373 656 918 228 737 242 888 7 144 524 948 644 95 558 664 15 933 822 601 499 379 165 67 8 544 769 772 631 974 244
805 982 596 593 398 102 841 998 237 633 506 421 683 914 1000 693 555 93 281 574 736 397 585 482 210 100 533 590 924 557 931
552 149 429 857 210 104 432 313 732 187 984 262 288 57 33 959 239 940 399 396 137 595 297 561 106 59 823 942 207 237 214
304 48 972 972 184 672 553 574 550 743 301 560 114 729 546 324 830 414 966 755 427 802 173 2 551 344 722 804 680 456 826
613 192 360 366 526 276 662 555 676 411 963 911 259 831 354 297 289 275 648 645 309 802 486 508 197 183 930 452 103 991 788
873 303 991 172 15 248 618 696 579 422 3 139 877 735 860 938 396 762 41 824 582 623 188 505 346 998 606 715 301 36 774
848 893 600 553 184 981 412 214 932 701 31 268 725 532 255 43 515 237 492 556 225 37 751 102 926 437 209 22 23 743 424
538 799 441 204 842 368 745 712 587 291 876 340 930 332 984 848 969 41 730 786 1 913 812 264 172 169 47 569 117 497 297
438 935 286 442 95 702 289 985 607 110 684 806 561 543 540 956 788 497 873 29 930 682 91 73 327 401 647 581 708 174 791
156 242 984 424 485 812 770 365 768 38 131 832 638 402 912 161 340 73 553 911 731 966 485 963 96 262 258 708 947 548 717
452 942 753 346 906 500 368 201 89 787 840 189 310 223 346 418 319 229 346 42 230 785 955 676 636 892 571 947 43 909 310
806 652 706 134 705 23 524 431 319 945 245 337 385 424 495 295 488 874 362 108 267 11 745 893 85 292 713 201 151 977 895
557 317 875 101 413 720 140 321 661 472 282 131 877 779 66 744 531 502 830 111 506 526 841 976 104 636 734 836 101 19 865
85 415 343 629 402 595 444 509 383 445 120 830 679 433 350 305 151 123 672 159 417 984 216 556 785 55 715 222 280 82 322
151 418 606 55 118 102 962 376 773 778 957 3 587 280 608 471 640 88 226 170 833 371 570 108 34 394 479 327 560 49 428
154 817 716 719 152 458 596 160 970 96 93 199 486 227 975 62 513 412 856 358 528 920 346 333 79 940 950 676 893 352 196
535 388 16 718 406 16 685 256 761 716 571 230 672 219 699 3 991 913 409 544 625 527 720 177 812 245 201 376 586 887 922
685 984 799 3 755 934 499 363 839 383 50 322 751 491 504 240 517 264 147 794 151 520 522 189 837 859 433 770 158 116 19
698 262 658 581 163 528 549 419 929 868 528 233 872 382 958 800 212 227 964 91 772 56 782 685 827 161 398 472 830 178 352
300 908 22 761 475 175 513 69 53 41 820 311 173 801 357 43 399 893 696 112 292 162 231 713 316 430 473 946 166 823 570
480 191 500 894 345 948 217 883 595 862 24 282 40 522 850 569 919 81 798 609 270 403 344 151 259 491 843 746 50 567 673
432 729 270 798 852 511 438 117 1000 619 377 554 451 456 291 479 327 462 803 122 113 628 339 779 566 665 542 220 583 251 214
553 913 190 998 774 27 470 594 800 373 720 978 140 361 330 53 115 849 91 551 487 661 781 657 415 262 375 282 998 924 791
799 658 49 837 820 425 368 154 127 717 701 783 957 848 163 746 235 915 676 532 587 216 40 638 193 727 917 553 185 429 166
372 856 817 428 184 763 409 806 928 463 881 214 388 454 235 66 613 354 506 812 75 666 88 142 913 679 16 13 674 545 710
169 781 571 826 798 852 455 963 426 267 303 824 99 131 457 762 284 206 174 301 244 949 720 629 36 156 918 373 11 511 117
731 568 735 924 376 314 605 268 427 551 583 402 325 335 768 323 55 405 73 971 623 738 245 337 50 13 715 883 91 475 4
441 482 383 597 600 471 678 158 414 526 609 200 317 197 272 230 583 71 104 546 556 981 705 897 458 307 590 176 833 222 617
525 657 957 170 435 627 677 500 413 762 966 29 11 716 355 784 874 48 807 537 150 870 42 996 267 109 588 298 161 301 504
929 214 290 777 878 885 681 203 26 228 66 16 966 99 778 131 941 896 908 385 421 320 684 291 776 552 840 320 261 473 283
744 695 226 287 371 951 535 229 127 674 664 220 473 305 748 813 635 121 276 287 923 847 260 763 964 722 220 174 725 620 69
278 736 590 998 619 102 967 822 284 557 825 540 803 307 249 603 886 644 601 649 219 951 139 927 839 848 540 778 3 718 794
271 555 756 700 958 732 613 701 741 698 168 412 702 171 932 723 323 228 204 113 301 909 971 630 499 451 715 579 584 131 711
540 509 782 601 195 422 125 990 354 185 602 341 821 880 736 566 825 280 737 863 629 434 106 378 292 54 140 266 587 568 738
580 141 115 178 187 857 289 506 499 756 277 265 367 849 95 783 519 338 622 41 89 953 565 237 239 935 596 966 817 432 7
69 417 505 659 572 589 664 348 600 322 199 93 627 667 4 895 826 849 743 858 426 444 648 897 538 672 157 751 29 331 862
856 502 98 341 875 960 164 989 307 761 974 934 381 547 613 577 708 863 130 726 751 486 351 16 764 477 64 18 493 92 661
873 1 851 635 477 926 281 643 100 378 659 434 797 553 254 63 366 513 457 420 467 425 177 436 164 696 930 434 705 746 951
778 876 788 335 457 75 689 516 662 265 69 409 196 248 606 279 624 734 923 772 917 593 981 185 231 719 322 894 348 526 664
276 454 365 886 78 62 293 30 757 323 224 807 255 255 4 975 707 794 804 566 36 112 172 950 624 165 46 486 947 369 998
397 485 399 782 651 44 439 423 27 783 771 557 901 97 375 917 545 910 193 294 134 301 104 641 616 530 434 694 951 719 717
316 924 678 374 597 775 142 896 828 659 375 525 716 387 171 296 798 238 652 90 990 550 396 355 195 599 460 985 697 810 637
356 757 25 85 242 116 77 6 725 832 387 721 162 360 29 154 862 899 300 512 705 761 28 355 772 822 232 506 974 172 292
737 98 516 625 964 925 560 818 714 875 232 318 560 409 7 167 8 205 633 383 495 297 155 314 864 887 911 382 848 630 3
270 407 83 885 263 327 243 989 746 821 28 111 960 593 531 275 812 499 624 539 41 252 199 344 420 358 71 33 69 481 349
282 479 187 515 165 295 467 81 671 481 331 933 449 509 455 591 801 369 614 45 661 560 436 278 844 584 249 546 361 641 538
0 42 77 22 2 94 59 33 100 10 58 66 40 75 67 58 4 43 54 46 45 15 12 39 27 30 35 16 10 27 70 31 19 66 63 18 11 88 4 46 70 67 14 19 52 12 9 10 34 51 52 58 32 71
80 0 90 28 81 65 2 27 54 1 26 67 100 42 36 81 1 87 41 60 16 43 46 92 6 25 13 5 96 4 63 48 59 3 6 4 92 89 96 65 23 69 19 31 21 40 80 30 97 44 46 79 68 56
8 70 0 3 49 83 94 2 94 95 19 64 19 90 63 34 13 54 53 38 98 68 38 64 39 17 86 52 60 82 43 7 19 96 44 29 45 13 49 48 18 67 31 50 32 58 93 12 91 22 74 31 81 47
69 70 53 0 84 79 18 70 52 83 94 58 12 45 18 32 66 86 62 100 31 11 53 61 3 53 21 9 42 80 34 65 3 96 42 95 42 94 19 43 84 56 89 14 98 93 4 58 47 28 97 43 10 3
77 46 72 51 0 91 61 47 23 23 78 97 63 77 10 40 48 55 98 58 17 11 60 87 37 69 56 18 40 13 97 81 15 22 56 9 85 2 44 93 88 86 77 95 41 54 56 37 96 91 55 67 64 49
30 55 55 27 61 0 97 97 85 36 40 16 85 30 26 25 23 34 40 9 80 22 19 71 50 94 96 42 49 39 50 78 74 17 65 69 69 86 79 12 90 90 99 52 48 73 20 43 33 39 35 80 79 32
29 72 17 11 56 90 0 86 29 51 94 2 49 42 89 66 82 13 93 63 21 26 5 64 63 77 49 81 55 23 56 16 27 7 49 78 93 98 52 39 46 75 66 43 70 39 37 16 45 93 96 57 42 76
26 94 31 20 77 39 10 0 8 89 7 39 99 22 41 27 42 32 26 21 89 59 14 35 5 48 90 52 41 28 55 49 7 19 8 63 42 3 34 32 18 59 72 61 28 83 83 28 23 87 44 50 85 88
94 46 23 91 36 14 89 33 0 38 46 29 88 8 75 41 97 67 17 1 94 36 9 39 87 44 34 3 96 14 38 95 34 69 86 52 88 29 88 11 85 57 97 98 85 72 67 32 81 65 88 16 79 69
86 11 74 91 59 68 18 54 69 0 64 61 43 58 63 24 39 5 33 54 9 18 44 30 1 92 15 75 84 91 32 4 88 12 80 30 61 81 67 7 34 77 11 1 41 32 93 88 69 85 42 89 78 45
81 24 92 98 67 20 25 12 45 55 0 66 27 10 1 49 90 96 47 28 32 8 45 46 82 58 75 79 33 43 69 55 86 74 34 80 100 39 60 60 64 23 99 41 92 5 76 36 59 34 24 66 82 59
6 15 77 61 89 41 88 6 23 100 100 0 15 28 36 70 35 15 20 79 57 92 35 51 70 74 21 40 46 3 19 62 29 27 52 73 16 98 51 11 93 75 78 73 12 74 78 48 39 60 90 73 97 46
82 71 28 64 21 17 52 45 98 4 77 73 0 28 18 21 90 93 57 12 80 13 7 56 100 36 31 76 4 81 14 37 77 64 40 64 78 43 90 28 9 89 69 44 16 7 32 45 38 7 54 17 27 44
3 69 2 24 79 69 19 38 58 85 50 75 55 0 89 95 72 74 90 75 70 80 48 91 3 15 15 4 53 3 90 52 91 81 1 21 69 99 30 8 85 53 51 100 93 63 78 56 31 19 89 95 59 65
23 11 5 87 17 70 87 91 98 70 15 62 8 76 0 54 99 52 88 53 99 89 59 60 28 86 17 89 100 90 45 15 21 68 100 79 87 45 35 73 83 2 46 48 60 76 2 17 63 30 54 2 23 80
55 86 71 74 17 65 20 25 26 66 28 48 25 5 29 0 8 55 63 2 28 88 57 23 15 57 1 13 88 71 73 27 16 32 18 43 12 53 76 4 22 8 20 68 46 3 10 43 2 6 22 65 50 15
95 49 59 73 66 14 30 27 29 33 61 18 8 33 11 1 0 74 29 49 69 16 36 22 66 55 83 27 61 48 98 31 96 9 89 97 80 24 36 41 22 79 3 75 70 63 84 12 52 14 53 5 36 44
5 32 81 23 23 14 14 54 100 64 91 64 11 88 23 47 62 0 80 75 35 75 21 34 5 68 69 55 40 49 59 69 75 17 73 45 47 64 16 27 100 88 96 31 11 90 75 67 78 89 11 15 68 94
24 16 37 22 28 49 94 65 87 88 13 80 67 26 46 90 49 87 0 71 53 31 93 55 28 61 11 55 84 22 33 91 36 8 71 75 6 100 80 65 53 29 53 46 56 77 79 53 13 81 18 61 84 25
68 52 51 67 71 29 31 42 66 75 21 96 99 59 10 98 37 3 13 0 48 37 58 3 76 77 92 97 99 100 15 3 11 30 21 56 25 19 20 83 42 58 5 41 50 76 56 32 85 83 96 4 9 87
85 17 82 76 58 42 57 74 6 33 52 24 14 67 50 19 84 52 31 84 0 32 19 32 23 4 24 69 4 11 96 92 50 75 49 86 87 47 64 53 18 72 3 44 85 36 88 36 95 98 52 39 69 36
21 51 10 30 85 46 45 65 11 1 36 64 71 28 11 20 34 47 70 27 60 0 47 59 11 39 25 28 84 1 48 5 11 18 63 71 82 15 77 78 1 11 36 61 48 64 1 31 45 10 97 92 25 53
86 3 22 64 90 93 15 51 54 64 39 37 91 25 88 75 85 46 92 82 12 63 0 92 100 71 33 41 22 38 54 24 25 16 1 45 79 39 74 11 25 79 77 56 8 29 76 88 84 74 90 45 61 74
55 86 49 93 98 28 8 77 12 74 36 42 92 85 8 3 23 40 7 17 36 55 81 0 83 20 94 99 24 9 49 60 14 14 11 45 36 21 31 58 47 32 17 31 94 25 70 26 83 84 54 22 23 71
55 1 34 9 51 63 92 96 12 83 40 75 19 100 2 20 46 93 11 83 36 57 74 79 0 7 23 60 73 50 17 93 8 37 8 1 4 5 96 65 7 89 90 35 78 50 92 70 20 64 65 19 70 50
59 1 99 81 13 3 27 54 37 96 39 92 86 42 64 13 55 47 66 60 49 45 43 5 4 0 56 41 86 38 85 68 77 68 72 49 67 1 71 40 19 9 63 30 21 35 15 72 31 75 7 80 86 40
24 10 90 37 20 10 79 40 54 16 36 52 21 40 94 68 99 82 74 57 66 43 48 51 9 14 0 3 97 16 22 27 7 20 63 50 61 91 71 96 95 90 17 90 28 18 22 61 40 58 64 25 82 89
38 8 30 44 86 86 56 78 3 34 37 79 59 42 100 64 70 36 26 9 24 29 35 31 36 69 54 0 73 10 77 27 33 97 30 15 91 42 98 76 73 8 43 60 27 45 52 57 92 37 4 91 82 94
4 93 94 9 41 30 71 44 7 96 21 74 29 84 15 35 88 62 78 93 15 66 82 24 82 68 97 89 0 64 36 27 92 59 59 49 79 10 44 10 87 37 22 29 17 81 75 69 6 61 9 48 65 2
40 21 22 38 54 53 53 3 87 66 40 78 65 75 74 60 87 52 49 37 77 38 72 40 46 39 90 19 42 0 87 53 27 31 55 99 14 82 8 30 81 54 95 24 13 50 1 100 61 89 82 56 13 32
31 92 63 23 21 95 75 92 80 1 43 57 47 97 76 44 76 44 43 14 56 7 92 46 49 71 84 85 92 99 0 67 75 80 100 16 47 1 85 10 91 90 92 25 27 72 49 30 49 27 79 12 35 55
37 47 86 29 96 35 10 26 86 58 10 81 50 71 2 21 32 70 56 97 7 90 37 59 32 3 13 16 54 53 1 0 50 63 22 17 93 58 26 93 47 57 21 14 15 27 28 20 50 96 65 90 93 58
65 75 36 1 90 14 35 85 58 32 38 95 5 55 43 26 83 51 57 49 6 91 73 63 85 5 40 42 25 82 3 8 0 27 8 67 84 45 14 57 82 6 24 62 39 48 69 17 72 19 90 82 36 8
72 43 37 93 9 74 4 32 7 34 70 27 26 11 73 59 93 37 31 10 17 45 49 91 26 6 63 48 87 23 4 62 9 0 62 86 34 19 22 36 65 37 82 84 6 67 9 56 35 70 67 20 5 27
14 67 46 55 15 80 74 38 63 64 2 83 93 9 48 37 18 49 51 5 32 29 96 61 85 98 67 65 80 47 4 77 10 88 0 21 75 98 31 12 7 100 92 19 33 56 79 100 25 7 99 92 18 55
62 32 82 83 9 2 3 66 14 30 37 61 1 44 94 33 59 39 98 24 64 29 63 91 80 65 13 68 55 39 29 3 87 86 32 0 74 83 16 39 27 61 68 81 6 8 16 21 35 57 70 2 20 56
4 70 59 84 17 31 83 55 7 9 56 59 11 37 96 51 57 26 55 82 1 6 87 19 71 48 97 36 74 1 31 49 8 89 47 86 0 93 28 6 69 26 31 51 19 11 22 3 53 17 63 36 87 94
84 34 84 30 37 14 98 6 66 87 5 36 77 47 19 3 49 30 32 23 46 27 47 65 99 60 1 68 94 44 88 46 67 16 85 33 50 0 2 85 87 28 30 26 74 93 92 42 11 68 75 20 10 30
4 18 37 20 42 83 73 72 50 91 62 63 45 73 77 63 45 25 92 52 29 7 97 81 69 16 72 46 1 85 99 8 62 69 41 60 79 72 0 14 68 67 94 45 84 36 68 8 19 72 39 34 7 84
12 1 58 82 77 87 42 91 11 14 71 22 51 18 13 9 71 39 67 70 13 80 18 18 3 20 86 26 59 33 11 3 37 62 72 7 57 7 98 0 42 10 31 99 19 78 51 14 65 59 90 48 91 9
67 33 76 28 35 45 63 25 32 17 89 63 84 45 21 23 61 77 42 19 70 49 22 75 25 70 87 94 84 43 58 66 97 12 51 1 23 27 99 88 0 95 73 95 84 88 91 3 83 36 70 47 33 71
21 1 41 71 23 50 88 81 45 87 12 86 45 10 61 26 33 11 93 79 67 41 22 100 26 37 83 73 67 89 16 58 53 50 14 62 23 88 55 65 37 0 35 66 7 62 7 64 78 1 6 75 84 2
27 28 77 53 43 49 75 42 3 32 87 71 40 39 45 27 19 80 44 16 37 77 8 93 12 10 93 74 53 24 45 16 84 14 55 16 74 45 23 92 66 73 0 50 15 36 100 22 63 12 64 26 89 70
57 92 96 39 99 29 34 14 57 35 60 74 24 38 16 61 13 96 10 62 23 51 52 48 96 9 71 62 82 12 84 12 77 96 64 28 44 36 53 95 37 69 29 0 99 27 71 32 100 19 79 94 63 75
82 66 91 31 63 7 75 62 52 58 41 34 51 65 57 87 16 27 91 74 20 25 32 5 80 69 88 60 88 93 76 7 27 86 30 11 71 63 25 100 91 14 9 23 0 70 87 64 26 32 49 19 21 75
30 60 28 70 22 24 87 6 11 14 45 26 71 82 86 6 67 41 76 18 5 50 25 8 90 30 84 23 23 21 29 63 93 81 91 90 27 88 77 37 60 85 16 48 98 0 60 61 60 55 79 10 43 10
62 100 30 6 71 29 7 19 67 19 35 22 21 66 78 77 77 53 2 95 97 84 83 62 63 3 80 90 91 67 91 49 64 100 31 82 79 9 55 84 89 71 80 73 61 9 0 51 51 45 45 77 6 78
90 56 15 72 57 87 30 8 61 19 47 89 36 8 92 21 80 51 19 33 85 21 18 37 20 26 85 46 71 1 67 35 64 31 38 70 71 92 97 59 58 1 64 3 16 12 27 0 51 35 63 26 29 12
7 97 24 79 57 60 100 87 94 56 5 4 17 66 49 69 7 72 52 13 47 18 96 46 24 6 67 45 11 65 60 88 45 46 23 71 38 92 49 27 34 91 40 52 92 32 69 86 0 97 56 91 63 59
51 7 16 4 74 85 37 86 39 39 23 68 56 27 27 47 80 23 41 46 17 64 66 90 7 50 6 66 59 63 66 3 71 33 95 14 63 23 1 30 84 60 51 24 89 61 31 14 100 0 25 37 5 75
84 25 5 83 89 11 49 98 50 87 9 81 1 42 21 46 67 13 6 80 93 52 40 79 52 75 90 84 32 76 44 11 37 22 55 93 81 75 35 21 22 71 75 93 79 10 7 33 26 95 0 70 40 98
20 96 72 23 31 74 17 42 2 34 22 51 11 18 80 95 70 96 99 48 77 16 80 23 95 21 100 20 56 14 32 85 89 29 42 41 27 52 11 29 43 52 96 10 73 64 41 30 30 78 98 0 31 89
3 17 78 60 38 29 33 97 78 19 68 92 71 38 51 32 35 45 21 82 49 84 62 45 87 55 81 21 40 93 33 99 54 44 35 2 14 23 25 5 99 9 74 88 69 76 81 4 10 83 60 20 0 83
20 26 10 1 67 63 55 16 35 100 63 20 30 94 57 34 74 43 72 23 75 16 50 72 40 14 41 15 22 44 32 58 59 31 20 49 48 37 26 78 66 89 66 9 59 67 84 70 13 48 38 19 96 0
