98 51
326 189 769 769 400 404 255 574 713 737 254 903 916 8 474 131 452 690 684 367 523 87 45 127 978 381 1000 65 483 640 370 127 778 502 565 847 842 334 864 80 500 588 74 731 617 947 253 900 801 320 288
155 557 406 453 3 430 140 321 751 856 303 809 76 649 741 338 143 172 439 185 531 554 162 321 79 752 547 2 890 115 700 783 636 880 696 912 522 888 550 262 413 584 845 485 616 335 461 371 940 17 621
95 891 81 639 277 381 171 508 430 681 327 757 771 876 193 87 410 423 461 658 866 176 583 494 905 376 289 179 261 356 583 668 806 778 804 438 634 706 847 499 795 358 583 861 851 80 579 297 351 919 295
426 418 804 209 535 208 303 466 74 435 226 72 518 682 702 647 4 333 82 175 738 142 117 793 569 593 140 572 521 460 412 28 891 705 222 930 522 984 698 830 263 353 953 552 736 96 307 167 605 465 585
601 479 747 465 81 356 769 4 86 875 819 965 8 888 795 280 101 957 324 196 218 222 325 606 957 183 162 332 615 380 435 731 407 853 886 286 329 531 32 779 126 283 873 491 597 943 262 390 247 699 183
673 312 59 928 381 874 118 53 573 107 886 127 852 590 135 59 960 583 978 722 247 232 318 507 892 961 913 636 238 500 600 95 566 630 825 593 611 474 337 710 683 663 183 496 312 970 28 831 772 534 21
722 643 935 966 787 972 575 749 241 819 136 176 239 758 912 508 370 490 234 684 959 617 352 586 707 58 70 701 236 598 163 991 612 666 849 577 31 342 515 165 554 744 790 848 347 830 632 346 327 759 325
467 502 444 769 908 99 72 256 103 103 768 872 748 406 297 576 914 345 358 770 726 10 99 251 754 431 41 700 53 29 637 321 435 541 927 919 545 940 276 154 87 885 161 131 258 633 5 905 797 31 801
847 35 382 334 283 660 990 395 143 562 391 418 456 654 338 638 316 924 67 388 929 496 512 682 440 523 667 240 768 446 459 826 238 497 729 479 138 321 102 721 686 844 274 425 615 10 407 382 198 394 68
242 136 374 950 705 617 524 96 791 776 761 923 13 124 892 216 792 340 645 226 718 739 480 394 813 114 898 234 498 712 415 834 467 301 725 177 770 420 160 571 718 638 67 609 799 860 592 967 214 564 20
838 559 452 482 970 740 261 538 389 295 159 246 122 395 738 913 630 120 772 956 529 89 151 678 379 187 426 816 377 485 327 618 6 383 229 933 454 184 124 598 814 840 565 940 479 502 436 798 906 919 974
364 565 764 252 48 836 902 122 176 114 537 881 36 566 122 488 998 643 790 850 267 800 233 552 476 422 552 663 457 736 243 876 419 740 515 476 564 903 523 633 558 632 670 622 204 706 629 251 321 349 435
124 931 430 759 236 203 739 269 871 213 763 402 684 518 594 601 49 334 826 359 170 580 308 943 185 880 94 947 129 289 735 89 6 644 246 589 291 125 633 304 311 677 945 845 778 785 682 924 393 850 840
5 337 750 572 2 928 163 63 257 270 787 102 413 611 801 787 184 779 790 756 327 20 215 916 538 456 447 528 798 86 893 564 177 298 962 780 226 389 593 799 834 823 699 461 67 289 774 825 707 183 673
25 980 570 119 466 676 708 325 689 493 300 241 420 752 442 506 479 554 973 870 19 331 351 436 601 326 410 871 124 98 323 163 619 445 837 39 326 920 193 271 400 91 169 684 3 669 996 602 602 287 75
263 279 718 954 387 365 12 123 672 295 498 132 151 471 868 648 300 180 217 659 256 522 877 671 905 245 637 604 984 816 614 541 822 839 202 677 276 774 312 831 214 368 567 245 114 993 510 41 171 527 547
223 989 715 175 107 948 182 107 207 750 862 761 341 105 280 440 875 146 63 381 412 139 506 43 346 448 532 944 338 439 877 203 24 601 78 581 33 41 210 403 64 576 159 877 344 587 780 151 800 962 269
321 620 109 201 724 960 701 773 188 247 172 737 989 450 330 208 595 725 349 781 122 491 436 936 534 713 696 168 256 848 479 27 150 940 655 801 566 122 356 863 975 78 374 527 307 90 914 364 237 570 602
459 867 148 244 333 960 582 780 25 177 392 623 510 105 752 517 974 796 36 514 191 708 729 177 811 227 251 989 871 118 694 734 712 835 224 92 433 599 225 635 273 261 667 300 98 654 220 315 452 970 354
530 536 721 342 169 985 377 505 904 220 796 227 796 896 861 338 577 456 582 935 898 886 409 909 722 610 634 387 350 7 93 401 33 54 649 367 75 229 56 800 63 647 394 853 400 143 781 174 951 47 403
564 660 890 488 770 942 146 767 770 200 411 696 724 123 919 919 168 514 435 700 5 158 230 931 722 222 145 552 945 370 906 441 708 468 267 535 519 412 783 9 197 527 981 615 575 835 621 545 231 650 527
98 906 168 987 444 740 730 322 569 230 429 276 875 266 312 907 561 279 168 61 150 328 598 455 319 974 326 228 953 486 143 277 717 702 418 618 106 592 145 646 269 297 333 129 270 235 59 928 978 998 869
495 953 254 313 702 228 574 8 361 197 714 173 49 322 698 231 248 319 26 693 666 519 150 350 94 895 283 50 172 151 697 816 881 429 357 788 462 288 162 68 175 311 63 768 743 812 932 236 280 800 30
620 552 939 298 955 543 600 910 495 829 451 75 172 809 896 127 899 27 377 151 999 11 404 289 669 19 295 279 549 839 649 815 841 221 254 768 265 959 198 168 328 294 274 64 630 16 508 545 443 442 995
815 29 992 136 651 326 665 792 15 438 209 166 43 832 126 795 732 747 523 637 708 799 978 657 909 466 188 639 886 383 453 801 464 393 755 151 402 497 357 762 409 106 153 770 908 685 469 871 267 390 142
729 703 882 591 164 836 683 553 915 268 586 577 95 61 920 16 509 522 729 452 210 40 478 643 259 119 693 927 637 648 870 717 437 797 884 840 78 907 959 787 621 733 594 915 362 371 990 914 165 583 330
576 483 928 693 764 460 31 986 313 889 911 807 667 903 210 50 17 35 510 79 484 1 374 818 133 349 316 678 422 821 29 585 142 777 93 252 376 928 322 466 389 8 948 556 861 26 185 670 357 791 623
666 419 811 587 127 797 693 806 461 543 279 583 208 827 689 444 815 602 340 226 840 465 414 388 625 175 897 111 405 930 895 732 850 714 703 823 507 621 5 477 807 745 177 314 885 209 990 464 817 726 981
20 784 63 637 138 556 676 89 744 596 243 383 560 532 621 985 423 228 611 745 195 87 946 461 474 802 973 933 453 279 674 629 195 382 149 147 474 903 624 735 120 78 492 82 400 243 753 972 944 373 585
742 134 506 443 352 107 85 380 185 456 77 79 81 805 686 837 140 793 95 856 869 851 511 473 996 78 348 209 254 452 1 533 367 65 164 98 351 24 593 352 182 500 222 708 773 924 277 717 83 849 687
687 104 108 451 374 890 888 331 386 713 543 615 945 305 353 136 475 668 551 731 671 985 765 383 866 501 157 981 247 932 128 844 682 732 472 174 751 359 434 995 400 467 215 184 499 271 633 43 746 116 394
845 131 789 63 636 1000 77 148 780 177 396 882 514 221 157 931 5 568 639 734 881 62 686 46 25 198 325 245 168 153 771 469 357 330 479 711 992 40 840 781 53 574 110 353 940 299 535 337 155 477 719
970 297 305 207 1 407 325 488 889 125 239 572 558 125 894 706 544 808 582 756 147 644 633 846 675 815 297 614 477 547 218 482 577 734 676 266 132 180 46 595 33 179 790 629 727 179 749 546 142 136 583
956 443 341 920 889 707 247 90 77 845 563 91 693 407 677 171 75 418 614 628 867 362 721 866 697 773 754 418 388 382 379 654 91 745 229 694 315 678 999 443 386 259 822 68 883 833 554 732 822 937 488
315 603 455 273 832 899 372 342 176 451 954 414 752 150 193 326 247 902 935 140 431 175 59 833 218 320 730 840 648 159 923 742 711 295 677 816 460 737 768 980 485 76 865 957 465 10 575 766 679 321 498
738 387 394 339 326 711 417 54 436 358 762 573 797 163 628 886 953 929 741 765 614 860 754 652 987 468 633 966 184 569 517 907 892 706 109 149 514 720 442 594 10 311 842 978 311 717 78 896 922 547 900
142 474 841 282 369 941 917 416 603 944 851 976 743 759 641 237 695 330 857 613 17 669 586 621 208 322 824 807 679 316 183 250 544 866 935 783 451 439 25 179 978 354 760 70 217 95 67 462 851 937 487
984 335 378 753 45 57 576 344 573 149 846 249 123 679 276 476 485 694 780 740 542 518 755 860 793 661 663 717 316 77 227 116 279 72 924 248 287 58 79 233 108 56 802 860 211 342 948 987 201 366 145
313 765 621 909 35 191 623 52 34 691 491 884 957 53 609 168 468 968 919 651 111 567 147 77 789 102 515 708 760 854 480 153 157 155 785 198 145 404 804 650 71 31 143 137 383 870 5 898 80 674 292
638 406 514 34 914 999 408 816 985 815 120 87 18 51 406 807 649 818 571 471 492 80 844 814 724 28 447 816 966 233 394 140 885 602 266 450 782 975 532 90 952 548 116 15 110 880 736 555 362 146 544
844 103 608 541 492 963 554 347 798 623 387 356 140 77 487 474 86 37 760 32 293 732 819 846 293 641 479 319 209 349 814 216 368 727 995 304 885 857 755 278 380 250 169 668 272 408 970 902 938 370 479
207 380 328 784 696 180 480 309 861 844 190 184 951 358 87 854 327 916 178 629 661 485 578 375 126 740 860 949 315 179 386 47 284 221 746 351 696 944 543 477 527 721 978 581 279 722 188 117 335 494 778
82 260 181 901 883 469 787 980 237 205 67 201 901 540 674 110 548 170 430 730 404 554 620 795 305 814 520 161 771 477 375 165 656 734 625 180 702 103 659 325 110 814 376 706 788 659 992 566 811 745 832
564 77 904 473 823 600 552 893 875 701 243 187 591 834 199 420 206 414 966 174 465 332 468 518 730 521 437 386 23 720 873 860 954 653 438 155 753 527 559 420 758 214 422 14 69 67 875 682 477 871 816
617 781 628 139 351 989 88 910 270 950 175 351 750 487 648 247 871 181 264 410 961 846 435 258 83 10 745 815 224 246 796 767 943 454 272 670 753 750 780 290 254 782 557 182 72 552 417 969 641 775 912
474 873 766 975 459 959 258 927 887 384 348 954 784 838 15 429 593 104 642 217 269 639 747 380 723 400 345 692 855 733 956 356 133 350 3 583 764 190 633 744 949 632 724 988 543 904 212 664 193 422 653
612 779 85 817 881 297 353 701 886 820 311 702 342 199 207 24 902 899 868 811 258 656 516 786 223 776 890 673 379 625 1 794 57 880 51 852 208 92 504 521 563 422 210 579 36 435 717 410 321 251 996
124 512 313 734 826 151 511 104 586 12 174 628 198 107 287 959 985 782 345 423 553 734 175 283 886 304 349 958 197 931 63 899 401 174 374 212 567 342 920 621 940 333 211 379 933 502 198 355 842 909 987
533 233 916 733 334 379 791 842 157 444 817 525 957 20 120 227 177 869 51 527 519 665 452 108 747 898 664 583 268 69 330 695 91 884 656 642 807 6 654 421 182 389 623 719 734 603 210 370 818 354 176
376 64 343 35 686 998 330 138 895 565 573 610 584 286 158 767 203 177 675 784 458 861 393 928 194 970 673 232 786 425 696 977 446 821 865 232 668 43 609 419 298 444 422 807 474 171 61 900 724 634 39
472 534 271 431 368 786 20 306 686 796 412 548 99 735 9 307 405 787 171 562 764 788 219 932 351 154 157 691 716 873 572 84 732 821 855 137 508 539 569 995 216 774 391 553 154 341 946 465 216 430 548
554 636 601 359 588 540 875 25 924 578 262 84 136 350 681 385 436 456 713 325 846 218 284 844 212 689 813 626 488 388 881 745 404 244 917 116 560 436 946 473 38 771 238 741 622 844 832 178 163 287 224
44 113 464 361 329 489 588 387 334 226 244 921 206 278 955 92 341 6 602 34 835 931 74 23 893 826 73 422 557 907 453 948 297 943 958 457 673 803 857 764 858 149 638 369 760 585 211 890 904 777 177
160 403 111 564 124 846 592 65 150 686 368 351 808 401 403 328 241 888 527 17 554 673 44 109 174 521 788 608 242 399 333 935 510 787 448 125 968 509 421 727 420 538 413 41 490 200 604 874 820 139 865
10 561 329 211 733 91 144 745 87 602 647 534 534 891 953 48 832 168 438 571 177 533 523 63 846 468 658 915 320 342 829 884 760 663 612 982 89 189 286 557 492 932 300 152 116 752 816 131 105 777 412
336 970 964 728 874 275 188 251 293 815 388 578 933 774 887 807 321 679 310 305 419 970 646 473 168 628 691 164 567 917 693 588 303 286 166 394 193 227 684 926 167 577 905 543 911 361 613 734 273 810 773
404 969 909 658 83 176 954 992 906 750 936 473 531 268 849 622 606 113 299 465 864 307 667 346 807 464 509 324 284 320 470 483 355 528 66 205 430 414 553 986 285 20 373 361 58 379 447 424 97 110 895
191 285 567 825 418 710 898 804 258 38 708 191 478 34 903 117 835 966 189 183 645 721 678 600 537 736 153 948 993 726 267 321 850 281 414 896 614 120 857 317 881 320 376 489 234 414 776 809 992 959 745
719 454 323 576 638 53 8 552 212 428 442 429 864 846 992 924 26 353 586 778 682 454 446 224 184 506 594 304 891 240 212 663 189 216 670 198 411 704 845 758 91 190 24 159 262 119 989 814 933 679 559
505 743 13 948 88 760 834 771 666 526 670 162 561 485 976 566 851 466 816 340 830 789 282 900 519 279 345 173 742 515 741 779 818 993 714 453 117 605 927 187 643 303 248 29 877 523 984 471 868 464 199
585 468 254 652 690 591 848 999 764 546 73 878 618 48 436 913 134 801 179 60 952 783 969 209 161 645 435 487 198 452 128 619 479 76 818 745 935 235 317 911 566 205 820 382 825 88 27 182 107 690 582
709 317 369 57 524 914 711 801 439 637 1 727 358 659 106 445 916 197 536 793 787 270 571 807 162 747 245 890 61 216 419 827 847 767 630 754 479 891 238 25 452 995 548 961 661 2 523 651 410 595 586
1000 305 329 296 333 542 380 733 390 818 545 56 676 766 793 674 441 308 961 998 47 674 569 156 616 740 302 137 849 254 458 205 712 691 331 464 884 556 881 57 235 688 537 597 782 620 903 681 881 600 280
964 439 190 821 827 747 360 179 658 305 140 368 940 98 870 72 720 894 738 269 216 716 733 381 366 741 504 429 342 839 223 796 378 61 60 858 494 316 282 863 73 824 153 672 820 420 454 651 914 473 340
764 44 982 803 353 792 854 827 680 797 591 845 168 726 118 174 92 648 847 241 788 98 506 720 134 272 466 775 970 380 992 157 907 410 572 607 480 974 931 995 667 580 860 982 353 531 348 811 912 743 769
472 135 441 468 654 550 501 791 933 615 241 350 385 364 861 155 886 56 219 33 35 290 701 354 510 659 813 324 588 449 180 294 587 828 651 936 526 605 383 656 940 783 533 521 373 525 834 230 554 579 485
85 408 97 636 22 481 930 912 602 831 83 726 289 85 822 722 956 132 750 466 113 951 477 476 876 868 962 245 866 680 142 79 937 645 613 918 316 106 626 320 259 40 802 263 502 316 155 180 42 293 158
785 140 932 447 146 515 291 13 993 810 4 709 918 795 999 961 271 359 215 902 50 465 409 59 156 610 834 333 140 815 925 567 193 824 533 991 4 418 725 796 332 451 418 611 44 789 273 633 539 996 650
475 80 505 353 73 480 785 749 377 326 400 318 39 741 95 296 506 469 668 878 370 255 577 453 110 407 29 367 850 85 926 609 189 512 832 585 576 688 974 575 75 774 95 934 250 690 701 751 772 56 503
891 572 761 391 435 168 601 389 118 247 818 17 974 128 501 152 103 765 200 998 909 310 896 466 401 322 868 151 863 344 563 598 391 428 420 145 119 182 1000 75 273 676 222 579 14 503 379 79 375 987 187
820 483 775 529 516 26 813 190 121 428 804 642 13 935 984 876 212 516 739 423 569 581 925 108 933 301 367 430 231 179 934 414 525 925 50 227 704 165 398 109 302 738 626 407 544 990 372 255 420 503 813
435 229 69 199 873 718 695 340 386 14 554 34 901 580 847 307 716 164 511 473 997 10 813 631 863 507 713 106 599 884 797 854 182 690 565 165 456 776 976 346 876 606 549 180 307 342 748 902 583 515 179
699 570 826 65 815 7 450 970 632 408 512 288 859 806 971 338 523 751 831 412 293 463 813 170 711 13 255 898 422 552 768 365 751 895 698 698 573 266 946 640 329 264 245 877 688 93 862 103 678 600 56
214 944 175 533 997 143 623 289 27 329 691 833 506 17 144 77 668 438 508 197 668 289 9 559 72 1 521 534 857 97 119 710 636 680 160 92 689 97 940 379 893 457 213 513 950 669 875 984 378 910 33
192 412 333 503 873 845 209 261 735 891 608 681 438 656 561 702 485 10 319 649 847 762 706 432 644 596 104 642 174 346 321 837 503 868 848 48 168 32 341 93 84 762 439 794 228 848 279 661 835 437 448
946 369 120 594 858 245 936 629 721 756 246 219 860 206 103 94 318 95 564 105 286 427 144 251 182 323 646 653 866 124 45 437 874 342 593 395 142 346 654 57 238 613 691 839 803 930 769 700 621 355 135
441 322 935 868 559 704 671 687 777 983 827 278 212 726 778 690 690 512 414 555 894 211 406 517 970 981 373 815 85 130 919 284 808 247 492 551 743 701 341 960 293 586 12 589 392 737 552 927 19 68 389
123 850 12 898 208 272 46 660 980 429 673 520 734 851 207 902 831 856 304 49 19 734 214 811 717 181 849 349 244 66 207 99 816 232 278 454 704 157 450 219 196 160 38 930 42 782 728 137 952 308 822
6 261 935 815 51 843 447 760 676 220 418 555 276 761 901 397 213 361 477 69 735 308 803 764 856 253 157 661 225 885 770 963 953 961 806 185 98 618 147 106 153 45 152 798 772 111 579 989 140 519 659
811 274 568 825 688 686 753 836 979 250 170 475 666 789 893 45 545 371 775 52 172 466 762 344 787 615 56 368 73 583 758 116 665 898 226 902 750 849 547 390 540 512 172 805 16 631 76 937 945 554 373
470 130 528 622 406 526 209 960 856 470 633 521 340 801 849 369 998 593 205 135 585 110 95 222 738 929 2 921 501 447 299 512 862 168 378 183 294 571 190 433 189 240 774 430 566 121 709 838 990 910 869
529 6 235 187 716 353 864 27 922 647 142 618 741 911 329 274 391 243 654 19 850 749 466 91 143 648 780 832 703 809 408 421 916 476 81 921 915 659 611 237 505 993 410 11 871 325 762 876 771 82 76
410 484 667 505 820 138 972 174 568 519 651 156 138 590 662 531 851 471 190 499 381 716 808 727 578 603 21 622 525 7 15 319 432 749 412 152 996 865 887 427 295 667 481 846 200 58 895 782 774 530 109
879 422 893 136 353 739 388 641 218 408 455 38 141 33 409 570 517 208 233 157 984 947 62 6 802 794 403 124 668 310 219 180 537 149 121 461 221 419 270 503 442 74 279 418 825 362 827 123 105 91 414
585 943 999 717 654 891 381 311 601 426 288 411 24 325 254 140 266 238 540 910 115 274 535 643 217 671 797 311 899 675 578 380 25 966 646 787 318 774 148 280 818 429 6 40 596 569 668 26 301 479 451
767 839 461 714 991 461 779 959 729 52 589 536 415 887 808 694 764 96 942 796 323 658 520 21 653 940 599 611 575 272 110 732 101 233 848 79 327 714 642 429 223 564 348 626 595 648 889 146 509 218 208
752 92 910 623 978 503 292 611 248 806 487 895 859 557 300 710 435 582 174 214 497 890 94 459 675 411 615 973 990 129 848 984 957 783 106 134 15 521 921 595 463 933 152 772 437 619 661 148 434 746 59
205 280 224 574 703 384 197 970 641 37 237 364 953 246 696 794 401 114 544 206 337 131 686 141 634 340 58 511 78 599 557 871 490 863 220 921 572 660 452 675 335 477 812 460 832 192 235 10 285 13 127
864 153 921 407 435 574 133 790 382 391 182 428 940 281 336 883 538 454 356 619 239 389 257 202 723 633 598 788 477 860 830 426 57 48 292 362 382 907 229 891 46 308 309 284 30 998 153 648 533 456 804
471 938 510 885 212 262 664 805 750 952 740 191 558 951 482 560 604 266 93 190 854 867 193 229 919 883 429 852 663 727 807 807 532 535 174 229 733 351 568 129 207 703 888 662 614 965 683 275 706 410 488
670 467 2 673 701 874 973 835 399 989 131 654 617 111 228 777 917 578 828 973 741 625 318 572 501 31 488 974 598 14 588 400 135 877 398 113 358 641 457 210 301 486 757 738 127 834 267 59 385 926 617
717 517 506 872 292 658 796 682 720 120 453 258 513 751 520 532 149 495 271 979 384 41 196 953 871 693 626 329 625 285 605 720 562 919 580 906 493 984 305 825 157 795 899 409 376 712 809 54 816 74 266
367 456 537 901 124 824 414 946 337 325 485 820 39 128 4 780 520 713 498 227 89 896 779 675 44 15 16 459 530 855 219 141 784 758 664 869 217 786 270 824 849 981 429 7 721 445 722 462 982 526 174
549 316 742 101 291 160 44 330 930 268 494 983 939 587 878 753 887 708 929 843 687 299 964 145 656 450 355 981 822 232 743 63 340 488 698 516 814 314 354 73 27 702 464 769 538 820 613 458 327 129 376
238 154 644 174 262 341 511 14 456 440 177 520 945 339 824 585 741 543 492 709 235 737 230 202 278 116 879 629 694 898 133 860 422 927 160 639 854 930 603 428 312 368 478 493 23 263 984 551 740 860 114
874 171 585 775 168 570 678 943 116 785 835 59 553 580 816 563 340 174 298 26 886 768 530 659 994 143 346 501 24 980 663 98 523 548 446 621 109 536 429 506 789 263 727 503 994 303 394 64 655 210 769
857 43 341 777 764 4 996 491 10 431 337 509 342 806 684 245 277 446 308 675 850 476 348 961 262 12 144 378 748 558 902 812 603 477 170 203 508 829 554 403 67 657 80 282 283 742 558 224 898 951 963
645 868 581 324 733 235 403 654 218 403 556 767 814 908 417 852 458 697 987 197 288 413 689 685 338 869 159 926 566 744 27 809 183 163 845 635 568 986 346 27 951 801 789 711 467 568 435 990 92 709 641
0 9 82 19 100 51 69 88 69 24 8 44 11 33 100 97 6 37 89 59 46 39 85 45 41 8 68 4 50 45 19 40 99 22 40 73 82 95 19 99 88 3 77 9 71 64 66 44 66 82 57 79 19 3 95 61 28 76 36 3 75 29 76 8 77 76 22 27 62 24 24 99 92 57 10 79 54 9 40 57 28 70 71 89 72 26 75 59 19 44 56 5 45 17 67 27 16 83
21 0 54 13 59 63 24 66 93 97 34 53 9 13 52 8 73 79 53 2 89 20 92 24 97 19 66 50 13 68 31 94 3 88 25 55 79 62 14 93 39 65 91 19 47 23 76 22 75 34 96 100 88 89 19 81 33 2 63 56 18 43 30 81 12 19 100 56 21 80 56 25 87 71 92 33 44 32 11 34 32 43 21 28 58 96 90 1 66 92 27 15 96 12 56 64 15 23
35 95 0 92 40 32 62 81 54 16 35 51 89 23 41 64 35 48 39 28 7 11 36 42 53 15 32 58 87 95 7 66 44 63 56 41 87 52 100 42 79 52 53 33 90 17 9 3 73 93 40 17 95 95 3 39 78 61 55 37 47 9 18 94 80 75 49 95 5 33 87 24 93 50 94 93 87 96 100 18 65 13 33 13 92 50 56 92 86 27 84 36 94 43 97 55 14 76
88 99 42 0 30 100 36 88 45 87 40 32 18 1 11 28 35 87 50 86 23 1 88 22 12 90 60 90 21 45 6 59 60 9 89 58 53 37 10 13 97 79 50 21 93 100 83 69 19 69 29 25 20 32 53 69 25 9 20 72 79 68 33 89 49 74 80 77 68 76 54 87 23 55 14 42 46 53 71 33 38 37 17 25 51 3 98 39 16 67 77 69 40 4 41 43 86 61
80 15 72 84 0 12 27 10 75 44 51 21 97 53 43 43 44 35 78 17 13 55 25 11 82 6 11 17 100 47 38 16 70 50 8 85 13 29 68 2 14 45 47 34 18 74 76 2 97 26 96 69 86 35 62 30 95 56 23 66 44 77 25 9 27 78 8 38 52 91 98 15 66 61 8 84 2 47 22 31 46 36 82 9 15 12 71 15 53 66 5 63 33 92 45 72 70 19
46 21 83 31 86 0 2 36 31 48 4 48 70 72 31 12 13 74 7 34 33 7 36 69 81 24 36 45 41 29 50 15 42 60 64 68 90 71 22 15 64 32 74 64 61 63 21 98 14 70 12 89 10 22 36 59 88 66 64 42 98 53 24 44 42 76 4 45 46 58 47 21 95 41 22 62 74 77 93 45 78 75 96 95 27 9 48 70 92 94 32 10 45 86 47 98 12 63
20 40 13 62 30 98 0 77 57 35 10 75 54 44 13 38 22 14 68 48 43 66 59 1 15 64 67 61 87 18 36 63 49 34 88 41 55 46 12 85 33 11 13 86 21 40 14 94 69 68 92 65 5 32 14 14 3 100 32 29 97 46 20 32 94 80 78 99 74 59 5 36 65 24 49 73 22 3 11 13 81 80 51 10 70 22 62 79 68 91 98 91 87 10 71 30 86 43
56 56 26 13 18 25 88 0 75 12 15 62 89 84 15 34 11 58 67 94 98 80 29 60 74 67 17 37 14 5 54 45 67 47 35 8 85 42 41 8 3 29 31 64 68 51 57 24 8 23 28 2 26 36 100 49 77 89 29 92 14 29 19 91 91 100 15 59 22 62 75 68 90 40 11 37 70 46 67 98 29 68 13 1 37 37 79 84 72 66 86 27 58 44 86 24 33 18
38 47 40 65 32 31 26 17 0 66 40 23 25 36 58 52 72 78 96 20 64 31 1 15 16 20 55 55 25 26 75 63 97 26 85 4 41 16 39 56 41 92 33 89 70 85 82 18 51 35 2 41 45 59 84 53 30 94 31 80 25 16 10 30 41 53 9 24 56 74 22 100 46 85 13 78 11 61 52 3 17 20 28 22 79 40 41 63 64 2 56 86 8 64 7 30 19 14
13 75 22 78 57 53 50 32 27 0 85 56 9 54 67 51 14 72 18 3 45 87 73 67 35 88 43 2 41 84 58 17 65 39 34 77 97 13 4 100 67 79 54 95 100 74 89 71 11 57 14 45 31 76 75 21 53 82 21 22 79 55 19 73 13 63 7 99 59 96 33 28 9 74 30 86 59 94 42 59 52 36 29 76 21 98 28 12 76 43 68 81 67 97 21 9 100 40
49 24 11 91 76 98 98 36 20 97 0 97 39 30 38 33 71 75 9 16 35 34 22 8 22 74 66 73 14 68 99 13 62 84 9 21 93 41 3 86 71 60 22 67 81 73 48 55 82 36 28 23 61 83 73 45 8 81 86 64 38 48 78 92 50 80 58 22 36 3 53 9 70 86 23 61 76 14 37 76 36 41 72 79 69 96 32 27 19 20 97 1 73 52 91 77 19 54
3 86 19 28 74 67 74 47 88 58 83 0 19 34 18 97 65 58 44 36 88 24 2 50 15 10 79 22 66 28 40 85 37 35 68 14 74 77 44 65 82 54 62 96 82 93 31 42 16 1 77 8 53 63 42 46 3 11 51 11 68 59 65 89 41 55 61 92 9 46 16 39 55 17 58 66 56 32 89 98 18 19 46 86 37 15 83 98 51 53 28 31 2 2 100 55 51 7
16 71 63 17 75 66 27 37 42 32 16 73 0 14 38 4 85 16 73 57 18 1 71 75 51 87 49 30 27 25 69 90 42 98 69 94 98 77 5 89 81 69 8 40 94 76 45 21 30 55 79 48 46 12 43 36 7 87 79 82 13 76 66 10 25 22 7 100 85 95 5 13 94 35 96 6 63 73 59 98 72 94 75 56 54 29 17 84 45 45 15 43 81 45 95 100 91 57
45 22 87 71 12 27 16 81 85 15 98 83 5 0 13 8 42 9 11 58 66 71 94 7 92 74 5 25 80 22 66 73 95 63 19 75 54 38 20 78 59 27 67 16 40 82 36 85 94 40 42 95 60 57 83 19 1 20 24 30 13 6 34 23 35 57 66 1 48 26 35 45 84 15 93 94 50 78 58 21 26 9 33 75 51 95 84 98 24 25 19 85 48 4 40 96 89 47
22 1 82 100 20 28 53 78 30 63 20 82 12 57 0 48 85 60 8 64 30 42 59 92 9 79 29 53 67 46 82 2 65 40 87 54 5 88 12 1 7 43 78 13 90 16 80 5 54 66 69 57 10 73 19 73 52 72 94 85 88 2 50 46 51 36 55 45 72 61 33 49 49 33 86 51 49 12 56 8 25 81 98 12 85 35 61 52 98 14 76 54 14 47 3 60 32 37
26 52 17 2 31 68 36 91 72 61 47 80 78 30 46 0 23 35 7 93 22 83 1 34 9 15 89 5 62 15 48 10 9 75 93 1 52 61 83 35 76 45 35 32 98 97 94 13 88 20 71 54 73 7 75 46 96 100 75 46 66 59 99 75 6 82 74 83 77 3 65 24 99 50 77 49 72 6 42 50 30 70 25 91 88 81 79 52 44 13 86 76 63 58 5 88 97 3
49 48 64 59 43 93 49 93 67 82 65 1 74 85 27 83 0 95 24 72 43 64 42 21 32 11 96 41 65 81 29 61 58 16 51 61 35 45 80 74 12 68 74 2 57 83 97 80 81 71 46 32 7 23 94 39 96 23 61 100 32 20 19 20 47 73 89 48 8 54 15 65 10 86 61 9 71 97 60 13 91 100 100 56 85 15 81 57 29 68 99 1 98 81 12 88 75 6
32 18 81 46 59 67 83 84 63 44 79 71 92 46 93 89 3 0 92 22 21 27 56 63 72 59 91 16 45 56 42 68 82 71 14 79 46 60 61 56 42 66 51 32 49 71 58 31 24 78 53 18 4 28 92 63 5 89 43 14 31 69 30 40 80 47 61 34 10 30 85 55 24 31 64 47 64 51 7 69 47 65 78 5 25 40 1 87 13 87 19 75 40 94 92 50 30 47
61 37 77 13 91 18 3 16 81 80 4 89 51 76 80 97 23 74 0 87 27 95 61 26 91 21 4 48 15 15 58 31 84 92 1 4 56 33 11 21 72 29 46 20 25 98 51 74 18 57 50 11 28 1 40 50 45 33 85 89 47 12 28 18 68 93 6 62 89 69 96 11 96 61 94 13 75 58 62 45 94 22 12 12 81 44 32 60 40 65 93 94 48 19 29 45 14 25
67 67 91 68 100 77 3 99 12 42 23 61 53 84 23 25 78 95 12 0 80 85 23 80 51 21 89 92 24 23 35 27 18 1 29 65 86 84 15 17 41 71 72 81 40 100 77 61 19 17 100 43 9 87 21 50 34 53 82 72 71 68 40 82 91 84 17 28 22 30 33 87 18 40 46 49 63 79 15 11 78 76 22 4 3 87 49 29 50 48 42 68 35 43 96 80 41 27
22 65 14 8 40 92 35 55 93 26 62 38 34 41 69 5 77 68 5 71 0 62 13 12 83 21 85 29 96 75 52 29 71 10 78 8 16 70 5 39 11 100 2 73 42 46 39 96 25 3 44 36 73 10 47 43 90 18 5 29 7 69 22 36 72 77 52 65 100 12 73 22 37 92 23 39 54 31 59 15 51 29 82 48 72 64 42 95 8 34 20 27 81 45 55 86 77 16
47 93 59 99 65 68 13 60 99 97 2 53 26 99 60 21 47 60 80 20 31 0 85 42 72 84 58 8 21 74 17 91 6 7 63 9 85 88 30 78 41 84 35 78 56 82 39 64 63 2 94 77 58 33 52 23 28 68 15 46 97 28 63 58 28 72 64 51 95 70 35 93 22 43 4 14 100 82 96 31 66 61 4 32 82 69 84 68 28 52 6 66 31 88 35 17 50 85
25 87 98 8 27 29 20 60 14 67 73 87 28 92 35 39 55 3 48 94 33 65 0 45 35 83 88 72 30 97 5 47 92 79 95 12 77 54 15 51 63 67 91 83 8 73 79 45 39 87 4 36 52 76 90 78 58 2 68 60 59 66 30 79 16 9 46 35 73 29 19 10 84 24 4 6 90 6 26 33 35 19 78 54 32 20 46 4 98 34 66 55 2 88 3 7 4 13
84 93 93 71 77 54 15 61 25 30 7 16 39 42 25 72 93 42 29 65 50 38 33 0 48 38 37 8 46 85 23 1 21 53 40 21 49 8 54 83 73 50 16 90 30 71 37 43 51 97 8 3 3 33 74 32 64 41 58 64 97 39 58 52 23 81 98 87 45 89 74 54 97 23 70 61 72 25 74 95 45 47 96 3 71 37 72 7 30 66 51 62 79 6 57 23 91 12
65 38 5 99 31 34 38 60 65 20 34 30 27 98 17 85 70 29 96 67 93 86 29 89 0 18 43 7 26 43 11 31 87 56 27 24 27 45 45 25 58 25 63 1 2 99 28 82 5 98 20 94 14 20 13 62 94 68 70 41 43 88 68 57 45 10 16 75 65 51 25 61 67 63 71 12 4 56 5 27 14 61 20 6 16 70 52 98 17 18 4 85 44 70 6 62 50 5
61 8 37 62 71 4 77 37 24 7 69 62 61 97 12 81 73 91 78 3 34 10 14 50 100 0 64 38 86 24 6 94 44 80 89 38 89 63 88 67 56 24 82 1 94 47 32 51 91 8 9 11 74 97 29 98 13 47 77 28 67 20 97 89 27 32 34 48 61 65 35 85 41 73 18 43 84 89 3 83 59 29 8 56 24 23 73 96 32 83 29 55 35 69 38 19 10 18
9 9 66 65 45 32 2 31 98 96 23 5 35 52 22 58 1 89 8 18 11 72 29 15 94 95 0 62 82 31 41 12 88 28 15 63 39 92 62 73 41 38 63 16 1 77 83 90 50 91 45 38 32 83 94 34 44 6 79 29 40 82 86 79 82 86 91 48 55 34 25 40 83 35 30 58 71 66 83 20 26 50 93 84 94 17 90 49 61 77 61 27 56 63 65 58 62 12
56 26 53 36 31 53 94 12 59 14 48 37 72 89 100 39 29 47 56 5 52 52 51 33 14 21 56 0 88 88 45 95 28 95 68 64 54 74 70 73 17 50 15 1 73 26 95 28 69 45 10 70 14 49 45 92 8 25 35 97 31 6 24 62 24 64 63 54 32 57 81 33 42 64 14 8 45 17 12 89 32 92 34 32 65 55 50 91 29 8 28 3 69 100 75 25 28 26
83 57 13 77 17 69 48 65 54 18 14 93 26 39 44 62 46 86 42 68 50 53 60 76 68 26 62 20 0 50 28 58 70 31 82 19 24 93 2 78 33 88 19 100 55 7 55 74 17 75 12 24 83 28 37 98 28 5 38 10 32 45 26 4 20 76 62 72 39 35 74 52 71 79 66 74 6 26 40 81 15 68 74 97 88 46 92 74 97 100 51 41 19 32 39 5 35 13
79 60 75 82 64 19 64 40 81 18 69 62 82 37 16 15 39 31 95 75 41 64 59 35 48 86 13 23 68 0 2 68 98 18 85 63 34 65 30 83 50 3 46 66 97 74 11 70 44 21 43 73 19 28 32 97 94 19 34 22 67 60 73 39 29 67 45 55 70 91 69 38 26 67 7 1 89 11 78 18 92 90 25 68 29 86 3 52 20 30 57 10 62 71 12 87 31 29
70 55 16 18 20 82 60 83 52 32 60 86 58 59 27 47 60 34 27 42 68 44 98 19 38 25 5 14 94 85 0 3 86 10 75 67 61 16 78 51 85 63 36 93 34 11 7 48 32 6 46 4 4 60 100 47 72 3 88 16 56 52 65 62 37 69 36 79 36 92 28 23 54 58 54 44 95 74 63 3 33 41 68 80 57 57 61 12 2 70 26 76 98 25 26 47 53 9
37 12 68 16 53 90 74 70 89 72 14 98 39 69 86 18 60 11 49 85 67 52 53 88 62 15 95 1 53 72 52 0 48 81 26 96 25 72 77 89 79 77 35 59 31 94 10 75 60 95 73 15 59 45 76 61 97 62 54 40 80 45 93 12 59 14 49 44 37 70 66 91 29 22 84 76 49 65 25 12 49 47 14 39 48 24 72 62 32 74 94 51 3 84 79 2 82 55
89 1 71 95 41 48 55 48 47 75 29 12 11 89 35 66 42 37 26 39 47 20 98 72 61 91 9 47 17 22 100 61 0 10 2 84 3 5 24 30 52 4 92 34 66 87 93 27 95 45 2 39 68 17 19 43 69 48 90 94 1 8 36 27 74 20 48 22 61 99 78 38 96 91 18 16 80 90 90 93 42 35 6 23 65 19 98 75 6 68 100 98 16 88 40 57 8 59
82 55 2 82 16 99 94 12 89 8 93 35 94 100 43 60 4 60 74 57 7 66 10 43 1 18 89 64 98 83 9 43 9 0 90 13 31 13 41 21 67 18 65 98 47 27 34 18 84 68 64 80 74 76 31 5 63 30 69 44 8 26 17 3 40 60 92 95 97 96 3 41 92 80 99 47 61 83 17 43 40 10 46 43 78 82 88 15 83 35 72 84 10 52 86 37 11 19
43 52 21 90 98 90 15 16 71 48 22 79 86 27 50 87 55 83 22 74 55 88 78 70 25 46 59 3 76 35 6 75 26 91 0 55 27 66 88 84 77 11 28 89 51 16 93 75 91 37 31 74 30 16 97 2 49 14 77 25 37 5 10 78 91 21 21 14 75 50 52 83 27 61 40 63 11 93 41 23 21 2 40 89 95 41 16 37 16 6 22 48 88 90 88 43 63 81
42 14 66 56 32 57 51 85 87 68 67 91 19 35 57 78 61 40 89 4 87 61 74 74 97 15 70 50 87 2 80 97 49 92 56 0 66 62 100 64 9 86 71 15 39 91 37 96 83 75 70 88 78 45 5 55 60 5 31 29 43 2 69 66 9 19 27 33 77 73 45 31 23 17 52 66 5 85 26 41 99 94 84 39 7 90 61 72 30 52 87 14 99 65 25 55 6 60
73 49 5 21 8 27 18 79 52 70 65 10 3 12 85 14 45 56 59 14 4 76 88 87 96 1 27 44 39 74 66 3 95 100 65 35 0 38 24 79 66 75 81 78 97 46 10 61 50 6 10 29 38 8 88 8 69 77 66 79 3 1 4 91 97 43 49 19 25 33 55 65 79 80 17 13 14 45 42 40 51 63 96 91 32 56 39 28 40 99 81 82 95 61 19 73 94 5
30 73 1 38 51 4 9 12 16 74 89 62 13 1 12 23 28 59 66 64 85 83 69 66 49 69 22 17 34 10 1 88 81 84 74 30 33 0 60 70 78 95 77 22 55 66 40 18 70 92 17 31 56 91 26 71 77 16 1 2 79 50 12 15 13 43 40 99 39 40 69 82 67 86 69 57 30 38 50 77 21 53 91 95 28 12 35 35 76 69 59 46 73 38 94 63 59 20
40 55 19 28 60 27 54 85 64 23 9 35 14 32 83 11 75 30 88 21 48 29 60 11 98 86 69 83 65 99 75 40 81 19 44 74 28 83 0 64 28 60 62 66 60 56 72 69 10 30 76 12 21 41 8 1 83 69 86 46 24 43 28 60 55 27 24 68 69 6 47 56 83 21 56 95 91 92 77 95 86 28 21 92 5 76 17 54 90 87 18 39 22 38 21 87 77 62
71 81 78 20 30 15 62 57 48 79 36 79 39 88 91 49 10 52 55 7 32 95 90 89 51 34 11 2 20 7 2 14 58 5 100 12 89 84 53 0 35 10 50 99 72 37 45 37 44 50 92 30 97 36 38 48 75 100 58 18 21 10 45 22 98 75 90 83 2 84 84 23 22 62 11 37 39 27 33 19 7 9 8 47 31 66 72 20 80 16 51 88 73 75 33 80 63 17
22 92 80 74 23 86 59 29 72 97 68 99 81 67 76 79 40 8 63 66 7 34 58 69 76 67 41 6 18 6 41 4 8 82 28 84 67 52 29 49 0 64 100 84 43 96 19 84 84 48 73 3 19 63 90 75 51 3 71 41 80 68 2 68 73 7 74 57 57 75 26 50 32 27 1 26 11 47 21 82 45 65 41 70 86 59 43 4 12 79 7 38 44 16 2 75 82 45
35 67 47 1 52 84 1 5 41 14 77 17 7 36 44 21 32 53 78 40 79 60 53 36 91 39 47 26 32 56 37 29 62 79 12 70 2 32 100 29 71 0 73 67 3 2 8 43 97 51 87 85 58 9 65 23 34 24 52 85 5 53 29 65 83 30 40 80 61 56 54 73 5 35 70 33 52 94 39 5 18 81 28 69 59 56 57 21 61 89 2 21 5 45 50 26 95 19
6 56 22 82 94 17 84 10 41 20 9 51 76 14 94 6 52 46 34 21 33 11 65 82 24 81 99 24 25 16 80 26 26 44 34 52 67 6 94 7 86 12 0 9 89 21 58 22 27 100 61 5 81 77 53 62 12 66 70 55 58 93 59 56 58 83 68 13 74 31 82 43 39 46 65 13 92 28 1 83 8 91 98 92 62 85 31 32 62 4 75 36 58 29 95 42 43 17
51 6 31 68 72 7 85 60 30 1 84 50 16 95 39 85 49 56 57 16 94 47 93 87 78 47 70 30 45 98 30 8 2 82 13 62 76 15 29 96 16 4 92 0 11 13 68 14 26 61 77 74 99 8 79 100 26 48 7 49 87 28 60 67 49 5 56 38 35 74 69 4 71 79 46 34 15 90 48 73 15 39 2 53 98 63 96 16 25 60 17 66 66 11 64 52 67 15
73 32 61 50 90 45 80 14 28 72 29 54 93 11 75 78 47 81 97 98 82 8 96 39 4 23 77 61 50 71 42 61 64 37 17 52 18 49 27 62 54 60 50 73 0 5 56 87 52 89 84 47 69 13 28 28 73 61 30 77 11 66 12 22 6 58 22 91 61 93 7 60 82 71 44 58 63 22 65 37 86 32 97 70 88 78 49 36 9 72 92 86 54 8 50 92 55 83
95 27 80 11 83 60 32 48 61 45 93 98 81 11 83 15 15 36 71 19 74 1 12 56 73 28 35 45 81 75 28 54 88 48 45 81 62 82 5 100 51 31 70 91 61 0 60 21 27 92 90 35 33 63 5 6 33 5 82 68 91 58 43 80 19 73 96 28 77 3 46 48 72 42 43 5 12 20 25 29 87 2 55 14 21 33 6 94 80 28 14 75 3 88 77 45 23 74
97 73 48 63 45 63 59 26 62 56 49 38 8 18 64 46 81 78 1 32 59 89 69 78 14 23 89 72 8 48 86 26 52 88 47 61 30 99 42 43 16 90 37 96 27 81 0 57 80 26 66 74 34 9 79 51 99 10 84 85 61 72 20 15 39 68 90 24 22 85 83 96 56 73 39 30 1 2 82 39 40 35 18 17 22 51 19 10 14 60 18 80 7 5 79 6 79 39
26 73 25 66 28 78 95 48 64 63 66 19 25 93 86 44 27 44 9 61 34 79 73 38 6 84 23 32 98 92 76 71 64 48 58 74 46 35 22 82 11 40 22 56 77 12 78 0 24 95 77 77 23 12 2 74 61 10 78 100 12 48 85 100 25 60 47 86 64 29 36 87 91 42 45 21 4 42 96 4 73 96 74 94 5 64 30 7 29 48 59 63 17 70 100 52 32 38
80 80 20 72 73 36 3 40 86 36 4 58 8 56 85 96 61 90 64 55 12 58 82 15 13 3 28 100 42 88 50 50 89 100 15 48 100 26 98 37 59 46 2 55 44 73 57 45 0 28 92 51 16 3 12 75 3 2 100 48 33 58 92 17 53 60 59 47 96 28 41 27 37 91 20 52 42 37 49 44 58 29 65 47 81 76 97 22 100 56 95 45 62 9 40 6 53 31
60 58 61 51 93 31 92 16 89 38 54 83 66 40 72 43 63 47 88 10 9 65 39 37 31 75 15 62 64 45 32 97 84 72 71 6 46 22 87 14 53 34 20 69 77 3 49 81 18 0 95 13 78 32 56 22 67 41 47 95 42 8 58 33 53 10 23 93 84 76 60 56 35 49 66 100 99 58 10 46 81 12 79 37 91 42 9 51 16 80 92 31 4 23 88 76 97 15
53 84 37 43 52 85 12 80 89 37 34 1 69 96 70 100 51 64 70 6 18 41 7 33 42 75 85 27 92 41 68 6 38 20 94 95 40 37 73 23 96 36 30 82 87 82 19 95 68 86 0 15 58 5 20 83 54 26 70 45 78 18 21 29 51 48 24 11 3 58 44 2 93 85 96 78 13 14 92 86 47 77 2 85 76 19 24 98 82 43 65 59 70 86 50 46 43 33
69 27 17 90 2 75 71 86 23 15 82 40 14 78 84 95 93 8 42 27 85 55 82 65 28 51 61 24 54 26 25 84 75 27 91 90 60 8 16 38 55 20 17 98 4 55 69 28 26 21 38 0 100 52 21 73 36 78 6 40 55 12 77 89 77 89 38 2 96 20 98 24 38 12 82 38 55 95 21 50 78 30 100 81 81 96 6 36 85 20 52 59 80 56 79 32 41 60
25 74 70 88 27 16 93 56 48 84 37 42 36 60 45 61 32 8 27 80 49 37 63 78 100 38 59 70 4 58 11 84 8 95 66 19 60 35 31 65 71 36 82 44 20 6 15 55 13 73 58 42 0 22 47 50 91 59 25 44 39 64 58 99 8 45 5 44 81 6 17 24 47 51 11 3 3 41 24 98 7 40 17 25 81 57 31 82 56 64 100 26 85 27 92 53 1 39
48 50 6 3 71 73 47 94 35 16 70 31 63 41 25 85 47 14 34 13 12 12 100 79 75 54 6 5 84 94 27 84 24 78 50 44 80 45 89 27 9 25 66 78 22 100 55 7 25 43 83 44 79 0 75 17 58 81 28 21 6 23 65 89 100 85 77 10 70 17 76 73 44 53 21 97 26 94 40 71 43 22 5 18 41 15 87 52 74 68 88 78 30 29 38 84 40 98
27 29 87 85 82 54 1 27 53 49 27 2 80 62 4 89 56 21 72 40 21 20 22 18 90 5 41 29 22 63 28 41 52 22 25 57 76 77 15 47 97 12 1 71 28 27 83 92 39 14 61 23 32 75 0 91 93 49 14 63 91 60 16 43 8 7 95 50 52 53 45 10 65 49 92 60 24 17 47 71 49 20 68 52 67 88 50 36 39 74 37 96 67 8 96 13 69 61
59 28 6 26 31 93 49 21 12 84 49 53 30 37 2 41 75 17 32 90 100 95 65 97 23 49 6 38 86 60 18 98 67 46 40 21 87 93 30 12 36 10 83 47 87 65 73 43 56 1 39 84 35 92 95 0 74 67 52 64 67 48 25 44 50 81 19 5 100 45 53 2 35 33 64 81 40 83 18 71 65 41 58 84 92 80 40 85 4 5 70 80 22 55 58 75 77 7
77 86 6 60 90 19 98 21 87 39 65 90 32 20 5 72 73 61 66 26 26 7 28 33 16 14 19 79 11 95 50 27 67 82 64 97 75 74 16 62 20 74 59 7 60 88 97 64 22 37 92 47 3 60 62 35 0 52 99 95 75 3 8 54 35 92 93 96 63 21 4 75 7 89 26 2 63 90 7 66 21 81 73 16 8 15 58 34 11 91 94 33 15 67 38 81 22 78
32 92 27 63 79 1 4 27 85 64 10 53 60 44 47 63 59 81 96 53 4 20 90 98 99 57 85 19 52 35 13 52 38 96 37 10 84 59 81 3 50 67 55 21 93 10 86 50 55 36 96 34 29 31 91 19 43 0 67 35 93 72 3 70 70 88 26 32 33 7 9 62 71 46 26 43 87 76 50 55 63 23 36 24 41 15 56 93 28 61 76 70 68 33 18 75 3 29
60 90 29 48 6 11 69 27 85 70 31 83 74 68 71 26 89 19 78 60 47 87 59 2 71 57 42 54 96 38 13 77 9 28 65 66 52 21 71 89 93 39 24 92 71 7 40 25 35 86 51 49 100 78 30 33 44 93 0 3 100 49 89 35 41 70 93 54 3 13 31 63 14 17 15 67 32 16 71 19 30 62 49 1 2 55 87 15 63 7 94 12 7 93 87 21 36 17
35 12 45 42 25 63 41 57 18 19 64 11 20 25 57 67 12 79 43 27 50 76 71 41 76 13 92 31 68 71 59 36 90 34 66 34 63 49 51 33 39 53 62 74 66 44 40 5 6 54 24 45 4 3 41 65 26 9 25 0 16 16 21 73 79 52 24 88 63 9 8 26 86 83 60 7 74 38 6 94 17 27 33 45 45 80 54 74 32 100 32 51 100 8 39 22 4 71
71 57 15 79 23 86 95 73 29 55 7 6 10 36 53 53 45 70 54 38 80 89 12 76 63 57 3 83 65 51 69 71 39 63 55 22 96 93 60 98 67 5 68 32 75 100 55 14 53 18 82 94 4 50 99 20 38 53 80 60 0 7 99 81 94 11 19 83 97 42 90 6 74 11 95 71 11 99 30 31 38 67 43 11 52 44 98 40 8 24 82 61 9 82 3 13 38 28
17 18 27 28 82 35 77 61 48 94 63 40 37 59 43 39 47 34 77 75 89 8 86 26 55 16 57 68 18 15 91 49 49 94 78 48 91 26 54 16 31 50 56 44 61 25 23 22 4 47 63 97 97 30 36 51 22 13 29 54 20 0 53 67 7 87 13 42 53 81 56 66 80 6 19 14 10 39 64 6 88 16 85 4 86 36 74 30 68 49 54 59 44 98 98 68 57 22
12 81 63 87 39 40 78 43 100 34 49 58 93 17 76 68 14 47 9 66 80 78 24 41 89 29 2 40 75 46 60 8 95 28 10 13 82 13 26 99 34 18 23 50 2 36 94 84 72 12 8 46 48 26 36 31 12 93 17 60 19 74 0 95 7 29 44 54 92 97 29 15 26 49 20 91 48 69 15 7 20 12 43 62 12 43 50 19 41 36 65 95 72 2 28 35 57 95
44 51 79 40 40 13 56 65 63 13 84 1 57 19 52 37 56 55 93 69 32 22 28 72 44 37 44 48 92 27 28 61 68 37 66 12 89 18 97 26 59 29 52 99 43 93 8 45 44 39 64 84 6 92 64 43 70 84 3 42 93 80 45 0 15 68 8 14 24 17 79 93 95 56 3 74 86 25 70 4 18 62 86 34 2 28 30 52 28 52 34 81 55 24 58 81 1 60
20 58 25 59 26 44 77 99 71 18 66 10 77 63 69 74 40 18 90 91 80 34 12 60 9 47 15 81 16 22 90 20 37 47 57 72 63 49 52 46 5 63 99 11 79 39 22 39 17 44 84 7 37 97 19 80 11 40 70 7 10 33 87 53 0 95 92 66 48 13 50 24 59 53 33 54 51 23 74 64 96 46 5 97 12 49 84 77 59 54 81 69 23 49 46 68 62 66
42 83 38 93 98 61 61 35 73 30 19 70 61 37 34 57 72 35 61 53 57 77 49 68 85 35 68 5 72 77 27 38 88 61 11 27 76 62 44 47 38 47 87 75 45 23 26 11 26 77 15 33 6 40 22 27 16 81 51 73 21 34 48 99 34 0 51 79 37 53 52 60 89 25 13 31 11 72 39 53 88 86 24 2 4 64 46 66 73 31 89 80 50 20 98 41 34 89
13 5 46 17 79 70 57 21 69 50 77 27 84 10 4 72 50 33 11 15 11 5 36 57 53 3 55 92 14 94 61 36 71 26 20 8 39 48 39 42 86 9 2 30 76 33 84 1 10 85 69 75 18 44 15 30 28 31 52 2 46 88 57 83 18 6 0 3 46 83 20 91 45 8 63 2 57 1 6 74 53 88 89 3 80 25 50 97 51 35 53 51 95 42 57 11 59 37
68 40 71 56 96 65 73 52 65 8 27 96 65 7 58 20 42 36 34 6 51 52 12 84 100 29 49 1 95 61 20 96 85 67 99 6 38 54 18 33 99 56 66 57 50 12 34 95 64 33 49 6 75 91 24 45 49 37 37 16 25 12 88 51 65 67 58 0 57 82 48 85 15 45 11 77 63 66 55 29 36 39 25 85 60 50 26 35 54 68 41 39 59 15 41 58 71 47
80 4 53 62 24 10 30 78 81 99 96 60 46 86 4 82 5 5 10 96 84 49 25 64 85 71 54 78 82 79 19 72 87 28 21 87 66 20 75 50 81 10 54 31 83 13 85 73 52 59 30 86 3 7 48 54 38 13 28 96 97 1 67 36 28 72 62 90 0 35 27 17 47 28 84 70 9 83 63 13 94 79 85 61 38 18 57 74 10 19 45 75 95 76 12 4 62 18
46 40 18 65 91 36 19 45 30 96 46 75 71 100 19 38 60 43 86 5 10 8 59 9 2 25 37 69 22 29 47 46 19 7 83 22 14 85 67 41 84 47 80 70 57 16 93 28 93 72 25 12 42 80 63 28 62 75 100 66 58 46 35 39 75 94 73 24 73 0 19 74 87 46 100 92 95 42 87 95 97 78 39 35 67 41 60 67 7 19 45 99 81 25 87 9 58 26
18 76 73 62 46 5 100 52 32 51 60 13 20 78 42 44 49 29 14 32 92 2 82 43 82 38 100 61 41 18 22 88 59 32 7 36 2 56 91 54 20 52 75 59 63 22 15 55 78 89 61 19 74 26 22 4 91 82 41 94 99 17 72 81 53 34 64 20 52 2 0 85 36 91 71 58 7 37 34 59 14 2 69 80 81 16 11 79 63 60 89 7 82 81 44 83 25 12
57 58 97 7 20 61 81 3 36 48 38 1 35 70 15 60 80 63 50 41 23 32 96 69 53 18 28 48 96 84 20 55 92 71 83 59 90 44 23 58 27 5 35 39 29 86 49 57 49 14 3 10 92 38 51 42 37 77 5 15 24 3 73 63 57 14 75 9 83 45 4 0 34 45 8 66 36 59 32 59 41 15 61 7 41 78 48 100 86 97 18 71 50 2 51 42 96 4
38 84 84 28 29 22 35 96 47 64 18 14 11 47 52 83 9 46 56 86 63 43 54 37 44 46 61 59 96 5 38 11 85 83 60 48 84 19 47 50 69 72 87 94 56 23 82 86 44 13 66 56 46 84 22 37 31 13 33 10 19 24 4 83 66 3 29 53 85 72 16 82 0 54 47 15 46 6 33 26 89 55 59 92 72 62 98 26 78 91 44 41 85 52 89 76 57 92
49 12 77 49 25 11 12 2 28 40 11 58 91 53 54 82 61 9 37 86 75 57 46 36 52 21 53 18 61 36 88 45 35 72 84 19 10 12 92 53 55 60 69 99 70 27 7 82 74 93 12 47 41 33 19 10 52 18 53 33 96 97 40 72 24 17 80 67 75 63 38 67 9 0 94 19 43 82 40 95 97 15 44 89 8 78 64 40 17 68 82 19 23 62 30 93 29 70
15 6 62 96 59 59 76 57 75 2 62 67 40 19 68 7 35 59 66 52 46 69 25 85 4 8 93 35 25 75 28 53 83 81 48 88 5 34 16 59 69 90 37 88 30 41 60 46 9 23 89 96 61 23 50 6 41 71 69 2 4 38 93 89 52 95 60 61 9 78 19 32 82 98 0 63 7 63 26 15 69 2 44 28 18 39 56 84 48 83 85 47 33 72 27 28 83 95
21 23 70 79 73 21 80 78 91 5 39 47 3 43 19 10 48 11 78 34 54 43 86 5 74 90 7 29 85 69 26 38 71 64 6 19 15 62 30 43 17 63 79 9 7 86 84 74 8 71 68 12 31 55 57 79 77 15 55 42 44 76 67 39 52 92 94 80 38 86 26 59 39 60 9 0 59 50 42 53 17 87 44 60 5 9 40 48 45 83 6 75 100 28 49 77 81 5
42 23 11 11 13 93 81 46 53 79 19 68 93 34 8 3 53 41 27 67 94 87 8 92 69 1 87 57 68 9 5 9 47 67 4 3 48 6 18 5 85 58 42 97 45 85 57 13 78 85 88 85 98 39 99 47 31 82 55 87 33 38 41 93 55 71 91 69 89 9 4 1 80 26 20 74 0 37 37 50 60 45 42 5 76 62 31 86 97 50 94 92 47 16 24 39 37 41
15 47 57 25 15 93 2 40 24 4 13 88 43 70 94 95 78 82 82 7 95 82 26 46 37 41 95 1 52 43 97 73 23 38 39 40 99 49 80 46 37 24 72 84 81 46 8 99 87 43 85 21 4 34 13 36 71 100 61 57 65 63 36 88 78 18 11 91 10 22 58 53 68 78 30 52 95 0 40 93 74 86 43 20 97 42 10 15 80 52 23 60 2 60 1 86 46 18
31 17 12 39 70 33 26 8 63 51 3 79 22 67 67 92 75 91 25 44 19 20 41 32 18 16 9 20 8 5 54 86 11 90 37 6 76 20 44 9 26 27 79 100 72 3 27 31 59 66 83 6 83 83 55 30 83 74 94 73 61 47 92 21 84 17 36 92 29 36 81 18 57 90 75 11 76 52 0 45 36 71 5 93 32 40 81 60 8 84 84 10 44 59 29 29 4 8
25 78 44 55 21 1 97 6 17 55 70 44 11 91 14 3 68 37 83 42 86 89 12 38 4 55 56 46 14 81 20 85 88 20 35 92 95 45 48 30 91 27 73 79 28 61 67 74 20 25 67 39 77 80 88 81 8 42 94 54 31 7 55 7 58 48 44 43 49 68 1 89 55 55 58 66 6 32 10 0 21 52 23 86 21 63 25 34 77 78 48 21 19 92 60 50 8 13
16 24 45 87 27 90 94 99 39 80 47 94 3 10 72 100 93 23 19 48 63 7 82 85 51 89 14 44 15 29 10 70 23 58 85 35 58 28 67 3 87 88 48 32 19 33 15 36 37 35 30 87 51 99 43 54 61 27 14 16 5 4 82 50 36 50 75 99 68 99 2 69 99 44 13 19 24 33 5 8 0 93 80 12 61 24 58 93 43 36 50 72 84 77 31 84 60 81
1 67 4 9 79 88 98 27 72 44 4 45 11 55 96 63 18 83 33 51 60 48 74 94 11 18 59 76 6 24 8 89 70 2 85 66 36 93 7 27 63 67 91 95 32 17 73 58 20 91 21 48 45 75 49 57 13 54 42 25 68 53 86 71 69 15 35 23 41 84 59 27 61 89 51 77 86 43 70 46 74 0 2 98 65 20 92 6 79 64 28 53 41 31 76 66 73 47
90 78 7 80 30 50 67 54 71 81 43 74 97 6 74 32 54 63 33 71 61 20 91 21 62 95 20 21 49 33 38 56 91 37 99 72 39 80 75 88 63 45 11 40 94 83 20 19 26 2 54 88 87 35 88 28 50 17 61 4 32 65 94 50 55 37 18 12 75 53 23 32 7 70 74 7 35 21 83 79 63 96 0 80 21 93 96 64 71 15 19 100 10 84 24 60 84 81
38 89 9 94 1 44 48 70 25 87 89 20 26 51 59 35 80 80 8 57 65 74 92 46 24 26 52 83 61 78 71 93 15 23 84 87 85 88 19 25 94 83 81 5 39 64 23 4 8 30 70 77 28 90 87 1 61 83 34 59 8 11 57 20 73 73 95 79 80 4 58 11 52 21 38 49 25 94 32 41 57 57 28 0 90 43 7 31 50 90 30 68 17 33 63 1 73 44
18 39 78 82 48 80 20 28 7 30 94 87 17 81 95 90 58 100 88 32 67 32 60 94 76 18 72 8 14 12 84 67 71 92 96 91 61 26 88 54 49 83 78 21 65 46 33 61 8 63 11 47 45 19 84 14 76 48 62 18 40 17 34 23 4 58 96 79 33 78 92 69 8 58 98 11 18 16 83 75 95 72 2 98 0 1 7 97 9 50 69 53 22 33 49 53 39 52
49 40 74 38 71 63 10 35 47 9 81 16 18 29 87 73 45 2 62 47 36 67 1 20 75 86 47 65 43 3 81 39 44 42 85 54 30 57 48 47 67 93 15 71 13 16 22 47 69 79 68 23 43 46 39 95 65 89 47 48 51 84 99 78 81 83 98 94 22 82 16 28 19 88 94 87 12 23 20 56 99 9 50 1 68 0 31 66 14 78 73 94 86 2 22 85 93 6
78 91 27 24 35 78 53 6 43 53 100 60 18 92 85 1 11 18 33 77 5 88 6 67 44 18 28 91 87 96 71 65 93 47 75 62 55 46 7 99 65 8 6 8 49 79 61 25 43 71 31 81 28 98 14 100 4 96 16 55 86 32 24 60 86 70 84 11 79 95 13 66 52 75 65 84 85 1 98 69 39 66 51 9 80 15 0 56 90 2 93 23 37 79 81 45 48 34
4 13 12 57 46 63 14 54 58 58 69 41 66 52 91 92 57 45 95 58 21 56 27 98 76 89 34 43 30 14 90 33 54 65 56 39 82 62 73 96 49 39 62 42 17 4 92 25 81 29 10 93 1 67 48 11 65 15 24 37 28 98 4 46 6 94 40 92 16 62 1 18 69 69 91 90 86 73 52 12 51 12 91 1 94 76 20 0 78 80 19 94 65 18 10 71 63 14
19 35 69 88 62 92 100 44 36 89 55 51 28 99 39 58 32 1 47 2 60 37 7 85 86 33 16 25 9 35 98 13 35 13 100 26 59 36 49 64 49 92 24 74 77 13 63 34 34 57 82 46 27 90 34 84 17 31 69 69 96 11 84 63 4 67 15 21 56 98 94 24 74 7 70 63 39 29 8 3 74 46 58 37 52 14 83 98 0 50 44 92 70 14 41 24 80 93
4 62 82 26 94 95 44 49 18 36 75 70 17 65 69 13 12 11 44 68 47 61 10 26 11 57 83 52 100 88 17 78 1 99 92 73 20 16 40 80 41 42 46 52 55 80 41 17 40 58 79 70 51 77 79 38 40 97 85 29 3 46 56 39 93 84 8 3 56 53 61 76 29 40 12 78 93 79 1 79 37 34 17 94 84 43 39 28 48 0 23 75 2 19 15 55 15 52
76 90 11 14 93 66 62 22 6 92 34 49 99 71 92 84 87 4 74 44 31 98 98 74 87 90 95 73 55 81 8 15 8 45 95 41 13 34 29 86 29 43 100 8 63 46 42 20 98 33 27 76 76 22 86 74 10 30 55 67 37 18 73 29 98 46 11 91 65 63 8 84 32 1 43 35 89 46 19 54 78 63 7 28 44 88 70 13 54 42 0 26 82 95 54 50 35 88
5 48 42 93 44 41 89 48 37 56 100 95 39 45 60 23 8 42 28 77 9 33 39 45 23 9 98 59 97 91 40 90 81 82 80 100 81 74 7 12 88 10 80 58 58 2 93 21 60 96 80 8 80 58 78 15 77 32 7 70 64 48 16 26 87 72 79 99 23 85 94 80 66 22 3 54 65 36 42 41 53 99 91 68 85 43 92 74 48 42 73 0 75 97 65 32 2 47
23 52 86 8 53 9 100 46 84 72 55 42 25 57 78 41 6 51 91 96 75 97 56 35 44 56 56 22 2 24 65 20 38 55 81 22 93 92 52 61 90 97 52 36 55 14 48 12 47 99 23 77 89 28 61 62 29 19 39 58 40 98 100 3 89 84 76 44 99 47 17 94 3 89 46 31 68 36 20 100 26 86 37 61 91 37 91 71 5 56 33 29 0 61 56 49 96 34
99 86 78 38 35 38 22 89 67 13 79 15 31 13 39 12 97 29 6 96 81 8 96 94 53 2 87 2 74 34 30 42 48 92 24 62 40 72 9 16 41 61 92 35 68 59 45 61 45 86 18 48 31 79 97 33 16 22 77 39 47 98 82 80 91 62 14 75 49 85 99 13 77 9 55 86 18 58 91 100 68 45 88 59 40 80 60 81 27 56 61 44 67 0 82 28 85 91
60 65 45 38 35 47 28 24 27 54 47 89 27 81 81 83 47 16 97 71 12 39 24 87 85 37 74 3 93 43 12 14 54 19 100 84 2 26 72 2 33 15 34 34 45 51 97 74 97 90 38 32 98 86 14 68 93 28 83 46 63 56 82 18 39 18 55 34 40 3 42 91 39 65 30 28 12 48 32 13 82 2 82 76 10 82 36 50 100 98 12 32 20 22 0 74 76 84
25 68 88 55 87 89 71 43 92 81 52 24 41 97 4 17 69 97 6 80 71 85 45 77 91 6 78 69 63 82 33 21 92 90 51 78 58 21 70 91 49 46 69 30 70 21 50 17 86 39 51 77 69 34 61 30 63 51 20 85 81 22 83 13 15 30 7 81 15 32 84 17 86 29 12 49 10 27 13 47 48 68 38 72 75 7 46 29 27 5 44 60 92 55 99 0 38 71
22 70 77 7 27 60 47 36 58 28 30 82 100 43 95 97 72 83 73 58 43 47 15 29 38 60 26 13 45 73 6 82 63 62 13 30 37 80 77 28 41 17 51 85 51 18 68 29 71 43 57 90 70 10 75 3 4 12 56 88 35 57 38 22 41 59 69 44 47 30 57 49 74 40 82 56 21 12 11 34 25 25 47 98 61 37 75 52 93 79 65 13 37 71 54 50 0 88
88 14 76 52 16 9 95 29 12 26 75 77 74 21 1 94 58 59 79 12 85 49 16 15 25 74 91 48 58 21 86 76 57 47 50 50 96 58 54 94 65 72 86 100 41 47 47 74 17 85 76 90 35 82 96 88 83 85 3 4 8 28 10 37 31 28 24 57 27 76 43 77 8 38 52 25 3 64 19 98 22 90 63 60 29 70 30 38 88 24 44 12 15 91 55 20 97 0
