78 47
760 1 338 479 348 99 487 599 222 395 256 786 340 211 596 234 616 819 93 440 23 124 110 356 225 248 985 63 185 396 657 446 859 246 622 894 861 465 847 78 694 226 690 669 964 767 383
457 642 707 971 617 709 40 391 216 192 873 296 342 934 987 386 501 156 304 990 157 313 103 867 964 357 179 440 270 391 558 792 836 123 962 966 940 80 69 703 733 392 286 919 342 400 120
83 26 943 898 190 457 84 976 599 270 704 818 991 512 330 334 665 160 217 236 210 454 276 799 256 592 437 35 999 17 493 703 14 825 545 81 353 294 249 912 663 63 121 954 67 625 913
810 456 808 895 269 389 44 740 626 264 981 940 195 807 684 655 29 729 527 629 736 971 865 934 979 759 132 302 591 159 779 912 214 815 769 770 696 416 872 278 106 721 415 272 139 456 115
331 332 639 824 535 660 793 948 877 501 899 360 403 855 671 740 738 270 700 438 732 570 786 999 940 491 825 258 542 127 225 961 309 594 43 150 795 521 887 180 451 579 927 431 514 468 561
470 292 207 882 587 51 319 677 997 979 458 418 763 296 730 324 940 881 738 235 295 318 618 32 700 947 471 167 22 241 162 942 46 186 667 916 877 155 10 29 741 462 369 762 45 260 785
445 583 882 424 378 743 707 932 448 722 499 967 431 953 347 47 84 176 520 832 168 439 54 168 919 965 418 142 996 932 814 880 713 973 253 832 707 465 766 579 573 177 29 726 27 10 340
605 775 320 570 385 49 806 162 76 358 168 52 532 275 157 672 18 219 884 238 263 988 521 915 650 224 748 190 792 72 327 649 896 834 994 307 322 259 93 42 451 639 345 854 783 237 547
480 820 264 6 289 855 160 332 903 702 48 113 330 601 800 244 621 94 130 986 848 679 833 601 906 897 510 430 364 996 149 379 321 194 420 768 665 422 243 349 781 643 470 970 685 454 480
20 524 864 554 628 253 396 713 116 807 914 134 249 884 797 502 544 199 599 354 7 36 975 265 641 473 716 585 692 954 665 28 923 259 205 207 35 254 678 598 5 108 857 995 87 256 552
998 895 959 728 886 981 588 198 262 691 608 310 362 412 326 1000 280 334 829 247 964 181 870 319 380 293 765 155 586 524 125 760 616 514 948 833 693 727 974 911 246 999 589 101 328 908 901
726 153 760 174 683 534 212 475 885 623 178 367 307 167 172 503 881 376 336 586 469 595 513 117 887 949 10 340 948 621 401 27 655 273 629 410 165 840 678 927 851 155 840 205 550 885 395
218 687 482 866 326 185 603 686 615 304 127 23 825 312 869 255 795 455 94 882 782 504 319 109 862 949 468 954 51 8 913 869 321 702 321 855 459 865 34 164 294 672 48 899 113 773 397
305 283 834 474 450 21 17 231 326 702 183 470 348 797 156 534 126 913 634 739 584 725 944 899 718 311 810 540 41 991 662 648 973 413 221 450 538 363 555 955 821 625 638 509 355 24 719
601 49 502 656 755 643 360 115 547 959 758 114 111 413 239 912 835 942 214 498 771 621 436 36 767 678 749 308 933 474 967 989 941 188 612 451 669 675 1 733 989 365 918 644 149 652 102
718 914 975 585 887 967 120 989 118 248 573 972 135 386 917 118 466 951 482 870 687 557 69 378 107 830 290 517 268 322 505 823 550 784 246 572 991 844 438 545 453 2 310 82 594 937 465
929 921 210 750 922 792 263 348 762 209 825 899 485 503 930 609 270 193 298 149 201 822 204 451 13 366 752 789 181 249 476 498 37 950 99 597 538 450 968 781 354 915 747 860 147 591 641
999 919 38 123 745 309 273 589 996 643 285 247 397 359 512 824 618 349 375 493 371 427 161 954 635 272 540 879 9 146 338 828 607 855 687 543 870 988 522 66 932 873 846 522 300 701 67
697 64 654 646 701 708 832 170 658 74 535 89 466 246 32 291 453 198 441 921 764 520 241 879 214 616 346 676 974 92 891 743 324 277 386 343 423 260 71 47 268 391 803 93 32 231 231
750 449 935 233 287 611 75 986 442 815 651 467 979 622 650 325 102 571 271 623 736 414 711 82 814 900 357 849 981 636 72 684 351 941 279 972 631 691 91 609 385 544 233 654 505 647 107
758 838 891 281 528 667 878 145 46 786 622 505 180 277 258 461 275 827 955 737 125 250 285 4 747 743 317 703 665 720 4 961 995 474 553 488 674 324 284 830 71 183 815 398 976 624 695
97 568 116 504 426 904 519 544 146 155 136 881 704 800 261 186 617 944 334 263 215 927 521 244 762 1000 170 913 312 897 756 991 618 118 176 577 892 721 664 694 40 447 761 522 481 213 347
188 167 49 415 506 843 398 260 945 736 943 965 361 668 908 170 45 458 186 434 608 750 541 842 427 420 217 180 251 669 782 767 623 430 218 55 735 551 648 873 56 254 158 838 372 925 84
873 94 222 984 238 923 513 655 656 500 632 206 463 408 520 182 829 614 60 366 92 624 479 194 870 180 526 130 239 60 64 437 651 957 635 788 712 484 955 891 911 20 545 386 581 973 383
634 232 502 252 90 696 779 72 529 740 730 317 646 470 39 288 612 932 343 995 345 732 785 128 950 643 544 68 24 450 62 557 636 501 259 1 378 585 611 21 704 498 405 311 544 6 271
73 892 482 383 275 629 591 340 323 354 200 268 347 198 530 135 407 242 152 248 137 42 490 499 971 500 578 90 888 442 188 497 624 417 503 874 255 346 907 563 816 53 249 211 51 870 585
556 552 208 252 401 486 285 128 593 301 928 177 300 20 921 978 922 672 559 456 747 170 445 230 649 956 339 482 257 216 549 76 697 612 384 182 443 230 840 485 183 671 432 659 456 871 281
677 117 206 195 520 191 586 25 51 897 570 782 489 891 118 198 821 858 328 992 378 418 979 407 311 75 110 424 339 57 869 781 522 373 669 728 476 409 370 244 46 881 887 124 544 85 288
799 58 27 695 723 275 729 690 534 272 472 397 572 934 516 834 19 772 256 145 898 119 30 821 272 675 212 846 713 755 178 684 570 358 936 14 246 294 725 359 169 206 266 49 313 551 708
929 709 983 320 719 102 911 98 329 306 527 158 203 303 16 911 348 604 477 941 8 19 615 553 902 763 796 436 301 466 939 182 616 664 991 795 875 494 510 712 584 574 852 635 859 652 233
559 582 585 939 734 506 512 457 746 523 809 342 612 342 892 870 86 777 192 449 780 903 313 616 900 735 447 200 622 977 467 850 55 68 605 141 64 894 248 633 891 985 167 553 981 430 25
836 231 554 24 999 407 465 104 683 363 339 794 758 253 849 264 409 26 340 379 837 453 139 88 363 329 414 417 591 11 28 567 640 213 645 909 191 871 213 809 409 761 598 547 514 563 864
176 632 61 144 80 505 282 754 43 122 879 828 522 574 42 569 162 135 741 967 563 27 962 694 175 814 745 109 102 1000 268 610 662 611 299 781 976 676 107 273 325 939 594 449 704 136 758
140 652 316 19 836 158 369 275 600 838 503 295 539 287 741 260 209 766 576 785 63 463 610 341 148 986 74 653 607 677 155 755 382 147 860 858 800 762 804 926 368 34 392 816 462 513 339
775 332 500 345 315 946 424 239 578 494 327 962 821 611 806 778 877 421 10 259 31 999 666 241 191 993 216 685 872 417 146 624 929 764 901 666 580 601 521 688 528 683 119 320 806 570 862
314 944 780 309 564 757 228 260 98 290 31 115 905 514 944 404 23 278 791 156 648 216 754 268 119 345 368 670 31 419 518 403 373 64 440 433 917 617 773 490 333 267 223 543 401 251 734
75 756 394 433 389 479 148 288 990 922 571 704 816 789 752 916 455 337 113 892 273 495 878 293 336 468 846 61 865 329 958 641 877 795 817 484 237 371 724 750 98 51 360 64 922 811 746
927 527 16 727 613 169 441 617 239 652 589 439 107 980 164 136 731 564 456 615 351 431 199 315 610 878 528 22 891 175 728 69 645 406 472 294 605 830 901 69 569 176 747 186 840 92 399
404 737 694 703 193 987 287 888 245 54 612 333 663 341 652 478 500 281 506 956 459 363 10 807 239 37 865 907 35 957 46 173 639 439 484 325 129 158 497 266 647 655 737 452 273 531 251
786 924 839 885 248 328 657 300 21 402 328 987 911 262 440 868 275 461 905 573 285 324 156 826 960 125 817 985 738 670 400 714 839 64 442 116 305 602 155 701 201 739 638 698 212 383 780
924 133 305 779 388 243 694 16 701 751 810 849 87 860 652 648 676 355 940 215 235 929 237 405 986 456 974 331 273 327 450 622 586 230 735 793 948 547 948 422 822 626 579 352 400 61 78
936 622 199 422 763 534 774 494 884 608 309 974 643 469 531 91 617 384 812 156 199 826 745 672 235 610 406 603 709 105 16 431 44 834 882 919 480 384 883 223 340 899 445 655 218 538 860
287 578 684 304 116 425 626 273 799 114 315 479 63 819 251 852 861 815 230 62 926 595 311 212 966 87 197 531 310 932 540 422 888 676 961 329 194 242 471 608 790 823 384 49 842 526 925
954 691 245 134 984 708 280 333 341 621 139 844 357 831 772 735 589 467 163 940 297 242 920 239 241 487 927 362 495 441 473 898 839 61 354 172 819 496 123 614 458 1 452 579 453 413 376
734 686 21 380 352 133 209 717 556 232 992 405 471 133 575 530 213 520 799 723 470 932 100 856 88 944 71 949 622 87 101 434 734 499 648 874 369 64 19 182 323 585 203 422 426 369 825
883 691 87 661 180 663 519 452 571 621 169 65 962 810 929 162 520 803 866 625 682 363 519 219 439 871 568 438 773 511 21 435 338 584 226 154 80 620 999 989 879 922 843 245 856 242 133
657 204 657 558 269 143 282 982 502 925 182 601 715 967 906 990 216 297 95 348 788 627 167 193 243 42 579 89 638 714 562 623 781 171 323 539 542 989 595 840 343 114 442 273 416 38 912
319 436 765 997 417 142 729 878 361 41 686 540 551 247 453 934 460 811 809 518 989 290 489 369 658 995 938 312 698 256 761 652 133 220 738 55 342 828 416 325 746 507 905 80 345 718 108
3 328 470 202 390 289 619 63 513 736 117 419 588 698 982 769 283 676 44 444 63 997 402 857 982 321 318 181 157 923 813 491 252 351 491 898 735 177 727 49 685 389 58 56 922 148 744
605 311 463 223 199 585 876 741 234 847 754 518 215 597 954 538 79 941 28 709 21 581 115 352 245 243 574 958 957 773 388 585 150 70 651 554 294 899 69 903 982 163 392 478 299 436 593
536 508 259 852 649 326 539 762 324 903 743 879 75 373 938 326 740 394 779 164 112 207 503 118 53 642 863 176 827 517 928 588 779 708 176 634 178 787 878 938 254 946 179 507 480 510 253
135 879 700 931 333 981 781 266 546 739 793 5 342 872 385 155 367 886 5 43 740 877 174 10 71 209 666 733 631 847 202 114 345 901 473 912 299 143 547 8 374 5 775 691 685 882 203
914 254 271 739 821 339 718 117 459 237 131 804 304 87 196 166 989 594 994 612 193 978 215 558 252 556 383 777 620 746 972 775 609 837 673 665 548 206 344 914 725 337 39 51 552 142 924
470 337 357 50 194 855 381 436 3 828 642 662 370 421 553 795 672 356 240 632 363 475 63 831 474 147 973 872 531 322 793 67 463 171 982 353 294 639 209 840 148 282 226 12 287 681 157
242 108 399 12 832 941 798 883 289 898 554 655 180 929 33 60 676 739 375 769 923 148 630 850 551 902 35 866 230 995 44 155 486 925 549 916 437 749 777 981 583 996 966 50 846 664 697
178 964 214 665 403 763 233 560 483 54 813 275 325 169 699 362 999 738 385 419 692 707 804 905 410 671 349 434 26 738 477 551 312 910 126 12 318 895 904 943 113 328 981 957 911 111 954
264 276 571 658 437 904 494 464 353 910 701 408 124 875 324 171 366 513 46 246 5 424 235 606 1 352 322 706 126 165 621 596 665 447 212 341 710 572 74 156 526 693 604 675 750 490 504
303 82 738 2 266 264 164 665 414 241 611 232 455 819 449 576 694 513 899 738 158 268 301 323 533 834 898 521 681 797 425 946 732 303 871 107 453 961 934 422 724 643 567 173 570 749 361
610 755 772 389 129 441 737 557 893 750 987 177 823 341 333 342 454 118 930 44 992 588 988 434 502 869 396 328 309 470 235 56 49 423 879 929 812 42 922 730 716 868 740 192 507 469 825
500 672 578 6 836 66 244 468 132 325 172 582 465 317 766 79 322 415 855 549 707 592 429 3 631 452 433 922 49 536 299 150 391 988 747 423 548 648 511 326 848 999 638 536 919 417 879
271 515 962 103 947 158 544 621 39 848 746 316 920 601 963 533 81 259 70 189 233 407 492 130 606 971 616 22 675 837 628 446 829 831 836 937 75 887 648 792 99 289 648 887 922 275 536
389 243 405 490 917 945 667 386 249 440 384 261 648 661 864 3 581 461 498 507 644 251 865 557 112 228 998 739 158 604 932 545 768 691 191 92 959 722 353 975 696 711 619 48 145 497 252
377 697 77 953 290 641 966 185 931 83 259 52 63 453 643 680 109 594 996 487 448 742 920 544 46 123 128 776 766 388 891 717 154 470 103 343 724 910 241 555 965 235 663 653 817 737 730
290 982 743 769 640 947 766 344 122 124 718 584 371 716 606 159 638 148 304 256 904 703 191 790 827 840 317 226 255 555 238 229 111 272 267 431 702 783 91 373 4 749 548 736 656 388 634
202 372 560 594 988 608 262 798 963 436 895 429 122 5 690 22 112 283 168 201 922 485 529 522 51 73 60 899 15 348 291 501 855 538 141 658 103 315 845 50 860 818 7 415 929 91 619
167 56 745 674 911 717 625 549 903 270 6 550 813 599 938 726 457 371 901 437 643 572 269 160 468 851 979 116 503 811 414 80 173 648 846 65 127 213 902 992 460 803 623 286 520 877 174
55 821 736 225 612 400 873 747 394 490 766 145 657 73 526 688 855 675 572 669 242 175 639 441 740 912 77 71 304 358 477 364 412 130 12 889 903 862 296 160 377 248 824 225 850 561 820
935 986 221 905 924 560 129 628 869 238 908 392 243 714 348 475 496 63 119 691 315 761 154 117 719 40 16 702 702 244 787 610 805 47 120 866 717 856 218 571 430 811 302 809 967 965 558
771 126 510 125 55 496 383 430 814 38 939 929 714 869 522 770 124 888 576 759 203 60 597 271 671 688 317 106 899 431 304 112 456 251 595 546 46 463 885 935 485 344 726 108 522 962 289
436 78 851 859 351 32 982 932 882 131 71 306 563 170 902 564 238 183 593 292 321 67 674 974 193 847 98 157 607 730 688 397 283 915 211 987 555 494 775 160 336 708 135 796 805 578 640
264 884 340 302 148 47 466 510 438 472 208 646 980 878 892 436 545 948 801 50 91 712 272 667 862 413 678 765 209 197 432 91 981 686 762 989 222 239 144 294 907 272 884 914 895 452 758
450 258 660 434 605 385 656 42 165 281 428 932 52 628 502 255 913 274 784 311 826 168 166 592 295 478 789 79 201 338 581 227 165 947 301 26 689 848 314 673 826 478 571 84 167 152 868
635 774 809 229 37 817 205 479 358 541 37 810 612 479 857 662 416 274 704 76 471 609 892 239 944 749 144 117 992 900 699 268 681 448 454 835 809 183 705 822 294 331 436 237 872 448 737
802 495 653 367 301 523 1 616 925 835 444 964 941 413 383 127 937 108 960 590 780 879 142 743 776 525 326 246 216 95 680 436 877 414 257 417 571 324 621 226 128 982 416 918 913 366 762
170 568 48 757 653 789 202 476 429 240 606 386 440 721 388 395 815 788 856 587 277 172 508 641 965 771 942 896 849 339 865 66 335 316 433 209 214 290 520 652 958 154 238 42 693 386 269
398 822 794 786 767 740 971 767 906 397 522 622 574 793 480 528 900 610 745 932 545 461 567 611 138 814 195 743 443 266 496 404 460 486 756 231 248 789 867 19 451 150 890 690 959 684 116
688 443 958 644 92 961 919 416 536 466 977 567 991 857 394 63 758 864 737 805 483 779 250 122 298 279 820 398 687 30 883 347 901 875 393 129 221 260 216 793 642 185 867 825 913 999 426
867 943 344 764 162 58 995 143 66 857 996 579 818 999 392 916 337 187 48 894 266 363 791 275 502 447 265 480 629 746 698 6 944 786 936 900 845 721 462 217 936 876 45 943 355 473 673
0 31 34 29 50 21 41 35 38 81 27 97 8 88 95 60 49 57 70 92 6 63 73 3 13 7 12 90 71 48 64 62 21 51 2 8 10 54 30 88 60 5 15 61 29 59 20 93 62 71 57 69 75 98 52 52 83 18 50 85 16 82 86 68 63 49 52 24 26 41 28 90 66 44 12 83 60 89
92 0 45 27 77 84 57 8 38 66 72 18 6 46 79 2 29 12 25 52 84 62 33 12 10 35 90 3 89 60 62 85 34 98 70 84 31 49 12 12 33 91 40 7 58 88 61 99 69 63 24 3 45 43 55 63 93 40 31 80 53 85 84 28 66 6 26 34 44 50 1 7 17 24 59 78 90 16
43 73 0 86 90 26 65 99 10 89 15 30 62 17 41 19 37 79 29 50 32 16 13 100 84 6 81 97 33 54 50 100 54 68 15 25 17 61 98 23 100 16 48 57 94 73 86 48 9 8 85 92 49 53 29 92 96 21 94 20 60 35 36 45 29 6 65 80 33 84 77 17 65 4 78 94 3 45
58 71 73 0 82 3 9 33 59 13 44 60 66 59 16 11 68 79 75 19 11 60 16 13 7 91 56 5 48 94 17 77 59 78 29 37 35 43 69 27 28 82 27 37 63 90 59 90 8 24 26 38 60 58 13 25 75 88 28 48 58 66 63 45 79 33 94 69 97 21 45 15 40 59 38 71 2 45
35 24 32 55 0 41 88 80 77 12 46 83 67 6 6 84 24 38 74 87 92 97 41 25 77 99 14 25 65 16 82 28 75 39 25 98 3 41 23 17 28 19 4 39 77 61 35 55 95 55 93 45 91 94 48 71 35 28 55 85 64 14 13 77 12 95 10 96 14 1 8 37 63 71 41 16 54 59
23 35 3 58 57 0 76 53 10 92 55 60 1 6 19 16 15 94 65 96 70 30 74 41 78 99 5 86 61 60 84 29 89 62 95 5 48 26 13 4 5 31 100 51 20 20 99 56 48 72 3 56 90 34 6 11 99 12 89 13 59 78 45 99 85 19 13 47 83 89 75 97 94 59 47 52 63 76
94 77 49 30 37 34 0 58 33 94 42 45 23 44 5 11 21 67 44 79 48 83 95 84 89 58 79 2 2 88 87 48 7 11 22 81 86 73 80 70 35 1 95 60 55 95 40 75 64 24 99 90 23 2 72 12 27 10 88 20 73 31 60 93 48 82 88 92 34 43 85 90 57 72 41 79 30 59
72 29 32 70 53 59 29 0 66 61 93 30 67 80 89 64 87 83 84 48 100 7 79 71 89 21 74 82 37 33 58 79 81 60 83 88 76 93 1 74 94 29 97 10 62 81 48 95 42 17 79 77 8 14 37 85 29 84 90 11 98 15 10 61 48 100 51 13 19 41 13 10 19 57 22 8 66 33
46 38 30 92 56 18 58 98 0 83 68 16 46 98 51 7 90 91 81 99 76 72 6 97 86 2 21 93 42 2 91 40 53 26 57 11 2 21 45 98 51 97 72 66 91 82 47 18 99 48 24 5 100 53 8 64 39 13 63 12 61 31 68 10 36 29 28 55 50 85 74 37 41 90 77 31 24 22
57 37 38 13 40 19 41 8 37 0 76 54 81 88 20 4 39 86 26 87 58 11 5 44 72 73 42 31 95 31 82 20 34 20 91 70 68 98 69 70 12 20 39 28 31 60 16 61 100 13 80 78 6 57 12 44 33 31 5 81 31 29 49 31 42 53 45 20 86 22 82 66 13 66 11 33 99 54
45 91 88 90 42 88 25 80 61 31 0 90 39 98 97 99 69 78 45 78 18 41 88 21 20 20 83 46 93 15 4 8 96 43 42 6 12 46 30 25 50 51 11 6 74 2 89 78 13 62 94 62 43 41 69 93 32 9 13 9 5 27 22 10 44 70 43 25 52 7 91 33 44 16 22 57 59 12
1 29 47 28 71 39 15 80 8 49 17 0 54 70 1 9 28 2 34 4 37 100 47 93 97 85 23 94 62 83 39 67 72 55 91 53 78 42 71 98 23 4 10 29 62 75 6 37 57 29 4 82 30 35 11 64 73 42 60 68 30 90 47 93 47 89 73 72 30 61 31 5 97 3 24 59 11 65
56 6 62 39 51 35 75 3 41 72 26 26 0 23 58 44 7 67 85 52 31 54 20 33 3 100 95 58 31 89 22 51 39 75 95 28 55 7 51 100 52 37 5 20 42 24 4 20 11 86 40 87 18 67 1 14 72 52 80 2 32 72 23 59 21 3 96 54 71 45 18 43 30 86 28 28 50 16
18 9 68 32 1 72 82 51 83 63 40 16 61 0 90 43 71 55 63 95 16 78 20 24 41 32 35 29 46 20 65 98 55 48 65 24 81 21 88 91 83 66 82 63 17 62 37 52 50 72 11 81 14 52 46 97 82 52 63 61 80 53 19 93 40 45 82 26 33 35 22 72 71 46 88 26 25 93
51 67 78 63 30 80 1 15 85 76 57 32 36 91 0 8 28 74 44 96 67 16 2 57 99 6 22 86 42 33 59 18 84 96 15 3 88 77 14 93 62 68 98 81 43 85 38 94 57 51 39 70 72 73 76 7 74 77 49 8 20 57 44 22 19 97 89 8 55 56 53 18 38 75 22 63 44 16
33 58 66 53 61 91 30 79 88 68 91 22 56 50 62 0 31 32 35 53 65 88 93 27 7 68 84 86 18 69 54 29 47 71 36 33 12 23 90 47 15 2 56 51 89 68 48 42 12 99 19 86 89 6 51 78 97 15 43 90 38 31 83 16 55 25 44 50 84 84 8 64 45 31 51 65 42 24
85 98 60 85 76 59 15 44 50 91 28 18 32 31 66 75 0 78 30 92 36 94 4 22 57 1 73 49 66 49 25 34 86 38 67 51 39 40 63 9 93 9 81 10 17 1 68 67 46 70 67 26 69 47 67 85 38 72 58 50 55 27 12 8 59 34 53 5 16 61 11 10 91 17 82 44 65 19
89 63 68 47 55 44 14 9 40 93 18 65 47 94 34 83 41 0 84 18 98 60 69 83 54 42 15 79 93 60 65 44 19 95 72 44 74 90 84 81 5 26 83 23 89 40 83 75 54 37 15 49 65 20 96 70 27 20 38 96 26 68 7 40 63 86 13 59 19 28 12 89 11 46 6 90 44 8
54 34 97 99 28 5 20 73 2 80 43 18 25 79 99 82 68 8 0 64 48 63 85 45 49 8 26 3 23 86 74 17 9 62 28 26 48 91 73 6 98 3 85 48 59 84 44 77 14 49 32 63 88 61 65 4 20 30 76 66 5 51 29 8 17 9 76 59 15 60 94 4 49 34 10 33 24 9
11 3 68 46 1 62 59 35 36 13 43 76 12 22 57 86 72 62 38 0 77 74 90 60 4 68 53 76 56 69 18 28 38 75 82 8 14 77 27 87 41 6 68 92 43 100 76 82 22 34 15 26 7 18 21 76 94 83 74 81 77 56 67 71 90 32 50 38 43 6 72 56 27 14 76 89 79 66
9 85 67 80 74 30 34 92 74 30 54 54 79 26 77 2 32 34 98 76 0 14 30 79 98 95 24 42 21 58 12 28 41 59 49 42 30 88 70 72 64 71 38 57 26 46 92 44 47 13 16 8 49 74 19 35 95 22 46 41 66 1 6 13 49 96 2 62 27 72 98 83 71 82 29 13 74 78
55 9 67 1 74 42 92 83 47 98 28 47 47 77 99 30 19 36 34 74 5 0 19 24 59 30 76 11 1 90 36 95 25 71 49 46 14 31 56 76 69 16 2 54 9 85 73 42 84 27 79 93 43 29 49 21 4 94 75 22 35 94 90 33 36 76 80 61 72 3 20 90 63 55 5 75 39 20
17 67 52 62 2 4 21 43 57 57 32 94 16 15 55 76 57 75 30 66 22 62 0 33 39 12 6 73 88 8 44 11 74 1 7 33 4 39 9 90 58 86 5 14 57 14 90 51 29 39 22 3 45 62 99 42 86 47 99 32 7 91 6 44 46 97 90 96 44 16 75 97 75 84 29 55 33 14
67 10 44 88 46 84 9 26 23 11 9 50 10 24 8 57 20 69 17 90 84 97 96 0 51 42 21 24 20 96 59 32 56 47 11 33 62 34 97 93 52 10 16 87 7 94 36 79 12 10 12 57 23 88 23 34 49 30 64 32 37 87 97 4 72 32 100 93 59 35 9 23 84 64 85 21 100 25
61 52 54 60 16 34 69 87 78 100 45 55 41 72 59 18 57 83 18 28 68 35 30 57 0 45 45 56 54 54 6 84 21 98 7 4 38 33 59 98 20 3 40 94 18 91 27 62 20 52 94 97 6 75 35 27 47 32 32 90 66 48 82 84 38 64 32 65 5 27 44 96 96 82 59 83 6 60
54 51 70 94 37 58 50 69 82 19 18 7 76 4 2 93 82 95 42 6 98 67 48 26 94 0 55 11 22 86 77 10 87 59 29 24 94 92 21 68 94 84 85 42 66 41 12 77 58 17 49 31 25 78 68 18 38 8 17 13 55 83 64 56 56 69 28 69 77 31 66 21 6 4 1 2 55 3
50 27 68 11 34 41 97 89 9 25 71 18 60 65 26 11 79 47 19 9 12 66 98 18 12 23 0 69 78 91 67 85 58 52 68 93 13 27 5 4 77 46 48 17 33 59 7 63 61 52 80 75 86 10 58 65 65 60 32 15 78 8 65 10 70 64 4 66 22 83 3 21 19 35 40 36 80 66
77 97 39 57 69 74 77 61 79 76 63 22 31 76 97 51 75 82 71 99 88 84 31 42 99 98 31 0 39 11 4 92 2 9 5 24 7 40 19 65 85 70 68 34 6 96 92 23 100 82 94 12 13 83 21 27 84 80 7 77 83 55 17 36 2 60 90 35 42 83 50 90 27 54 64 48 56 3
75 67 36 89 74 75 66 40 87 27 54 31 49 89 35 34 55 53 58 61 57 22 49 76 79 45 78 9 0 89 11 83 16 17 85 94 46 13 66 65 57 88 10 83 55 92 47 43 46 50 38 91 85 17 51 50 74 46 25 98 4 98 85 56 35 94 41 26 82 23 83 43 9 98 36 36 97 95
11 39 10 62 19 67 48 23 16 55 5 87 42 48 38 41 47 35 89 55 100 68 20 62 8 60 65 68 58 0 7 81 11 20 50 50 24 81 61 33 59 63 41 90 19 85 50 33 18 61 56 17 78 98 9 70 27 30 36 71 45 23 82 87 63 80 77 11 26 39 98 81 96 81 39 79 84 26
54 38 78 27 66 59 48 66 12 21 84 41 31 81 99 28 44 18 60 29 36 47 21 69 3 16 90 90 55 90 0 11 47 60 76 12 81 18 27 98 24 97 17 9 53 32 85 85 92 74 11 81 48 58 68 38 72 69 37 82 18 43 74 92 71 14 69 81 46 100 89 86 21 57 5 17 6 96
97 70 99 6 45 55 82 57 37 99 88 92 93 4 61 60 91 23 23 30 94 5 68 76 85 21 96 55 1 89 80 0 55 88 12 6 10 85 5 65 99 26 41 19 74 72 99 90 82 57 57 21 87 6 15 50 18 100 84 97 47 11 61 2 65 35 30 16 14 79 76 62 57 51 57 40 81 21
7 95 96 92 20 17 30 30 76 83 49 21 97 53 33 9 95 22 77 4 84 22 96 34 51 53 55 32 81 12 32 93 0 61 2 56 5 45 73 74 26 35 73 82 7 26 71 94 84 10 11 48 49 13 63 46 8 91 42 76 45 99 89 91 4 33 5 56 62 77 20 43 93 72 54 49 41 53
80 33 7 4 92 82 12 59 43 51 58 51 56 66 11 41 27 35 89 6 66 29 9 66 43 69 60 77 59 50 84 64 43 0 82 87 37 94 43 71 49 35 96 31 32 17 43 1 17 36 27 5 5 58 6 21 61 96 80 35 43 68 33 25 57 21 53 64 42 77 11 93 39 74 15 49 58 3
28 47 21 43 19 84 17 2 61 50 39 47 33 18 33 25 33 28 34 13 91 46 55 98 65 34 45 41 2 24 96 88 92 73 0 83 25 3 29 19 36 40 56 10 94 3 52 44 74 67 26 85 83 83 16 87 79 94 62 87 47 41 90 26 66 5 19 94 28 96 81 58 81 60 88 88 32 67
57 67 59 19 2 84 28 26 98 82 77 2 98 73 44 74 1 33 59 5 81 61 48 25 7 95 81 25 88 24 66 71 91 83 4 0 24 84 10 71 82 90 97 7 73 41 47 1 67 1 89 53 21 64 14 31 42 52 21 99 98 10 93 86 17 84 67 56 68 72 70 96 13 50 64 67 90 82
85 85 91 4 93 13 85 35 20 72 44 52 73 89 25 1 25 48 29 24 5 49 65 58 90 24 38 2 50 52 15 19 32 85 95 4 0 70 95 56 89 46 88 57 63 7 54 28 97 54 43 73 1 33 37 8 15 5 3 66 56 76 85 26 31 62 64 17 41 23 23 76 32 62 77 8 28 94
13 80 38 34 99 79 93 60 54 53 53 43 15 76 70 77 44 99 99 68 18 31 97 37 61 59 4 51 87 78 64 26 32 77 44 16 57 0 94 28 14 22 55 46 20 90 44 4 14 83 16 77 70 72 20 98 91 56 70 79 77 57 53 18 72 49 2 60 91 20 55 39 66 14 20 37 51 24
86 68 86 11 11 83 60 10 85 92 26 78 61 10 32 47 64 7 8 57 92 52 57 100 32 78 56 6 30 98 98 64 42 20 26 17 34 63 0 71 54 53 52 13 17 95 50 92 22 19 23 97 52 27 54 17 66 51 81 53 58 50 41 12 6 69 12 77 7 58 39 65 90 96 22 33 3 25
58 1 69 82 18 91 74 3 77 95 54 31 99 21 70 3 62 69 43 91 14 80 26 70 86 59 22 6 66 1 10 95 38 39 80 18 11 88 47 0 92 33 55 26 41 77 99 10 79 98 69 34 86 64 34 94 33 72 74 21 44 99 58 31 37 66 10 80 70 23 41 3 53 90 97 28 40 35
16 90 100 8 52 32 4 26 4 30 26 54 52 79 21 70 60 19 99 94 38 28 31 81 8 34 99 65 1 20 24 64 47 41 43 24 86 56 64 21 0 18 100 46 62 67 37 17 39 22 52 16 46 23 61 99 50 73 95 78 8 55 33 65 77 73 45 4 37 79 6 10 97 7 83 45 50 41
70 96 29 16 47 73 91 93 38 36 42 7 52 78 33 83 59 4 5 65 76 6 26 8 51 83 42 71 70 39 97 64 39 83 53 83 56 38 4 32 24 0 53 88 39 36 7 75 33 19 72 13 68 27 39 84 71 10 77 75 67 91 67 55 10 27 93 2 39 18 59 53 96 82 51 53 61 78
28 54 57 60 33 53 93 3 93 56 53 64 15 81 55 56 18 4 9 62 39 49 87 83 72 34 57 100 81 57 83 51 78 66 11 79 11 1 73 22 9 51 0 74 8 14 76 90 42 96 100 71 89 19 86 88 34 16 75 92 91 75 27 72 63 45 68 15 27 59 16 79 57 22 56 2 38 20
71 21 33 53 51 54 31 55 49 97 62 76 40 31 2 85 36 6 90 17 2 45 52 88 35 32 24 50 15 74 15 28 59 79 9 76 10 49 80 42 53 70 60 0 72 94 71 9 48 92 49 92 49 70 57 51 34 49 96 11 83 76 16 75 66 43 69 30 87 48 47 17 53 3 25 65 16 23
33 85 3 22 82 69 58 22 11 19 78 55 66 61 86 55 49 20 38 60 2 92 80 69 38 58 62 58 55 11 87 81 99 30 86 23 37 61 72 72 24 12 99 49 0 50 32 39 40 2 92 5 30 95 7 96 29 61 66 71 87 95 35 22 63 34 34 33 31 57 72 63 68 74 15 53 83 5
31 69 84 57 91 74 49 47 99 66 8 72 49 48 14 3 49 45 77 35 12 53 29 6 6 79 76 34 100 12 68 35 49 14 58 52 8 6 8 79 55 100 26 50 79 0 15 6 79 9 92 80 68 1 73 66 93 62 23 41 52 2 33 52 19 96 100 37 69 75 3 27 14 65 92 36 53 33
26 64 64 51 78 22 91 3 25 58 62 2 20 48 57 45 55 33 2 26 44 95 81 73 19 84 9 71 23 32 96 55 8 48 5 23 33 49 2 66 82 60 84 16 82 12 0 75 69 42 81 91 100 46 88 81 81 6 21 44 10 37 100 43 16 58 41 79 84 91 7 23 76 35 61 20 21 17
69 68 68 95 81 95 62 81 78 4 75 30 55 34 19 90 87 50 64 58 21 10 60 65 78 72 96 44 13 33 9 28 95 66 67 73 16 1 84 46 66 69 96 81 53 79 32 0 49 97 65 19 42 57 1 45 59 37 15 83 9 67 80 8 12 82 91 28 8 11 98 90 6 21 38 59 90 72
20 26 11 27 56 54 82 28 16 29 56 8 90 83 51 8 88 70 45 86 73 82 68 82 85 80 86 42 29 49 93 52 29 81 52 3 27 81 16 92 72 62 17 100 39 56 53 31 0 74 59 19 76 94 46 18 40 39 50 73 69 96 49 59 28 77 76 56 91 54 3 6 85 73 41 94 11 97
88 39 78 93 3 70 67 80 7 73 10 99 51 97 14 10 8 7 53 52 45 94 18 45 84 39 5 18 2 51 3 28 38 90 74 26 22 41 50 89 93 1 80 18 9 96 49 87 89 0 49 39 92 31 7 47 36 97 56 74 48 9 52 59 95 39 1 94 5 3 13 59 64 85 31 97 91 10
44 79 66 52 54 37 90 85 91 61 95 69 63 52 6 62 4 27 52 73 32 60 65 52 2 74 8 26 42 70 35 64 9 78 69 90 96 64 77 89 58 25 83 8 86 12 97 53 32 3 0 34 100 99 57 10 3 12 61 71 97 14 74 50 37 45 48 27 62 93 56 74 93 16 40 6 87 52
74 8 42 36 31 65 51 3 20 65 90 90 77 40 93 11 75 39 90 86 4 76 57 41 64 28 43 4 11 77 5 2 62 80 20 96 20 61 62 99 59 26 83 14 75 62 47 42 31 3 15 0 49 74 76 6 62 37 48 17 39 88 32 99 59 79 84 57 59 84 6 66 19 87 84 91 70 34
15 13 10 42 37 56 74 74 95 5 54 35 1 64 53 61 84 44 51 6 57 71 7 9 76 70 60 51 91 74 43 62 58 10 87 10 73 85 25 52 33 55 48 41 41 84 58 93 39 45 38 15 0 78 44 30 94 75 94 44 5 69 20 84 39 75 52 9 88 60 10 37 61 26 3 53 48 96
21 94 21 70 17 25 85 28 14 64 23 71 39 42 86 35 93 31 5 58 51 29 63 26 98 11 84 70 53 19 44 7 98 12 55 82 64 91 73 19 94 95 53 60 80 99 41 35 20 58 44 31 11 0 22 65 54 67 63 56 73 78 56 68 1 57 33 12 73 51 80 54 54 80 21 82 58 22
65 51 49 79 46 37 10 89 21 59 37 96 25 83 15 50 84 69 35 49 89 49 73 1 96 38 37 88 76 60 81 88 35 12 88 69 71 79 7 96 20 21 74 12 37 9 36 76 65 99 9 69 43 29 0 48 50 12 86 25 26 14 77 65 31 5 43 77 57 100 18 62 5 65 78 62 40 98
72 40 44 69 85 10 19 9 12 44 43 91 13 2 98 75 39 98 10 15 29 24 81 26 54 79 75 35 7 88 73 69 9 79 39 3 88 31 69 17 94 47 60 2 9 95 31 85 73 12 93 70 74 19 35 0 53 99 46 19 27 87 41 17 58 69 46 48 32 67 99 80 4 27 75 47 71 3
56 3 38 23 32 89 73 93 85 88 65 57 87 72 43 51 53 97 41 99 39 47 18 55 42 32 94 36 51 31 64 34 91 32 87 22 76 93 20 67 40 48 46 25 62 70 17 55 83 41 33 51 11 97 51 84 0 30 30 42 79 38 21 100 100 33 64 44 4 33 9 68 20 76 11 95 37 51
46 89 91 95 37 64 69 74 25 43 50 24 35 90 70 74 67 12 18 61 85 49 47 27 98 20 43 94 45 30 63 87 39 29 66 94 88 12 73 73 52 60 64 63 38 64 64 2 1 26 51 12 12 85 46 47 44 0 12 57 2 22 37 18 8 14 59 24 64 20 53 55 46 97 80 75 72 34
45 53 17 57 92 61 61 34 37 81 87 42 33 38 23 34 68 42 23 30 66 95 48 72 73 52 39 24 74 10 90 39 36 29 49 66 30 73 5 53 81 4 49 16 49 81 61 36 29 56 52 59 19 69 26 47 2 67 0 98 18 31 14 23 72 87 80 1 53 22 6 87 98 5 27 87 2 2
19 94 54 54 2 4 26 77 7 83 94 26 7 84 46 37 11 75 35 24 3 53 56 54 85 49 28 85 70 27 69 64 96 99 2 96 38 1 70 56 32 55 90 31 90 54 17 58 25 91 34 44 65 41 71 97 50 19 9 0 28 22 39 29 65 19 22 58 31 54 92 52 24 53 93 13 57 24
58 46 29 7 38 11 7 9 73 44 28 4 14 40 75 62 9 64 35 49 31 68 83 56 54 27 57 6 98 16 98 3 26 46 91 89 57 76 88 77 57 2 45 16 41 28 70 70 79 41 65 38 45 41 76 59 77 51 96 46 0 9 51 48 76 45 16 91 81 20 82 33 21 13 78 86 2 65
43 33 34 51 17 20 13 73 93 41 88 91 17 76 2 31 10 60 52 90 44 13 45 90 13 24 31 73 30 71 5 62 7 11 26 19 66 34 39 6 4 55 13 94 20 42 78 3 49 94 50 95 71 49 66 83 61 6 48 81 42 0 46 26 51 49 69 62 53 68 21 23 33 94 90 88 100 49
20 21 66 76 18 42 19 64 88 3 12 66 7 1 49 73 37 33 53 26 23 11 100 86 37 87 10 11 33 99 39 63 16 24 7 2 7 100 61 3 77 41 5 43 18 73 69 59 15 29 87 36 57 16 24 52 60 24 79 82 34 92 0 97 86 50 19 19 77 50 88 23 69 24 52 37 26 48
92 65 76 21 51 41 92 27 24 76 34 16 17 35 77 3 2 33 99 80 37 86 75 99 99 8 6 29 71 9 46 9 6 5 34 45 67 21 18 100 69 58 81 20 44 48 30 45 1 46 90 48 55 55 22 74 75 24 76 81 99 16 78 0 73 75 17 22 29 68 80 33 45 75 49 73 77 42
6 95 11 74 86 45 81 21 26 20 10 10 74 50 91 36 27 19 76 3 98 86 56 3 93 51 90 4 85 9 73 18 26 86 3 87 36 26 40 70 64 70 69 99 8 73 51 57 1 90 93 83 82 57 27 48 21 87 35 73 14 13 2 6 0 92 4 71 38 52 53 71 3 97 24 29 30 49
35 34 79 59 13 5 90 58 8 69 82 19 20 91 83 76 70 79 79 3 14 4 65 77 89 84 16 88 54 55 83 29 99 47 10 60 13 32 72 86 70 30 98 49 20 64 37 31 67 5 4 92 94 66 22 17 50 10 84 6 96 82 66 16 46 0 34 25 57 54 58 5 27 24 6 56 87 61
24 43 59 76 67 7 78 37 77 73 67 29 70 16 34 54 40 4 90 31 52 9 74 40 38 41 99 96 58 91 26 76 12 57 44 98 25 21 13 82 80 36 75 17 75 87 28 83 35 12 55 31 67 49 62 47 34 56 20 29 1 88 61 81 31 39 0 98 36 3 1 67 95 64 16 49 94 85
7 58 85 24 33 11 37 89 39 73 30 76 19 20 20 47 86 65 37 83 25 65 87 54 24 85 67 25 34 93 53 16 21 49 39 3 5 58 69 82 13 60 19 17 80 80 72 16 46 42 1 86 4 49 62 25 50 50 25 19 76 3 98 85 32 12 68 0 71 40 52 40 92 19 55 8 60 57
1 10 85 76 47 40 29 39 86 18 12 70 7 67 57 12 63 71 55 18 16 17 34 72 58 33 81 22 5 7 27 25 45 16 81 92 57 57 23 78 48 82 11 25 7 87 57 25 89 75 34 8 4 74 98 98 90 97 52 50 2 94 32 100 14 37 97 29 0 55 12 30 89 27 70 91 87 96
43 21 56 93 43 14 21 54 16 92 11 13 39 81 79 31 66 84 42 31 98 95 44 1 64 84 84 100 59 87 36 78 61 74 59 3 21 60 43 18 25 56 74 23 88 13 48 24 36 67 92 87 86 49 4 80 63 98 83 25 64 8 43 42 26 83 95 71 60 0 87 83 37 34 9 7 77 66
47 14 12 34 92 32 68 10 22 82 88 43 68 43 39 85 44 88 31 10 82 45 2 89 7 16 46 22 48 54 77 68 39 48 92 69 61 24 5 9 19 30 32 42 90 86 58 43 25 1 46 1 73 44 2 71 45 44 86 3 53 55 92 47 86 67 59 21 20 23 0 57 43 82 56 77 54 47
66 91 74 2 20 95 51 49 24 32 87 20 92 37 8 48 58 75 77 91 35 18 61 34 25 18 45 69 91 6 12 16 98 8 49 80 81 5 71 26 25 84 56 24 99 66 64 49 88 84 58 62 40 28 39 10 86 95 38 20 100 88 8 5 94 19 24 98 33 4 83 0 55 79 75 10 81 66
54 25 79 96 28 81 19 61 6 10 34 75 20 19 93 82 31 82 46 66 62 3 28 24 58 17 46 83 75 86 24 1 56 77 19 73 44 26 7 11 63 77 96 38 41 55 62 18 13 22 15 75 94 39 90 6 8 99 13 71 5 11 56 43 40 58 13 93 78 94 9 41 0 56 9 5 21 25
66 14 16 57 100 91 52 96 84 92 78 48 75 85 77 90 86 57 58 20 18 81 72 40 8 17 52 29 47 73 35 66 97 70 31 9 47 55 64 79 28 15 45 82 74 41 80 16 98 8 23 17 14 22 40 100 88 52 68 1 17 31 20 27 19 52 56 25 9 71 9 58 22 0 90 51 61 73
71 32 37 4 24 45 1 14 22 58 24 67 32 72 64 92 41 40 60 53 18 27 18 16 19 90 19 39 66 79 22 10 73 9 95 94 77 46 16 82 59 31 95 69 63 17 71 100 69 31 53 6 56 99 44 70 90 79 16 97 10 2 48 94 20 56 8 3 35 46 22 70 14 6 0 60 16 61
67 10 97 12 10 98 58 76 37 6 77 49 69 51 28 18 80 80 97 96 59 22 8 15 59 93 97 26 39 45 30 88 90 12 75 73 75 91 50 40 81 17 94 12 94 31 75 46 88 42 30 89 44 75 15 72 87 52 77 5 78 77 39 86 77 70 82 18 72 12 50 59 66 44 77 0 27 100
19 30 42 83 24 75 78 10 29 60 38 30 49 81 81 83 39 62 83 96 27 81 5 56 22 64 42 33 43 90 26 42 65 9 67 76 49 75 4 53 58 50 74 90 80 64 23 91 53 95 65 57 63 82 47 95 43 2 27 86 68 25 80 8 60 97 8 44 59 93 99 53 69 29 87 93 0 14
15 91 28 14 99 46 70 72 99 20 49 20 60 36 72 44 66 86 50 36 14 26 51 50 47 47 62 1 22 25 95 67 75 92 28 2 65 1 31 83 18 76 87 93 69 24 44 2 85 40 60 93 51 7 13 3 23 43 17 44 12 100 33 90 14 99 30 29 78 86 26 59 33 18 47 66 17 0
