51 34
713 158 954 38 368 362 599 594 974 909 941 402 304 161 377 674 97 269 326 342 177 509 725 663 856 391 416 537 3 708 960 812 879 824
182 997 4 968 62 497 808 496 416 677 397 23 89 581 292 735 510 711 712 740 512 883 672 777 419 994 580 313 664 703 913 41 715 630
351 63 591 912 655 126 756 816 266 570 579 365 301 970 320 588 401 359 750 330 390 71 601 75 824 886 245 2 554 122 60 997 702 450
844 563 302 922 462 501 125 45 291 671 527 656 473 146 463 711 731 943 319 286 239 625 906 310 457 376 558 162 941 326 213 581 242 279
266 834 642 626 704 334 429 638 262 630 621 51 7 257 956 735 918 842 281 985 783 869 458 789 713 539 635 332 847 52 253 320 774 479
162 729 480 273 45 455 919 600 326 924 621 594 867 541 24 15 802 317 483 199 650 654 799 762 42 613 834 827 553 240 38 904 757 663
665 744 991 557 580 737 803 593 189 693 245 685 904 792 511 482 850 33 255 878 373 978 781 283 184 494 587 821 734 631 197 136 975 665
727 44 475 630 62 694 642 678 686 44 873 242 699 124 848 997 516 706 847 945 25 284 485 10 293 123 547 512 718 88 645 566 865 745
64 714 939 719 66 889 683 725 618 992 299 783 504 209 924 396 39 720 761 930 479 713 476 253 975 937 925 467 504 309 402 567 917 50
591 296 551 466 494 669 68 872 682 743 639 144 677 51 83 934 274 834 945 945 101 431 377 420 534 77 772 97 980 243 696 114 638 28
757 701 916 991 413 363 213 792 121 22 554 569 334 309 519 73 742 933 578 894 690 965 892 586 861 214 364 784 916 581 355 329 410 559
898 543 352 872 191 422 850 287 679 514 156 706 421 665 923 225 928 261 568 810 451 197 423 880 774 330 630 184 50 234 16 131 402 442
906 801 957 996 85 600 704 650 194 1000 951 710 460 690 988 577 374 469 960 188 933 660 191 710 80 503 137 674 413 92 10 348 117 91
978 896 39 219 816 494 274 604 242 134 764 762 376 277 456 42 607 457 932 396 169 151 680 886 145 86 179 857 468 303 831 273 155 36
516 550 637 130 563 530 666 436 752 79 626 829 123 358 587 482 336 110 161 410 666 304 736 178 582 963 742 145 547 280 700 773 816 132
178 745 414 149 466 348 293 427 12 542 890 373 809 561 629 901 924 770 200 929 594 923 156 575 954 710 110 828 696 423 95 793 931 783
465 386 190 849 380 252 308 451 953 763 892 131 902 685 668 387 144 703 666 3 983 273 126 665 659 88 419 407 524 785 948 409 495 181
787 441 628 421 69 673 652 827 601 540 832 178 135 210 693 28 461 414 972 542 452 382 526 105 394 583 316 304 473 698 636 401 797 422
312 603 658 891 384 474 51 1000 319 953 575 314 388 532 702 890 951 793 842 194 859 795 673 44 547 179 974 678 413 843 151 429 675 144
401 549 96 332 223 779 247 964 66 40 455 349 618 290 988 550 179 40 911 226 571 449 197 884 191 562 308 495 885 683 314 969 469 940
528 476 544 977 908 281 154 839 708 121 589 522 182 577 955 740 869 593 204 172 877 249 304 9 983 608 940 730 353 979 953 587 797 287
963 62 897 283 413 51 831 644 961 613 794 646 573 659 353 476 778 632 944 669 693 104 314 851 40 959 51 705 971 935 850 680 316 301
435 638 158 137 570 348 933 777 732 250 319 401 807 793 502 904 835 420 115 250 264 972 492 774 910 343 894 923 955 412 422 236 342 526
128 796 619 883 651 920 376 823 812 304 204 970 198 890 191 722 708 963 157 782 237 794 796 761 726 628 76 463 309 45 902 287 41 953
101 669 31 503 225 803 904 47 179 523 950 88 515 68 477 976 613 710 702 409 682 403 255 972 634 85 798 733 327 78 44 499 748 848
798 82 773 377 879 911 760 562 962 415 545 132 954 253 236 672 316 702 995 170 476 618 80 985 45 433 700 357 805 327 981 589 828 662
494 645 853 814 248 929 652 628 38 304 224 260 79 103 66 748 229 488 835 679 282 528 389 355 338 218 927 880 675 299 180 268 825 11
845 1000 854 684 11 841 998 315 705 195 41 776 421 865 866 659 455 993 429 309 330 736 869 952 40 698 834 100 27 507 553 335 37 23
438 225 353 307 469 561 370 422 454 663 465 927 271 390 836 196 443 861 290 908 376 811 931 778 767 45 212 222 252 670 824 874 653 33
594 990 839 694 832 328 899 287 353 771 488 717 62 235 330 28 366 419 673 360 356 571 236 498 171 673 12 51 762 786 589 779 731 637
887 198 917 213 371 181 25 833 1 949 417 826 510 117 364 632 226 553 767 153 583 926 726 807 574 929 424 621 372 633 903 62 50 182
302 258 50 660 718 869 813 216 401 382 953 669 576 321 680 580 840 385 580 534 934 470 926 902 972 103 126 48 611 268 484 617 96 210
589 633 436 451 785 772 915 658 201 168 181 257 159 19 387 239 789 413 122 112 423 894 819 322 957 996 443 322 345 626 181 282 815 800
870 951 289 763 785 170 66 202 944 163 626 60 308 709 664 1 668 443 87 819 833 997 895 720 322 246 460 687 995 116 620 53 928 5
713 403 928 91 198 918 101 540 86 442 631 9 849 475 320 169 232 762 90 337 671 953 845 938 978 171 469 375 192 211 879 817 100 503
36 617 363 448 966 905 968 697 1000 639 626 282 571 551 55 40 826 380 514 234 23 307 999 747 630 981 727 959 823 478 176 515 601 54
740 702 794 972 625 934 787 274 169 592 792 177 71 608 822 282 842 457 412 605 127 529 628 338 966 764 299 186 559 532 876 33 933 938
811 834 456 747 652 758 465 890 364 547 158 526 448 421 917 455 706 908 581 739 393 618 841 55 576 935 422 900 703 891 843 656 749 671
184 438 600 800 622 91 283 49 518 62 501 900 334 827 410 860 359 811 379 906 666 324 961 947 168 633 103 82 873 30 149 751 276 706
313 419 93 544 632 631 404 684 177 528 938 551 291 745 543 847 709 414 319 135 555 568 427 190 265 809 19 238 615 318 905 187 820 44
865 805 367 864 964 620 353 103 172 24 782 583 890 386 275 72 195 227 265 427 249 111 695 621 813 292 438 119 851 989 885 526 630 350
373 2 418 843 303 301 440 305 394 962 507 409 544 567 394 948 320 840 327 968 486 945 556 526 934 880 413 660 689 101 976 470 998 887
657 508 265 725 426 128 264 429 640 422 258 20 321 248 451 579 769 405 923 282 771 862 628 540 692 341 290 342 444 585 821 101 766 450
361 227 607 118 359 734 419 662 892 661 114 993 111 952 298 18 664 635 582 160 612 366 45 626 197 796 13 205 238 550 837 451 741 84
426 82 577 159 257 326 658 678 484 500 711 722 496 156 275 840 146 529 217 667 793 41 959 692 455 356 463 815 370 483 247 867 959 438
794 469 910 897 216 90 256 796 656 567 573 966 214 302 762 469 880 80 823 685 858 681 415 147 337 532 952 20 653 804 59 295 471 949
293 819 34 69 516 870 342 906 302 476 343 568 338 40 188 511 594 434 228 351 408 965 683 65 61 819 369 76 816 696 836 401 396 376
52 851 739 934 244 510 902 642 72 555 478 693 474 197 53 668 439 131 790 47 230 330 379 981 73 79 213 318 340 486 813 732 290 41
401 503 326 769 547 652 679 426 683 297 533 230 197 960 825 368 701 741 17 75 111 717 992 607 787 453 451 720 677 956 224 451 123 494
594 853 583 550 839 305 468 120 538 142 174 768 556 227 90 82 846 568 644 759 145 786 552 568 790 219 744 723 642 500 43 951 961 135
855 949 396 53 245 541 20 905 923 562 158 631 136 475 265 781 968 63 210 268 462 916 177 346 449 836 28 520 143 213 809 787 503 468
0 61 81 71 93 72 42 30 57 37 77 71 28 23 73 33 65 46 88 84 21 71 63 49 41 14 4 95 41 18 1 66 22 52 18 17 71 46 11 41 49 95 71 64 84 19 42 16 78 13 38
23 0 10 9 24 88 53 72 39 34 67 79 1 46 29 56 71 39 72 13 34 57 42 35 64 5 40 54 22 37 36 82 31 5 72 86 83 14 69 26 81 88 50 93 43 97 53 37 41 85 52
57 13 0 97 64 36 41 64 20 8 58 23 41 47 6 61 15 3 34 91 55 85 83 81 75 43 71 56 92 10 22 56 67 99 34 67 68 60 57 53 11 76 46 75 88 23 12 47 98 91 79
42 13 11 0 92 9 90 42 40 10 35 21 21 75 24 55 62 17 80 94 49 27 50 86 58 33 17 46 20 12 66 47 56 20 21 69 21 29 82 77 48 13 63 29 99 38 72 36 73 4 82
34 23 49 20 0 23 2 37 76 72 98 55 47 18 26 61 13 88 25 92 12 61 57 59 83 62 34 26 62 82 19 76 93 7 18 86 51 15 50 47 9 65 83 52 16 33 49 73 64 54 93
11 27 33 44 37 0 87 60 14 70 71 39 96 73 73 39 63 11 69 57 38 10 25 29 26 35 18 72 57 100 26 44 32 12 73 82 90 27 55 43 86 6 71 44 76 10 90 1 93 90 62
30 78 24 15 44 88 0 9 57 53 50 65 24 67 74 17 48 48 41 77 35 75 2 18 49 52 15 8 57 97 9 42 99 1 49 3 18 86 100 37 32 11 15 65 92 89 100 65 4 98 66
86 19 96 71 27 79 28 0 1 15 24 55 14 59 48 83 1 95 88 11 38 75 60 56 74 64 84 96 77 17 82 4 85 43 28 58 84 60 30 91 37 27 93 39 72 66 9 23 28 54 97
7 3 12 88 68 5 97 47 0 14 65 92 54 71 78 84 61 14 69 25 45 94 85 92 47 57 60 26 37 46 72 94 87 74 10 99 78 5 42 42 5 13 49 90 92 19 41 69 2 22 67
14 2 28 99 25 42 13 25 55 0 49 15 79 21 27 13 84 60 51 76 43 21 26 7 57 59 43 79 53 14 79 3 78 52 29 31 16 3 66 43 51 22 4 23 42 88 58 50 40 23 98
63 1 95 62 94 91 24 40 84 52 0 74 44 13 76 94 80 55 9 58 7 39 71 45 7 41 1 74 79 70 86 37 41 42 61 72 33 56 34 79 14 65 8 70 1 64 16 36 81 61 100
9 2 70 1 42 26 82 68 90 46 73 0 67 53 73 36 77 67 4 15 91 31 38 67 19 46 47 9 35 15 68 100 54 6 74 78 47 81 85 90 75 55 55 8 54 59 42 50 86 26 82
30 100 65 76 45 51 9 72 30 99 42 31 0 25 55 43 66 32 4 8 3 92 86 10 70 13 100 16 59 19 19 95 55 57 4 59 59 88 37 73 70 96 67 25 92 56 30 85 12 8 73
53 49 12 28 39 55 41 48 39 65 80 78 3 0 87 99 32 64 81 83 49 72 44 12 16 53 3 60 61 72 100 58 16 51 34 23 99 37 51 97 18 52 59 72 86 53 10 74 67 88 99
91 99 71 2 40 61 84 26 33 75 87 8 83 33 0 35 39 81 89 30 37 99 27 67 86 12 30 67 76 61 54 96 24 27 23 18 72 18 71 16 31 61 31 100 69 65 62 59 8 65 72
84 60 5 91 5 42 91 60 31 62 72 8 15 10 92 0 57 20 63 44 37 13 62 13 55 13 80 81 90 29 96 60 74 92 86 73 76 73 86 82 78 58 66 15 93 57 18 65 81 23 46
20 87 97 97 83 33 47 84 12 42 29 64 9 96 26 23 0 73 24 39 63 53 2 48 18 2 26 78 51 87 55 21 40 36 42 10 62 11 86 85 33 28 48 85 92 41 78 69 65 83 19
27 53 15 82 12 41 73 87 87 54 26 30 95 7 46 81 43 0 81 80 35 85 23 87 8 39 95 71 12 74 97 5 24 94 4 72 95 100 55 59 90 67 39 65 4 12 6 60 93 73 43
71 50 61 58 31 100 66 34 92 82 97 4 89 79 31 55 37 53 0 78 1 10 1 98 57 64 95 90 53 32 37 22 8 31 100 90 14 86 7 31 45 15 88 2 1 1 13 91 10 14 84
67 97 62 80 61 21 84 52 55 41 33 89 84 12 49 76 76 64 70 0 94 100 67 57 14 41 80 84 5 100 19 6 12 50 21 53 73 66 67 41 3 100 28 34 50 7 30 49 16 99 90
25 27 51 81 5 83 73 5 57 64 52 24 18 80 17 16 68 59 32 6 0 30 33 13 68 13 35 57 75 29 47 14 90 10 22 20 51 88 81 83 80 86 64 66 26 41 94 18 29 47 7
32 75 20 32 5 8 97 33 32 6 88 57 38 7 100 14 57 64 34 42 55 0 46 6 4 83 44 51 81 90 79 26 59 44 66 58 48 18 100 82 87 3 93 84 49 91 18 69 63 28 45
22 64 41 45 97 46 90 11 14 36 77 39 65 79 19 78 37 7 78 64 100 90 0 15 1 77 88 13 5 12 90 96 58 68 29 29 99 91 54 75 11 7 52 47 62 28 10 37 28 64 60
82 56 90 32 54 17 16 95 47 65 4 34 25 62 73 66 26 75 31 64 46 39 77 0 2 39 85 72 12 10 84 24 83 66 65 98 84 82 87 1 60 99 11 55 99 68 54 93 59 13 53
87 25 100 68 65 16 50 34 27 50 3 61 68 35 25 81 59 75 43 28 43 64 3 62 0 100 70 48 18 7 40 82 89 94 1 99 81 14 83 84 99 38 15 95 100 85 70 60 78 49 39
67 23 3 75 67 26 23 59 41 25 83 49 1 15 4 78 50 64 82 19 53 43 10 43 35 0 96 2 62 19 83 4 88 12 85 64 41 29 27 32 92 64 60 90 58 85 4 77 39 22 59
45 20 88 75 85 75 65 6 60 32 14 36 72 93 57 38 50 18 92 1 66 15 91 18 32 75 0 19 11 73 41 49 30 72 86 11 73 52 55 91 78 75 32 97 82 9 62 14 94 23 34
71 16 39 68 41 53 96 55 87 23 76 10 98 47 11 68 4 50 28 21 84 28 26 42 91 75 43 0 68 16 72 60 96 55 1 30 22 83 27 83 96 85 58 78 42 21 19 69 64 84 3
15 44 13 19 29 70 5 16 82 58 98 80 40 38 99 31 3 5 18 76 32 88 53 40 52 15 99 49 0 90 93 50 11 39 93 17 20 77 4 87 14 99 92 68 36 32 90 33 98 78 86
43 69 40 45 86 51 20 12 27 51 35 54 24 98 58 14 60 70 78 88 53 80 100 3 83 38 11 22 67 0 78 87 24 54 34 63 49 25 48 71 50 81 70 16 8 40 92 66 78 18 23
7 34 27 18 86 7 85 91 11 24 62 71 58 4 61 31 75 21 14 4 69 83 5 78 4 32 7 85 34 38 0 8 100 97 57 88 40 81 78 16 22 12 29 70 57 8 45 54 31 67 49
85 74 58 95 84 14 19 100 77 54 77 13 88 76 11 7 45 15 5 59 40 68 35 85 23 17 59 91 40 15 17 0 53 73 14 15 21 37 55 99 97 1 69 61 28 13 1 81 22 54 1
23 55 31 73 71 84 32 9 48 79 59 50 85 53 47 8 42 17 92 88 69 99 13 72 5 34 92 40 97 63 15 72 0 33 20 31 80 21 22 10 27 83 92 72 9 28 21 36 72 72 47
54 86 12 78 7 42 96 27 75 28 8 47 67 59 84 85 19 86 45 7 1 62 84 82 10 8 10 40 93 66 38 33 17 0 21 89 57 28 27 52 56 29 90 13 80 11 94 77 27 4 71
6 95 45 78 52 30 13 26 14 44 29 55 74 96 91 61 3 2 63 63 40 72 82 34 25 15 31 25 98 17 21 6 16 13 0 50 60 93 28 77 64 88 19 86 50 30 38 32 97 72 20
98 14 28 12 31 64 27 52 95 72 41 16 54 36 89 39 35 74 84 51 83 78 37 79 61 66 56 58 15 26 36 70 63 97 23 0 47 47 99 89 95 94 63 44 75 19 28 54 47 97 38
54 91 30 92 5 10 34 17 14 97 75 95 24 61 63 71 71 41 62 75 31 35 70 55 93 26 73 60 97 51 44 66 81 40 70 93 0 99 29 85 51 54 22 39 57 67 58 30 71 43 75
80 14 66 62 37 39 22 34 58 66 30 93 92 20 66 36 32 61 8 28 82 34 14 45 68 92 6 31 11 55 3 100 42 42 54 63 80 0 79 17 26 69 66 64 62 36 27 42 48 47 22
67 67 100 99 80 87 48 91 53 69 52 91 27 97 51 4 62 45 2 79 48 83 11 25 52 54 98 72 35 82 75 42 5 2 96 63 94 4 0 38 91 99 80 79 53 91 97 11 71 82 5
45 3 93 84 50 19 69 13 72 89 55 25 60 33 89 25 38 5 42 22 22 36 16 4 49 66 91 84 27 88 43 68 19 99 67 25 65 96 52 0 31 58 76 72 10 67 65 72 28 81 37
54 100 9 89 69 65 53 71 71 59 89 67 97 60 93 80 77 19 12 95 85 4 66 35 48 72 67 36 58 86 95 35 89 71 42 71 66 39 73 55 0 19 54 20 67 35 70 47 33 13 57
76 53 59 16 62 56 42 11 28 86 33 5 90 35 19 21 5 34 10 57 99 26 32 91 13 33 78 42 1 57 66 52 99 73 38 74 72 30 57 12 95 0 45 80 99 91 10 11 21 91 29
54 73 48 60 64 88 50 9 69 84 78 38 44 3 75 77 47 60 69 73 91 66 10 87 81 30 70 18 51 56 62 65 41 21 92 17 60 37 10 10 9 92 0 15 64 91 27 64 26 45 100
8 26 99 2 59 96 72 8 22 9 62 37 76 34 64 83 99 53 96 93 9 69 61 17 4 53 34 18 1 23 37 39 60 87 28 63 18 50 30 90 41 78 72 0 57 57 47 58 1 12 33
64 96 75 5 54 1 69 2 63 35 54 82 39 42 20 62 60 86 98 75 63 20 97 57 77 11 67 93 92 40 12 52 73 35 57 52 87 62 93 24 37 95 71 20 0 34 39 41 69 70 6
94 95 26 50 19 62 45 79 96 40 69 64 59 54 33 9 66 52 49 90 17 6 88 61 52 88 27 59 79 14 2 31 65 7 56 28 18 77 72 18 35 63 14 93 53 0 55 61 66 59 89
79 3 90 84 44 38 94 63 25 2 61 36 48 58 76 83 16 14 20 43 26 11 21 91 19 27 13 71 78 7 98 64 46 55 41 2 41 44 32 61 52 92 69 52 20 2 0 33 63 58 100
91 87 43 87 65 80 31 62 85 98 94 3 49 49 21 48 61 60 71 6 75 38 14 36 93 92 34 27 7 10 76 69 64 4 15 29 11 1 42 66 31 37 83 75 19 68 21 0 19 100 94
54 33 77 13 24 100 10 70 22 82 18 73 23 11 27 80 30 29 71 87 25 94 12 26 63 62 57 80 82 12 20 33 54 56 44 46 45 43 24 92 8 78 59 3 18 4 43 55 0 40 12
29 34 24 64 35 91 16 17 82 42 63 67 15 4 68 84 3 75 94 16 26 68 76 8 61 14 94 33 82 51 1 97 90 37 26 78 42 15 36 71 86 85 85 71 97 55 2 51 35 0 90
98 36 22 1 26 3 20 27 90 11 6 77 29 17 45 1 15 53 75 90 97 48 37 10 91 62 40 78 89 80 15 64 71 8 38 64 42 28 13 89 32 76 36 46 37 31 71 57 84 86 0
