81 49
934 168 504 321 472 177 942 501 989 147 65 365 451 377 151 285 252 773 142 793 867 660 344 157 803 675 341 700 619 141 295 843 726 354 792 632 856 637 39 252 290 738 514 787 198 314 174 388 414
812 465 337 31 634 184 421 891 365 77 124 596 246 241 244 84 619 15 862 393 601 48 457 910 132 923 419 469 433 740 285 729 267 245 930 615 106 147 683 836 581 431 338 785 143 517 713 820 429
785 871 609 155 333 526 725 814 647 4 139 225 103 107 95 127 63 519 671 177 419 468 554 861 807 578 120 916 88 486 297 686 314 862 899 708 537 712 355 378 620 639 828 623 643 43 197 378 73
125 380 987 700 588 624 875 425 14 949 273 669 423 833 897 143 415 331 483 289 811 515 718 277 706 100 527 963 538 318 434 80 311 449 995 347 511 379 426 90 629 266 617 57 511 198 299 954 326
341 794 1000 771 930 245 365 393 368 236 892 506 584 690 185 137 506 798 228 25 575 470 564 432 397 488 440 836 885 318 161 417 982 566 419 99 812 979 826 950 563 107 97 208 997 62 958 232 123
672 482 373 784 611 636 37 113 52 773 169 601 744 702 33 529 834 573 9 917 268 903 263 753 520 383 376 610 122 773 583 649 372 401 153 498 437 862 96 555 951 621 433 992 419 966 876 347 588
579 640 96 540 216 32 935 831 474 702 139 802 840 210 559 535 271 624 656 800 111 619 998 750 115 386 124 813 390 629 830 245 320 147 370 984 289 676 120 411 68 934 595 531 588 854 25 277 101
133 831 641 433 637 70 852 731 406 314 409 360 857 296 716 809 688 735 91 925 96 896 600 980 220 240 327 494 191 540 689 609 605 763 531 386 615 111 710 890 82 717 211 266 355 373 259 418 449
955 648 282 614 635 228 60 171 844 644 208 712 275 240 327 437 568 338 436 519 685 48 556 738 555 480 678 7 447 759 678 987 978 189 659 429 470 689 984 473 52 925 960 893 34 662 82 623 705
202 412 505 829 77 884 346 46 226 258 26 268 915 65 722 391 238 708 422 972 876 701 912 627 78 545 322 237 614 543 72 196 575 279 432 562 898 943 662 739 647 865 768 191 84 944 106 447 717
345 303 249 272 567 958 799 387 942 653 369 613 777 556 555 277 823 960 785 315 352 762 902 258 854 987 44 502 199 991 942 991 262 52 42 474 553 237 562 561 637 383 881 382 413 311 610 617 154
869 620 243 348 378 139 671 47 842 880 396 377 389 848 585 623 96 938 230 847 842 65 162 929 710 81 750 111 813 223 230 275 428 665 999 191 817 349 722 895 806 694 427 171 784 448 238 696 631
941 383 471 425 488 420 229 93 14 745 561 145 884 872 949 409 332 363 924 37 225 183 897 397 34 183 1000 59 692 714 262 189 455 210 338 358 594 530 703 465 323 179 522 65 983 747 462 263 223
874 311 408 75 698 867 810 280 835 340 460 990 465 971 240 565 899 526 797 189 280 906 285 628 951 540 839 537 83 665 354 888 17 941 824 719 24 32 714 53 668 621 109 178 455 172 737 250 661
207 458 947 874 50 941 717 378 659 785 305 724 401 887 786 468 633 311 953 12 636 608 756 598 580 732 982 320 685 358 378 861 616 945 801 20 619 870 491 55 764 97 594 194 148 945 929 342 241
170 12 545 787 41 842 732 16 875 340 801 114 330 633 662 750 437 530 627 89 979 1 523 67 100 263 482 861 932 498 916 934 677 269 758 505 40 153 163 690 575 482 101 224 762 444 878 797 636
892 705 111 369 371 930 955 310 325 15 744 773 776 66 590 68 856 420 850 289 751 95 577 340 210 631 17 289 566 375 183 712 377 828 747 411 166 552 729 211 136 933 520 400 711 163 365 571 761
448 770 689 519 667 23 814 344 981 362 795 484 349 475 927 158 663 976 661 692 552 896 495 131 496 91 167 684 524 606 294 499 879 861 955 734 652 672 705 730 803 320 101 112 213 883 27 591 838
34 780 404 951 692 366 396 84 228 208 882 960 126 288 667 123 15 196 934 958 185 209 466 35 125 499 320 867 163 889 624 293 493 692 287 776 51 252 757 334 655 191 253 701 936 415 901 290 220
583 701 188 470 346 45 515 767 535 103 363 1000 941 172 369 222 751 835 648 438 397 83 216 632 183 361 836 161 422 941 23 136 648 327 531 434 271 655 285 680 592 818 120 902 251 808 268 271 156
578 211 852 988 402 664 755 36 803 772 356 80 343 518 455 676 854 590 65 670 52 519 870 423 476 423 344 623 768 372 701 948 387 924 270 983 909 321 668 187 653 271 358 354 182 412 757 774 608
435 792 825 47 436 611 890 153 819 482 597 808 164 444 973 919 352 139 56 114 247 103 607 718 970 130 441 871 731 614 227 680 628 299 606 45 424 581 428 349 858 353 512 83 8 640 834 828 587
269 308 275 102 960 469 679 489 309 207 318 833 782 398 371 29 85 239 322 271 750 762 869 21 697 478 639 244 661 448 429 96 864 744 557 282 475 496 590 303 578 433 735 936 754 451 587 451 186
409 98 374 228 7 244 355 861 882 158 892 368 82 934 948 393 446 139 184 836 788 318 568 446 691 957 462 692 567 438 602 824 624 73 95 810 312 734 230 442 143 733 157 699 269 916 51 523 291
155 715 424 278 683 946 613 969 597 262 209 845 488 494 24 608 50 472 67 760 631 211 243 82 839 593 499 332 402 176 723 891 455 342 905 473 738 951 274 342 59 133 510 482 499 770 65 485 250
364 149 771 564 653 733 527 570 598 565 547 892 408 573 649 572 335 308 666 310 732 481 40 203 261 205 97 661 739 292 819 541 583 987 806 328 161 3 467 648 871 795 975 374 151 36 67 974 889
541 428 819 76 975 202 353 212 35 39 129 620 472 741 767 245 937 748 255 19 42 104 886 184 50 291 669 488 36 732 272 153 297 683 469 12 832 383 712 476 245 318 403 554 287 105 235 99 938
426 574 535 453 627 720 422 519 444 588 936 163 95 208 25 346 716 657 768 879 108 125 451 229 45 840 121 997 609 62 779 924 147 136 360 433 639 241 643 196 565 552 195 506 698 992 671 221 994
50 788 929 814 892 220 9 429 123 380 791 547 676 451 466 795 897 314 10 434 255 757 415 522 131 164 447 767 245 750 399 986 108 347 481 727 577 339 267 885 40 904 176 41 177 614 248 647 469
355 723 39 996 102 186 784 699 328 462 267 66 193 698 199 588 985 835 12 280 557 513 510 108 793 237 848 41 1000 962 858 369 821 568 401 765 180 299 810 355 683 578 786 53 335 244 693 117 188
437 497 788 532 509 854 202 91 226 188 199 933 732 449 984 644 494 462 53 458 877 165 200 160 208 945 672 761 455 337 643 414 865 386 602 310 829 120 150 665 610 545 816 833 370 239 942 542 161
544 514 325 395 804 404 60 219 274 712 116 25 534 546 251 115 891 838 678 324 57 700 599 513 611 512 481 48 464 552 645 84 692 70 303 459 83 757 274 608 745 89 741 388 417 791 161 584 680
651 927 69 828 137 699 964 438 267 423 914 585 585 989 859 327 294 118 568 239 767 760 371 828 838 198 886 549 221 282 115 948 543 264 230 270 400 503 535 622 308 849 604 646 541 628 67 843 206
596 277 699 940 23 254 598 61 997 361 630 768 834 385 309 236 202 338 890 205 472 325 215 864 898 330 9 440 708 960 293 225 87 128 700 570 878 768 562 752 253 43 841 933 751 885 245 919 674
605 844 372 161 859 612 476 438 232 408 671 769 69 137 733 530 964 845 692 839 731 654 884 434 679 465 991 83 76 850 636 717 834 9 802 439 268 467 409 281 771 607 437 657 655 186 412 449 837
378 254 31 771 636 21 457 248 395 714 938 122 662 982 918 887 564 362 342 277 574 878 216 493 377 486 406 481 438 387 433 431 472 757 217 845 810 294 860 468 802 522 602 570 494 379 96 575 601
16 505 641 138 229 181 211 314 270 692 856 464 678 348 941 210 452 971 701 410 452 577 38 563 260 292 320 766 981 98 870 373 921 941 925 363 364 150 593 983 442 905 687 211 968 640 717 365 367
94 126 137 675 299 626 33 123 239 593 66 56 165 136 972 760 501 84 365 644 206 476 11 893 126 875 125 638 711 298 572 779 649 381 267 111 566 836 224 787 741 833 222 186 318 433 944 49 927
203 876 628 145 166 682 556 98 368 688 460 687 272 764 83 766 173 580 180 974 23 797 336 419 259 6 742 130 141 400 976 229 814 44 935 939 468 257 321 383 129 569 854 667 291 127 187 66 706
184 245 231 505 691 927 581 356 293 191 739 248 45 914 123 480 249 344 1000 419 492 258 570 842 780 104 304 31 196 767 88 386 971 407 853 333 926 363 182 303 505 978 271 774 901 410 871 21 903
276 661 77 701 946 975 696 790 245 872 128 348 340 749 478 672 14 5 391 339 704 555 161 965 523 897 43 524 964 794 186 561 551 876 624 266 518 25 846 832 154 73 707 390 901 517 493 493 294
458 3 597 83 727 477 668 205 189 203 380 821 99 779 837 533 963 286 863 113 797 850 401 659 509 826 651 382 371 624 636 651 384 749 393 311 272 704 83 470 584 834 500 656 196 883 805 905 317
149 415 983 46 405 116 908 362 690 169 971 836 342 171 80 227 257 858 288 575 853 470 96 20 861 565 929 314 22 271 72 294 791 958 68 225 437 773 57 739 791 979 545 924 913 84 714 631 147
325 907 403 385 954 520 399 310 581 316 689 993 469 950 243 234 465 573 290 838 943 805 404 37 838 371 22 13 916 965 448 304 197 994 638 856 97 97 563 746 96 622 740 576 500 31 638 993 451
957 125 827 472 13 114 577 117 686 695 815 455 965 987 538 870 923 741 333 952 769 102 589 881 882 352 398 624 838 261 327 433 984 421 49 98 221 47 381 365 612 203 82 137 845 506 750 5 794
611 36 778 186 323 180 228 316 968 256 989 601 698 842 814 538 935 931 219 377 665 286 153 771 565 875 566 258 195 424 605 281 757 986 941 721 991 137 998 289 385 177 39 426 371 445 974 624 70
654 773 692 11 89 829 342 530 910 554 256 689 748 563 230 815 171 252 642 404 225 42 580 287 478 890 230 643 251 198 469 503 917 213 891 89 560 910 298 326 750 57 891 888 55 82 628 485 298
418 224 72 993 268 89 902 434 89 576 102 442 337 885 710 613 415 642 223 760 135 441 132 432 742 583 852 123 30 848 58 675 69 329 133 731 729 372 809 834 50 622 169 821 372 141 182 705 559
733 305 102 293 434 337 919 159 263 642 229 580 325 362 955 751 911 321 509 868 554 685 682 400 970 94 384 170 496 84 14 249 375 788 748 635 510 105 863 774 120 405 42 663 983 707 62 934 943
431 817 570 958 213 468 526 169 67 423 215 786 4 559 417 310 226 488 189 130 375 381 377 46 536 852 68 858 535 55 500 789 979 701 238 284 270 615 577 287 763 694 760 783 202 641 298 628 553
644 368 139 584 77 882 109 201 784 110 522 379 643 190 764 554 91 101 505 52 237 5 128 762 993 832 492 193 704 306 918 84 870 935 740 816 546 22 784 627 267 481 4 874 389 480 913 278 273
65 79 530 434 623 599 356 108 668 740 589 879 323 791 607 569 455 634 618 425 273 676 299 719 378 395 481 458 926 728 45 18 209 468 613 259 145 465 109 403 167 131 516 498 83 717 966 960 803
784 955 213 71 829 387 394 212 68 156 53 260 565 674 385 534 316 873 852 600 914 34 186 789 814 576 102 76 530 909 73 215 938 414 643 620 695 24 654 844 41 78 747 693 764 544 604 535 889
217 848 871 326 701 429 51 552 325 119 659 971 137 911 288 964 369 527 580 118 759 833 805 272 796 855 695 928 342 206 77 697 354 772 164 800 916 200 108 853 609 520 412 884 725 717 33 402 981
500 107 901 963 694 636 429 258 758 437 983 677 298 686 432 88 235 842 293 194 687 237 625 326 966 915 385 341 121 367 297 409 838 12 281 664 472 971 66 315 100 954 555 234 798 797 568 702 530
4 457 579 174 641 665 304 572 668 173 725 798 5 76 959 522 333 222 90 357 633 53 524 396 683 488 330 93 759 799 529 676 920 384 435 129 621 728 901 815 539 277 185 240 311 304 740 779 424
488 525 120 519 689 601 170 525 868 400 907 159 24 605 454 656 462 871 485 715 842 111 354 948 53 893 987 978 999 27 822 242 722 638 964 915 722 989 203 650 41 607 356 194 527 325 707 513 134
673 564 154 499 2 50 466 745 437 906 825 71 602 7 376 602 64 991 489 413 381 491 767 692 269 316 123 697 910 224 712 69 343 131 331 440 67 898 27 356 454 995 321 20 914 649 204 810 462
228 996 141 236 133 312 505 454 406 654 353 36 776 823 119 748 566 485 852 894 399 841 899 179 169 981 104 282 449 995 31 238 815 848 174 424 581 153 396 100 752 416 859 682 904 107 672 244 514
321 684 999 12 465 731 8 984 138 913 740 34 57 652 971 516 682 109 747 409 926 576 965 765 468 827 333 211 56 164 235 121 157 314 977 230 632 373 217 52 178 26 445 113 250 359 218 735 917
341 889 842 474 834 731 537 791 974 337 534 265 38 13 233 588 172 745 441 984 488 930 457 564 671 976 873 721 562 21 211 541 690 471 62 275 350 892 369 924 31 601 437 148 683 463 228 315 693
59 464 174 918 120 203 313 605 834 622 244 834 146 54 183 224 593 137 19 672 259 199 119 218 818 283 100 647 508 631 37 298 586 175 806 181 629 495 512 151 839 454 422 883 371 563 295 180 547
734 128 988 836 880 997 548 320 820 508 181 719 847 375 766 187 747 148 439 455 287 450 521 130 851 666 64 694 558 792 969 536 754 716 501 267 648 529 264 150 509 682 587 22 422 284 389 297 440
100 272 825 8 29 888 16 545 469 902 406 516 342 451 693 625 900 400 461 435 64 2 81 250 856 955 204 386 368 59 209 193 409 174 351 750 980 622 717 573 612 33 191 727 53 886 805 814 965
337 973 29 325 30 604 854 827 178 934 814 872 949 639 235 905 187 629 669 628 810 421 562 609 917 118 620 386 447 693 117 289 444 974 131 804 265 36 974 199 116 62 877 31 662 487 81 382 388
207 394 360 517 419 869 153 270 109 991 297 169 761 699 661 212 982 959 242 182 669 421 184 100 954 253 50 626 700 144 750 453 2 935 821 340 963 481 680 263 890 508 492 352 973 19 404 671 816
590 738 521 907 240 146 176 453 881 971 477 162 659 475 250 80 665 38 652 851 419 986 94 720 367 850 457 820 698 668 199 969 308 545 111 689 930 345 674 650 28 457 572 151 942 346 334 655 741
863 881 725 775 83 965 419 628 828 559 955 844 992 512 259 334 658 834 548 312 297 247 463 948 582 322 405 79 887 582 922 53 885 437 869 376 878 904 591 592 232 374 221 148 443 528 195 566 570
609 359 541 110 922 712 244 190 939 473 640 734 798 629 758 875 734 496 851 969 829 320 77 193 362 111 686 979 97 270 706 692 205 375 286 195 745 303 888 733 596 910 77 555 218 85 853 838 439
98 371 143 902 235 872 444 160 933 8 202 329 719 36 124 676 896 478 366 734 106 188 608 176 977 963 450 510 484 916 57 468 183 868 939 328 170 326 700 811 794 627 222 610 50 586 798 201 222
338 841 710 91 755 571 203 262 381 487 37 792 497 96 386 666 324 850 607 723 849 94 495 187 885 609 736 795 894 320 960 4 973 993 341 816 131 465 825 912 872 606 140 587 126 632 668 816 596
945 871 641 175 717 761 868 82 288 985 551 382 123 189 174 604 763 446 524 55 270 455 908 456 826 679 411 977 404 486 445 330 538 755 808 634 510 252 264 973 823 695 200 396 149 501 514 363 105
7 771 339 55 464 718 520 769 130 483 333 241 708 540 458 514 745 12 896 19 716 308 435 210 687 948 918 257 555 610 309 56 370 490 795 63 408 106 548 773 464 160 461 314 659 962 184 653 531
714 131 339 437 612 951 661 245 405 111 380 644 291 671 476 332 867 171 354 28 435 233 627 118 468 63 355 798 987 862 887 734 540 473 671 948 659 806 963 989 97 306 361 346 264 172 929 656 964
215 469 647 309 555 711 688 140 950 697 273 578 843 564 749 784 604 189 236 638 508 466 202 540 357 773 843 582 416 722 116 903 28 51 53 654 709 638 938 317 5 551 873 844 73 711 70 737 162
297 161 809 268 581 865 256 603 771 18 33 304 677 674 338 724 849 498 647 188 658 960 282 194 186 608 108 76 646 915 99 285 350 312 823 658 503 918 682 264 391 924 100 672 740 191 248 684 970
403 695 171 215 813 743 328 397 757 759 769 355 281 914 259 80 252 973 27 805 453 879 207 478 852 220 851 293 215 958 336 162 235 840 423 619 614 496 643 692 417 177 460 876 819 946 247 716 433
223 738 244 433 538 326 291 246 661 510 818 406 894 596 758 574 975 683 265 287 353 783 252 290 326 336 19 671 344 541 621 979 1000 876 142 824 222 344 562 982 162 4 265 935 510 252 586 112 144
380 165 340 87 887 600 211 777 193 517 183 206 296 519 599 757 365 640 116 425 641 416 840 680 770 956 279 592 117 544 190 526 781 434 488 821 905 277 960 863 596 278 584 570 150 999 960 418 904
870 210 503 45 609 937 355 524 768 522 90 713 502 859 742 411 198 361 846 432 294 293 739 869 706 726 111 26 488 138 298 786 588 637 666 48 408 757 582 740 337 572 87 29 504 596 20 369 579
937 424 592 408 559 282 983 781 765 801 104 215 457 618 654 734 251 672 342 201 790 198 169 235 16 123 454 649 779 275 100 518 884 174 205 822 873 712 575 315 984 100 532 103 714 429 665 319 86
0 95 23 16 70 30 45 81 56 79 86 85 18 72 76 87 80 97 71 96 80 36 100 52 52 93 26 81 12 41 74 21 55 13 27 26 72 4 4 73 34 49 35 73 12 98 20 66 64 15 58 59 86 67 23 100 1 50 78 84 91 56 78 94 18 29 58 99 100 14 51 98 63 31 15 56 38 47 60 71 83
34 0 2 2 9 61 51 14 59 9 16 24 52 62 100 76 66 39 80 82 47 60 58 59 26 12 64 11 27 84 9 50 22 36 12 41 8 46 89 4 73 57 48 58 22 84 53 73 97 3 29 59 91 43 36 54 77 52 36 52 75 72 11 19 84 67 34 9 48 5 44 32 85 90 2 57 85 70 20 14 97
58 98 0 10 59 15 33 85 86 31 69 66 42 17 57 74 83 94 69 9 16 46 61 63 73 40 42 82 86 68 94 23 71 19 89 48 72 60 59 53 10 85 41 47 33 28 75 98 53 57 65 54 72 91 43 42 34 92 44 15 3 25 46 57 23 45 39 89 76 17 63 18 9 66 30 11 51 56 59 85 23
1 38 11 0 84 42 55 51 11 4 88 95 50 62 53 73 32 90 72 52 46 23 15 37 22 19 35 26 64 39 70 53 93 84 85 49 81 19 33 79 98 62 10 48 91 98 47 10 91 41 97 21 62 73 91 31 95 3 79 97 72 66 23 35 35 44 24 19 2 36 92 6 25 17 74 90 84 82 27 91 76
27 60 5 24 0 33 30 79 18 38 92 36 88 28 47 20 48 64 16 93 83 63 60 87 93 69 5 69 51 26 45 36 91 46 46 15 93 16 37 84 28 56 13 25 83 3 41 94 37 48 26 60 4 68 26 84 90 42 85 62 51 45 2 68 80 63 60 3 4 33 27 66 44 65 26 79 77 44 78 46 42
68 12 35 82 89 0 74 60 23 100 15 37 97 8 18 57 82 87 8 6 62 86 25 80 44 13 66 83 63 62 33 84 83 56 100 63 64 92 11 86 18 95 100 1 36 47 20 65 38 1 92 55 17 32 11 16 58 97 11 87 56 86 44 96 20 13 36 83 62 21 29 80 41 60 22 78 96 46 85 37 44
93 22 91 15 70 12 0 72 55 79 44 39 44 44 43 81 32 17 34 11 5 45 2 72 89 98 62 60 69 80 64 78 16 71 96 49 84 17 52 90 55 57 85 45 55 3 91 29 44 58 36 8 16 4 15 83 89 53 13 40 91 13 69 34 85 88 16 38 78 65 36 92 73 42 74 4 78 84 100 63 80
7 36 9 55 10 39 13 0 87 65 5 78 31 43 34 58 17 50 48 97 35 93 47 75 3 14 95 85 44 99 97 86 72 16 44 83 10 34 79 87 81 42 72 37 16 12 68 38 6 87 30 98 74 39 31 87 15 78 16 6 17 87 42 35 27 17 34 61 86 13 74 83 48 80 40 65 51 68 66 98 1
49 32 70 51 36 85 72 6 0 8 69 43 2 53 8 47 74 26 25 43 22 87 21 5 16 72 23 79 46 33 94 5 37 18 97 76 23 15 43 14 11 10 86 27 50 81 7 16 57 68 88 18 6 51 87 83 77 57 3 10 31 69 32 29 28 6 40 60 53 54 69 68 64 87 95 62 29 54 26 39 40
94 53 69 87 38 10 68 46 50 0 38 50 82 24 1 24 84 43 39 35 33 13 74 12 23 83 96 41 59 21 74 76 95 71 19 37 12 23 38 67 16 41 79 92 69 92 76 84 10 38 69 9 4 6 67 33 45 22 13 39 97 90 66 63 69 33 86 17 17 59 44 14 3 38 5 99 78 31 66 63 30
48 82 36 24 7 19 22 78 44 39 0 80 86 32 82 96 7 16 86 33 6 26 44 79 35 95 18 48 16 81 51 19 71 76 86 74 47 96 11 20 38 9 72 5 74 12 20 90 93 34 66 18 68 12 85 72 95 53 13 54 11 92 94 78 58 93 69 55 1 43 86 68 68 38 69 13 61 34 54 43 39
96 48 27 82 16 23 15 36 81 86 74 0 20 6 71 53 80 81 58 46 20 22 61 44 89 62 42 29 8 1 96 2 8 83 23 37 76 79 3 37 15 98 96 38 18 47 15 20 90 88 99 11 86 17 63 69 9 24 60 68 94 98 27 46 82 86 71 83 59 28 93 22 1 60 53 65 57 60 30 59 31
56 47 39 14 78 89 51 36 90 97 87 84 0 45 6 12 59 1 88 6 61 16 88 74 49 39 96 96 98 65 63 25 73 47 82 61 41 27 2 90 9 96 47 89 72 9 14 45 88 40 54 53 45 11 29 93 37 7 69 78 52 10 71 32 98 91 56 70 25 44 71 74 70 60 60 94 64 43 70 39 52
39 85 52 32 24 63 23 75 93 24 48 23 78 0 9 3 88 54 33 45 4 14 76 78 5 3 73 43 35 90 47 99 21 34 65 12 48 20 95 99 93 87 81 72 83 62 86 5 4 91 46 42 30 13 36 76 35 6 3 39 82 7 37 1 17 42 66 100 68 71 68 75 31 91 52 41 65 73 49 36 25
94 57 2 41 93 23 38 59 76 8 38 100 98 23 0 57 85 50 93 28 8 81 31 45 71 92 81 24 76 89 11 42 84 51 67 92 63 89 82 34 75 65 62 37 9 83 14 54 37 22 20 81 96 33 55 51 99 46 52 68 36 63 23 52 58 79 72 1 23 26 37 42 69 53 7 24 97 13 21 82 52
90 8 2 45 7 9 31 88 37 1 2 89 82 42 34 0 92 69 100 92 18 55 63 55 2 60 29 57 65 29 8 24 91 42 45 12 2 45 100 50 2 33 8 5 32 100 84 8 49 68 67 73 30 26 89 86 82 31 63 15 84 10 16 59 22 30 91 86 55 41 33 32 1 31 81 9 24 94 19 58 36
78 6 73 1 97 22 77 28 8 80 39 70 69 33 21 61 0 71 27 77 25 19 64 13 44 85 80 43 5 15 74 72 48 14 7 76 15 44 35 65 37 29 90 71 3 38 82 48 24 67 15 36 87 85 28 97 84 93 90 74 48 8 55 98 50 45 43 68 58 84 99 78 98 89 36 38 20 45 84 25 90
36 28 79 49 77 77 88 53 98 1 11 80 17 30 80 66 5 0 51 47 80 57 67 63 64 48 98 13 60 45 18 44 89 97 3 3 64 27 72 34 43 100 22 25 69 22 97 89 15 75 45 41 52 26 98 38 46 10 35 35 71 31 1 1 75 6 2 99 78 25 89 70 86 100 1 88 47 2 37 11 55
88 43 33 22 85 41 6 83 75 53 5 74 94 93 28 92 76 31 0 20 29 5 47 46 17 28 99 57 35 86 84 60 8 87 11 59 7 83 11 22 6 68 99 42 88 75 84 53 90 69 8 29 37 71 23 92 45 78 38 27 12 73 54 5 11 92 51 88 82 43 13 59 28 8 77 6 69 18 77 48 47
87 11 62 60 37 4 38 6 16 72 27 38 4 86 39 40 95 13 55 0 79 83 19 26 53 35 91 38 49 94 26 100 64 32 46 40 84 36 38 42 64 84 99 68 10 83 85 20 66 17 35 12 99 92 36 77 88 85 81 26 49 48 71 79 17 70 75 58 16 71 91 29 10 49 12 98 35 9 30 89 78
96 51 20 9 73 84 85 27 30 59 12 28 16 49 19 78 44 44 1 89 0 24 24 23 45 84 44 22 25 23 46 66 76 86 15 30 5 55 64 14 100 42 41 50 22 1 76 2 86 15 75 28 89 48 36 40 74 39 93 59 24 33 60 86 68 93 98 39 19 2 24 32 92 49 55 56 16 72 27 98 51
49 67 79 58 27 41 100 22 20 49 62 37 38 53 91 94 59 55 54 48 53 0 83 91 2 8 13 28 45 85 23 24 47 63 47 19 36 16 47 59 8 73 95 42 51 55 100 16 77 99 72 8 7 49 41 91 60 6 23 45 33 63 75 92 86 90 89 19 97 8 15 89 18 52 62 91 14 4 6 4 10
66 12 88 8 98 48 7 12 43 21 64 20 55 79 82 98 81 84 16 83 66 36 0 33 53 84 12 70 51 52 83 41 41 86 54 94 43 83 9 61 51 35 79 55 23 5 65 58 21 100 72 77 61 87 79 69 89 53 24 91 33 4 70 61 70 29 88 19 53 45 14 3 61 6 1 82 21 44 58 48 56
35 29 54 48 83 84 91 22 68 41 48 32 16 91 69 81 17 93 82 9 60 79 79 0 53 100 76 64 90 97 85 36 91 14 10 12 86 2 86 100 12 59 53 27 44 35 67 30 37 88 65 36 63 59 71 15 85 18 74 97 10 4 43 97 26 86 13 58 13 99 81 13 54 28 63 36 42 82 54 38 23
65 44 63 68 19 51 36 59 87 12 46 22 28 23 9 17 94 33 69 68 7 66 68 33 0 34 91 74 25 56 87 98 31 97 78 58 83 56 95 6 40 59 2 98 93 50 27 46 87 89 82 24 32 65 33 78 17 68 88 13 25 23 14 70 1 22 99 43 12 93 42 53 88 34 69 41 100 17 7 62 41
13 28 28 72 26 77 63 49 17 56 38 10 29 65 5 64 6 19 22 7 31 96 97 70 52 0 43 48 9 31 4 91 47 73 15 84 16 90 67 11 91 66 86 80 73 2 65 25 37 95 98 63 73 86 86 86 64 85 98 87 38 62 69 54 80 54 23 8 80 12 74 5 33 100 66 11 77 87 52 93 8
51 40 83 13 77 11 28 40 82 36 44 2 46 87 19 90 58 60 65 17 82 63 59 96 36 48 0 92 95 92 74 84 29 89 41 90 96 53 88 22 10 61 27 58 82 32 54 18 51 27 26 10 30 77 45 64 72 97 28 71 1 93 26 48 60 9 29 39 68 45 13 98 36 60 13 38 5 48 89 79 16
3 34 27 99 56 89 3 4 74 38 42 49 45 45 19 56 79 12 50 63 15 37 50 41 86 32 18 0 23 2 100 54 89 28 34 25 36 89 2 29 30 49 18 52 58 45 87 22 70 56 98 40 32 81 37 23 72 71 82 21 20 29 92 14 9 13 91 55 86 60 57 63 92 62 80 14 37 48 86 61 30
10 84 100 3 99 84 98 34 75 5 40 53 26 41 93 45 98 97 14 56 59 41 79 66 71 4 78 16 0 51 37 68 96 47 24 98 13 10 62 37 10 51 51 26 81 40 14 54 50 52 44 9 11 60 75 90 18 14 86 99 61 66 30 43 91 62 3 87 85 86 89 17 58 45 10 76 76 88 52 80 41
97 61 45 33 24 63 68 15 33 11 58 52 65 61 26 5 7 53 22 15 55 66 74 48 71 85 81 66 74 0 58 24 21 75 2 45 40 78 88 45 12 74 25 10 91 15 19 85 24 2 67 92 100 76 67 44 65 68 27 9 24 54 25 55 36 33 96 85 83 63 94 13 70 80 97 92 76 33 72 76 88
80 43 48 83 90 24 2 65 80 14 37 77 91 92 19 76 19 16 98 51 58 2 55 69 35 63 35 50 34 79 0 22 79 91 51 66 88 56 13 18 88 63 81 56 53 45 40 9 3 29 68 19 83 89 52 73 8 35 64 87 22 51 72 13 11 45 73 99 27 83 92 31 77 74 56 51 77 78 40 81 29
63 50 21 19 86 47 86 16 1 70 25 7 88 57 63 73 9 46 98 37 47 76 12 6 31 55 25 28 72 69 46 0 72 57 96 67 99 53 80 93 42 91 98 92 93 48 71 65 85 39 55 92 89 83 83 59 13 8 54 26 50 16 23 46 6 40 100 89 83 72 82 55 91 43 21 65 28 60 68 36 27
75 63 80 39 89 1 30 30 56 96 51 39 69 25 12 40 91 36 80 28 61 81 21 10 56 53 47 76 8 20 50 95 0 5 93 79 44 82 75 10 43 39 23 91 64 40 19 3 46 18 86 75 5 96 23 89 70 26 40 46 54 75 30 76 36 62 51 92 14 25 81 51 82 21 70 87 76 69 30 81 76
17 80 31 99 50 97 20 18 1 76 27 25 30 63 14 55 33 47 15 87 20 10 73 85 62 13 2 47 47 54 64 89 40 0 44 67 5 71 82 14 19 98 75 2 30 81 58 3 96 85 67 93 39 95 30 64 57 47 68 4 54 51 98 10 11 7 57 79 67 75 48 7 89 39 7 77 83 79 88 61 98
32 26 37 16 80 26 40 1 86 31 34 32 85 18 41 92 39 2 76 49 61 19 27 15 42 6 14 42 81 45 75 39 41 79 0 91 96 9 6 37 84 65 95 64 25 96 24 94 77 51 53 45 11 14 48 53 39 98 82 33 99 63 100 76 25 53 28 96 87 75 37 26 81 39 30 88 9 69 77 1 93
42 41 79 58 13 54 19 11 31 9 25 88 96 21 90 89 22 64 56 35 9 4 65 5 88 57 88 21 16 47 58 5 62 46 93 0 49 36 18 87 8 17 62 18 79 69 9 71 47 82 59 73 78 4 82 100 16 16 48 40 40 8 30 16 70 63 87 43 25 60 92 75 77 64 32 5 31 78 7 68 74
31 65 1 79 16 8 77 61 64 75 11 90 62 61 77 58 35 38 38 4 72 67 17 48 13 5 5 69 10 72 86 72 35 89 84 18 0 68 85 6 2 66 83 13 39 94 37 40 49 31 70 57 92 22 11 66 51 46 36 2 91 94 16 39 99 17 33 33 80 73 62 4 57 12 90 23 24 51 45 48 85
16 83 1 1 15 45 22 31 29 17 25 39 38 6 56 28 34 4 52 20 6 30 75 47 61 57 72 64 2 50 27 16 9 73 65 97 30 0 65 21 96 89 36 85 40 5 55 76 86 24 58 14 98 61 46 7 8 9 1 44 60 46 68 83 39 46 80 82 6 60 90 43 70 86 60 67 35 60 98 93 11
20 43 62 42 84 42 40 91 60 56 60 70 1 70 49 86 99 16 35 79 17 49 8 32 29 31 14 55 38 68 78 33 91 27 21 9 19 72 0 26 37 42 51 99 84 96 72 54 65 52 25 52 40 29 57 36 47 16 76 99 40 29 4 79 41 100 54 2 94 4 87 97 42 96 75 66 21 38 47 84 35
85 87 66 38 51 19 11 63 45 23 53 78 91 18 23 15 83 40 41 41 88 25 28 50 33 42 56 10 49 67 16 21 19 42 48 60 95 38 56 0 60 70 8 44 2 92 36 64 34 52 30 79 71 66 82 57 73 28 78 46 22 66 71 45 15 65 2 22 26 55 83 45 90 53 55 21 71 5 44 64 68
15 34 63 91 56 48 90 98 99 37 91 61 69 87 73 13 47 48 37 85 25 21 88 72 41 8 91 21 98 22 40 83 29 77 2 85 7 20 37 27 0 93 81 55 15 5 92 11 90 9 6 77 83 74 57 74 11 54 59 34 88 31 19 28 28 100 27 83 77 15 52 12 38 67 56 91 17 66 50 78 24
55 13 88 51 21 86 88 87 41 41 79 49 23 26 20 50 94 24 11 24 91 4 72 91 35 28 46 22 98 32 72 85 29 57 68 94 55 17 76 56 44 0 84 30 43 7 32 72 79 14 17 80 97 48 27 73 60 7 8 37 26 99 7 23 34 68 3 9 70 56 82 43 77 93 97 93 2 2 85 24 33
60 24 89 16 57 86 51 35 33 91 83 69 38 34 37 42 2 57 14 57 55 36 93 11 43 4 75 75 89 80 8 17 4 6 43 50 51 28 86 33 55 95 0 4 24 74 58 68 71 29 8 47 58 77 99 1 74 98 41 61 89 32 53 43 75 35 80 76 2 2 94 38 2 4 87 5 14 12 54 57 3
24 57 45 10 38 68 85 82 30 25 69 80 78 61 91 31 31 72 28 16 98 51 58 50 1 87 1 23 68 87 92 3 31 18 51 63 21 27 48 34 91 90 39 0 96 80 60 47 100 90 27 90 76 50 92 32 64 12 95 77 32 50 28 49 35 3 69 42 76 47 95 85 48 98 73 41 10 10 57 18 31
11 58 2 7 39 64 86 98 58 94 48 52 61 54 16 78 46 20 41 73 91 1 6 42 81 35 82 37 4 33 65 12 42 35 21 40 48 68 82 6 32 42 66 75 0 77 37 1 85 34 33 100 23 47 100 45 89 6 18 11 73 65 87 28 15 75 32 30 67 82 40 34 36 41 66 100 77 32 47 71 21
73 98 100 73 45 25 87 53 92 51 90 19 85 79 40 51 30 8 33 16 77 35 51 46 45 10 21 87 64 7 76 87 77 21 88 71 65 79 52 73 67 39 11 6 70 0 67 95 18 40 42 91 4 84 65 1 86 60 90 34 64 10 55 94 54 53 16 73 69 56 55 33 34 71 88 69 66 42 32 13 6
80 12 27 26 60 83 12 41 82 86 82 80 37 48 79 41 45 17 90 32 98 44 60 52 33 28 84 55 45 5 44 95 89 60 90 15 85 9 36 79 64 58 13 68 58 93 0 17 31 90 79 19 23 15 91 25 19 7 61 92 10 69 16 59 59 57 64 23 29 6 66 97 96 33 38 72 27 53 18 41 37
18 49 81 94 38 15 74 83 35 77 75 70 40 13 10 13 71 7 55 82 88 3 67 32 24 2 98 81 85 52 99 75 39 49 99 6 20 37 50 75 56 63 98 83 22 5 4 0 20 4 21 41 73 39 23 58 26 15 62 44 14 47 99 23 64 4 50 98 90 100 32 8 88 6 54 51 14 29 91 51 41
2 61 17 83 75 18 97 59 93 39 69 91 11 46 33 30 5 76 5 6 8 69 50 86 97 28 9 94 59 64 25 39 71 89 12 59 15 34 34 3 11 63 38 59 68 86 9 19 0 66 98 100 42 26 40 54 13 5 72 21 27 36 64 59 28 97 32 81 13 87 92 59 81 11 7 81 98 59 38 3 32
51 46 60 51 62 68 94 96 31 17 18 85 18 2 45 78 26 6 85 69 84 23 5 91 70 79 1 36 7 79 86 72 25 23 1 20 89 65 44 1 53 29 76 61 19 26 60 66 89 0 75 39 16 38 24 36 67 45 8 3 14 82 68 72 41 26 85 77 1 23 12 69 14 93 19 32 42 99 13 14 36
63 63 63 56 21 42 32 14 63 100 82 23 14 54 75 13 4 64 62 10 15 77 65 28 34 15 94 24 47 71 55 92 38 94 10 28 72 71 89 95 72 20 43 92 47 45 1 69 50 24 0 40 40 27 35 68 78 4 53 20 75 75 15 21 5 27 8 83 49 24 43 15 72 100 53 20 95 46 23 72 41
4 93 94 34 68 95 34 62 51 21 44 88 67 58 79 25 27 33 79 45 25 75 10 95 40 93 76 2 75 95 77 9 7 87 32 41 73 96 59 50 44 86 2 42 30 23 56 18 13 53 29 0 59 66 90 26 25 74 53 60 4 98 95 64 80 25 58 79 11 92 15 94 7 17 14 73 54 61 59 30 88
45 56 65 79 32 25 58 26 20 58 35 42 98 47 1 71 15 30 94 38 58 67 45 92 20 24 57 74 7 97 47 69 55 98 84 14 63 52 44 98 53 10 70 95 48 44 88 50 66 75 53 41 0 78 49 58 3 28 84 83 88 86 50 49 87 55 59 77 6 14 74 54 84 5 39 60 79 83 2 33 41
93 2 25 21 57 12 7 82 29 51 90 7 67 1 86 55 2 19 69 90 2 44 54 73 92 12 33 2 1 52 23 51 80 49 90 93 79 25 38 86 67 87 39 12 5 39 75 41 54 23 67 51 38 0 13 90 65 78 36 18 89 11 19 68 50 3 53 14 17 83 67 48 83 46 85 65 89 70 32 8 13
37 53 23 27 91 45 7 80 51 93 86 3 48 6 34 16 87 94 67 61 94 7 57 13 19 13 32 64 99 38 49 95 78 66 54 49 1 14 33 98 88 69 37 32 78 38 55 94 42 81 29 18 48 85 0 53 19 13 7 1 41 43 84 30 26 21 18 15 81 64 61 100 18 36 54 36 84 6 10 25 67
50 20 23 43 20 4 52 99 99 11 47 66 76 48 91 15 58 98 55 19 15 41 32 25 43 27 87 52 87 83 81 89 10 60 57 100 43 84 62 19 47 37 31 77 47 18 59 98 38 84 1 52 91 75 61 0 55 89 56 37 19 98 4 11 38 34 86 48 97 1 78 71 63 81 86 64 1 59 19 36 86
79 65 33 99 43 2 78 68 10 88 90 37 39 2 35 11 74 16 19 3 77 94 94 77 59 84 10 51 78 3 56 37 71 50 52 81 16 24 97 39 50 1 6 11 49 64 1 16 38 64 19 9 8 83 89 3 0 58 36 46 18 21 13 77 89 49 25 9 80 34 45 1 33 38 50 86 44 46 3 65 80
70 20 3 39 78 46 14 18 35 95 63 2 35 98 69 43 69 100 49 46 53 30 61 66 36 19 98 40 63 86 47 81 87 58 55 86 70 82 87 54 45 31 58 71 41 25 37 98 75 61 71 27 76 86 42 90 26 0 24 61 19 87 14 47 69 84 40 32 1 13 12 70 27 32 86 70 17 71 27 69 24
35 10 28 29 79 6 68 69 15 13 43 90 36 59 96 73 89 96 97 20 22 67 96 88 16 26 43 61 24 35 81 55 30 46 19 46 44 18 80 70 27 34 85 28 66 4 40 12 26 80 83 31 7 24 33 47 29 69 0 22 10 73 78 61 60 91 12 52 89 17 9 96 58 59 23 78 69 51 85 13 64
91 78 69 27 57 10 41 6 27 13 10 1 74 47 57 39 29 62 8 14 3 27 32 5 33 88 70 18 21 51 24 51 44 29 35 63 95 74 16 77 55 48 40 52 34 19 1 40 22 91 30 58 5 61 70 35 3 97 82 0 2 76 62 10 42 86 92 86 83 59 3 66 54 83 12 83 9 38 65 45 58
81 2 54 76 4 75 57 55 16 58 89 41 18 1 73 61 24 89 49 68 14 70 83 3 61 79 19 84 74 58 68 2 75 73 17 36 100 44 89 63 67 75 24 35 37 41 50 7 69 35 53 85 76 74 2 94 36 43 65 83 0 17 14 12 96 98 19 7 7 28 85 21 85 75 72 46 97 41 61 73 58
19 98 57 70 20 56 1 17 72 38 4 64 20 32 15 92 32 40 2 11 73 89 91 50 41 49 19 54 28 82 41 40 26 1 33 11 67 64 22 96 66 47 13 98 67 28 42 30 59 35 85 26 59 97 29 45 14 67 72 6 48 0 27 64 74 32 34 98 13 24 41 14 13 88 6 59 10 61 55 17 41
17 42 93 88 37 36 92 44 27 56 56 53 61 29 25 16 70 84 32 11 24 15 30 38 24 30 31 50 47 65 24 58 49 84 16 39 92 87 77 33 54 5 84 8 92 3 99 25 69 11 49 57 71 100 80 48 57 9 88 24 56 73 0 43 81 12 49 69 65 16 65 94 97 57 19 79 94 17 2 40 42
56 39 31 84 24 69 29 7 75 58 58 51 46 3 38 82 4 37 1 25 36 43 92 7 91 60 42 40 56 57 98 15 91 4 82 15 97 24 61 7 98 85 2 48 3 85 33 60 30 28 43 4 53 73 83 29 60 17 36 40 100 89 78 0 64 86 54 57 50 31 85 56 91 10 78 99 78 43 84 80 64
67 66 36 100 47 6 18 65 37 99 81 64 90 14 24 81 53 25 12 21 49 43 37 84 7 97 29 77 79 82 86 38 10 19 99 79 1 22 15 20 52 100 34 87 26 11 40 65 96 45 84 5 29 63 66 54 78 42 81 49 75 95 21 90 0 55 3 36 33 64 30 33 26 39 50 6 74 79 84 34 57
24 26 36 9 4 60 78 25 62 69 71 35 87 86 75 4 66 94 16 16 3 6 3 3 21 35 73 80 2 46 58 93 52 96 28 61 85 79 40 84 19 42 13 2 66 72 10 91 55 25 46 82 99 41 7 98 10 53 40 93 6 37 16 17 48 0 48 57 37 61 91 25 33 77 77 9 58 65 65 4 16
47 50 35 22 16 67 59 68 50 38 23 13 28 68 20 5 96 84 31 30 24 93 46 70 64 22 67 39 11 15 54 39 52 86 34 97 14 17 36 29 69 60 97 13 84 100 61 56 96 37 96 47 5 77 45 92 100 17 98 6 61 45 44 96 68 5 0 12 45 4 35 14 45 32 9 18 32 18 92 25 47
16 87 66 80 9 5 67 58 54 26 50 34 91 69 94 42 50 27 23 64 83 36 41 44 93 55 2 58 53 52 86 46 49 35 89 22 52 48 24 86 4 65 56 59 17 59 20 30 54 53 6 82 50 69 89 77 6 29 74 43 66 90 86 84 81 39 12 0 64 37 36 92 2 100 46 31 2 34 56 18 60
92 41 18 37 83 21 18 33 82 79 90 4 84 63 79 55 22 64 23 6 93 61 7 11 89 10 24 58 63 76 19 48 29 37 57 59 67 77 84 20 5 68 60 52 92 10 46 61 31 23 31 33 100 12 76 5 95 39 74 27 95 38 53 34 31 47 59 63 0 97 16 7 98 91 82 59 67 10 1 91 27
76 42 63 99 77 41 69 11 99 10 77 85 39 70 54 97 96 40 51 74 83 27 26 58 64 20 28 98 89 20 70 37 77 78 52 42 57 19 97 87 39 96 94 13 95 70 60 66 43 33 17 34 22 54 27 77 17 62 77 100 86 40 7 18 19 92 65 98 68 0 87 71 59 13 39 72 14 6 91 1 89
48 24 70 41 81 95 36 15 45 72 66 57 37 52 33 96 76 82 90 97 13 68 80 56 15 92 16 84 33 39 46 86 71 63 33 98 41 57 14 20 55 54 77 93 14 57 70 9 38 30 16 61 53 95 61 85 27 12 73 76 84 42 79 17 72 40 38 14 6 50 0 46 96 17 15 53 61 84 63 81 94
4 91 58 77 23 59 4 100 68 25 55 9 42 43 36 97 100 37 82 68 67 86 34 22 15 81 83 16 15 13 69 66 74 8 85 34 25 41 2 67 75 65 27 31 4 35 17 59 90 57 37 4 38 26 95 79 59 3 85 78 73 63 47 39 56 75 44 66 93 84 87 0 27 82 50 96 26 26 53 62 15
93 19 33 14 40 14 49 35 94 82 23 32 36 66 96 75 35 14 79 31 23 65 3 92 83 6 63 63 68 90 11 24 27 37 36 79 64 33 71 30 13 76 12 97 4 50 42 75 41 47 59 89 4 71 65 89 36 75 7 49 1 22 7 52 35 38 2 10 84 40 39 27 0 75 78 88 5 51 26 98 23
40 1 27 94 84 47 67 64 59 67 97 24 65 11 8 89 42 89 78 55 28 6 32 16 12 88 32 88 47 11 92 83 63 84 40 72 51 48 12 99 67 37 39 9 41 12 20 16 42 20 24 86 86 48 65 63 72 26 71 15 72 56 68 18 66 11 57 90 4 7 99 51 36 0 76 4 95 65 19 1 65
57 26 85 68 36 85 68 44 63 16 97 13 12 78 46 81 85 4 18 9 80 16 82 68 91 18 13 34 9 40 37 31 21 83 36 4 82 49 7 45 5 62 47 66 4 92 73 96 4 70 96 43 22 50 79 61 30 94 36 70 64 96 77 4 20 39 70 54 70 94 56 12 91 21 0 48 6 87 11 51 15
84 29 51 38 55 89 63 59 99 88 97 28 75 75 61 58 73 34 70 39 14 6 89 15 24 35 85 34 15 26 59 97 91 49 85 69 7 7 46 14 52 3 51 87 90 52 89 94 17 24 16 74 18 1 91 60 100 65 37 21 49 26 84 27 99 42 56 45 26 53 96 98 99 57 18 0 15 8 100 77 31
74 85 69 23 72 100 62 15 47 20 61 8 13 38 67 69 39 24 8 81 59 37 97 99 99 21 71 32 34 34 33 47 85 37 64 35 30 6 66 42 1 46 80 21 66 51 45 67 55 63 84 1 62 67 97 48 85 91 17 43 88 51 45 68 79 40 2 8 40 36 94 27 14 64 86 46 0 97 69 8 13
87 63 64 85 29 6 40 6 91 67 97 47 77 18 40 59 27 54 18 88 3 94 80 19 35 7 68 58 29 39 13 38 36 32 17 98 50 43 46 89 55 37 77 9 62 91 80 24 13 71 96 83 71 43 87 46 62 53 49 10 60 69 100 47 12 74 82 71 90 61 18 29 27 45 56 63 42 0 48 87 30
89 31 57 15 72 35 38 96 33 84 37 93 44 76 69 36 29 21 63 16 48 37 98 34 53 55 64 83 34 31 43 75 83 38 40 6 41 31 23 48 91 14 17 87 65 48 67 1 54 1 17 37 81 30 52 7 12 91 25 32 58 8 2 97 40 8 14 67 19 19 100 31 16 41 9 92 20 96 0 28 78
31 31 92 75 65 49 45 25 25 33 71 15 98 24 77 1 82 37 34 55 5 34 18 53 60 100 59 45 17 48 67 38 48 49 94 49 63 74 22 56 30 85 59 30 29 26 100 22 39 38 64 64 33 81 33 18 72 98 29 77 48 2 39 46 70 80 42 84 88 36 93 68 20 43 41 72 96 59 35 0 42
50 45 65 32 37 91 58 90 42 33 19 92 20 19 50 74 27 68 73 86 76 11 91 40 92 7 39 18 14 23 82 11 83 51 28 6 57 53 46 56 36 32 36 42 17 97 78 2 21 30 89 57 34 84 48 13 73 18 32 25 36 97 85 10 38 97 90 87 90 54 96 5 89 14 4 88 73 72 56 41 0
