97 92
93 724 989 467 672 419 405 910 901 716 700 948 735 177 160 66 144 575 554 252 737 383 16 584 212 340 612 568 877 948 857 738 327 822 445 405 258 902 442 226 162 311 671 877 460 686 988 942 25 774 114 513 805 590 825 526 177 275 507 549 844 203 165 730 952 896 718 400 145 324 928 430 480 167 476 851 262 699 914 615 756 256 942 319 15 633 117 860 625 737 879 857
258 411 575 568 422 846 781 264 688 505 164 220 300 512 23 587 337 443 479 959 381 719 368 52 75 164 130 519 440 611 946 553 844 921 816 631 219 772 204 815 483 320 34 785 167 327 268 479 642 475 270 315 432 353 405 748 158 980 569 172 986 971 2 136 725 440 342 941 988 422 384 892 102 838 549 721 984 574 391 638 84 991 204 927 400 81 1 874 995 765 768 797
18 247 578 171 281 902 749 356 749 481 285 704 822 231 105 768 793 331 949 306 443 394 805 183 619 707 433 90 398 579 331 455 518 537 501 917 12 348 536 81 194 239 640 505 333 302 883 18 56 337 232 463 156 970 476 198 75 99 599 800 676 929 77 213 320 143 609 994 867 449 772 425 238 590 443 434 322 792 479 771 983 556 253 297 362 568 365 794 45 678 160 985
304 236 131 917 149 732 49 887 521 807 484 102 430 921 131 728 38 169 88 863 298 512 176 317 801 531 165 814 660 590 873 65 846 175 880 818 616 772 760 999 122 11 973 725 542 924 997 166 615 324 938 809 7 929 782 631 45 845 672 245 293 249 412 155 834 711 393 344 919 364 28 439 747 240 611 370 146 363 411 825 80 462 666 367 48 91 433 570 43 75 817 37
469 90 807 3 841 824 282 82 796 462 856 706 911 147 320 273 726 51 627 772 941 595 364 35 850 619 558 722 998 880 405 488 406 861 596 22 326 405 318 901 948 24 880 516 90 296 731 13 293 22 511 11 643 286 275 851 121 556 506 771 98 657 783 675 924 318 9 535 509 20 441 638 899 837 400 714 56 634 118 532 260 738 509 427 421 484 164 177 593 874 799 578
748 474 220 170 685 153 160 882 370 14 928 567 428 569 244 431 518 766 613 224 743 130 295 623 199 473 90 618 598 345 67 883 887 662 455 201 363 443 975 92 786 610 486 445 101 800 696 688 167 16 317 167 546 210 955 708 421 208 746 930 355 477 888 601 815 818 957 332 419 158 721 705 32 690 385 572 712 974 424 480 847 531 506 531 504 990 500 141 684 846 551 517
277 58 796 464 512 866 169 839 729 664 321 515 777 106 634 1000 426 96 8 715 667 180 207 778 286 315 965 654 247 806 70 223 800 525 489 349 703 305 944 590 809 220 989 416 791 40 911 541 479 584 412 582 934 951 168 630 312 835 148 292 994 934 962 4 879 993 781 963 767 44 725 860 494 766 224 212 448 38 404 271 498 468 984 820 92 383 547 180 186 420 508 338
34 655 296 784 904 946 586 630 452 7 269 599 565 771 429 938 695 1 820 705 352 495 120 426 73 745 577 480 728 593 529 845 338 56 4 118 381 108 238 843 379 269 708 441 122 413 714 934 297 732 28 193 781 45 864 795 2 353 728 318 445 110 486 456 318 723 217 228 339 803 716 445 399 195 261 304 17 370 954 293 425 956 967 441 429 330 933 876 722 98 484 962
790 567 377 536 554 325 507 428 797 907 31 401 636 525 180 246 926 284 761 2 459 493 138 671 916 971 617 888 157 841 144 959 391 440 197 479 403 201 727 747 713 696 293 786 846 462 694 96 532 305 107 762 971 250 8 789 589 394 465 51 719 770 537 795 700 974 86 444 348 797 793 182 585 471 865 309 810 587 887 106 296 844 980 552 198 912 646 248 965 21 673 754
141 440 115 600 744 571 176 256 401 994 28 487 130 835 911 460 467 8 634 72 94 809 991 816 470 18 975 516 440 327 886 856 890 24 424 76 649 557 303 985 374 999 324 19 544 456 35 606 365 872 11 318 737 949 834 103 250 222 312 989 42 708 242 785 123 774 79 521 17 495 719 99 424 174 622 942 903 18 896 828 388 232 519 368 607 482 224 560 411 934 60 871
103 376 610 530 330 861 522 668 269 949 668 225 650 964 574 4 858 413 740 477 797 27 18 258 626 142 693 816 135 670 744 678 26 368 811 422 5 82 461 570 712 787 370 559 561 588 751 568 638 126 730 986 659 606 591 703 295 388 686 378 401 860 312 118 680 990 391 58 943 232 749 861 696 350 349 578 167 467 38 512 471 855 14 65 371 13 475 501 714 440 685 586
325 513 199 410 13 440 100 9 901 940 926 98 551 272 801 285 778 549 158 951 777 630 132 381 735 628 393 782 422 246 999 197 680 364 593 760 164 152 428 136 554 634 451 341 786 823 434 60 774 645 684 440 487 454 912 315 485 518 422 559 65 450 632 886 676 159 995 378 155 84 277 986 570 318 64 809 140 542 588 324 429 912 995 344 207 907 654 582 952 680 670 13
333 705 460 722 880 15 217 605 196 504 801 219 449 259 778 676 707 449 756 169 21 818 552 212 187 577 858 371 477 861 723 530 735 629 791 276 773 336 198 990 44 934 438 512 12 414 589 281 969 444 212 509 737 886 879 966 272 628 240 605 134 755 100 731 587 764 286 168 361 253 559 815 679 203 999 556 598 2 692 355 35 92 753 135 461 761 211 811 601 369 421 944
978 587 499 4 180 281 259 715 943 59 855 69 320 588 999 244 731 356 140 983 365 779 895 936 366 47 152 951 508 899 291 561 58 84 724 505 471 816 179 320 683 565 627 436 69 820 764 707 495 496 872 850 467 79 771 854 375 467 291 670 595 757 423 835 75 896 820 893 112 933 178 660 425 920 854 560 880 134 1 725 207 458 541 222 608 667 951 60 140 210 880 932
235 357 805 459 826 444 39 126 75 949 589 90 230 240 557 36 222 129 913 863 910 997 542 240 737 498 504 503 537 240 122 580 24 654 546 124 554 355 504 815 436 922 30 550 45 993 691 142 714 174 378 44 224 325 600 36 714 659 35 170 27 680 525 468 117 661 272 786 752 610 411 331 510 50 155 397 451 310 245 361 746 418 359 81 610 832 558 582 511 647 10 994
125 279 974 943 936 252 372 218 639 453 981 88 926 480 366 971 426 588 94 520 480 162 388 289 279 408 133 666 372 987 963 602 147 593 529 744 875 705 875 727 667 487 946 136 568 400 901 906 360 182 427 729 81 464 989 536 579 466 57 468 828 500 736 118 362 601 985 964 555 935 55 166 592 653 677 944 992 550 106 720 81 929 616 806 681 666 702 843 378 633 885 983
196 909 847 923 173 988 107 528 667 817 613 514 274 35 19 972 121 598 395 785 607 705 728 924 675 363 867 821 921 474 13 273 112 394 2 828 192 502 282 382 65 102 242 287 694 253 295 352 825 405 618 96 96 89 543 687 653 775 656 611 923 665 134 964 252 663 31 846 511 34 947 395 391 919 40 634 935 926 726 144 546 925 469 913 447 382 970 475 593 331 49 784
900 489 420 838 499 264 561 556 807 245 561 75 10 313 565 254 666 370 723 456 689 228 487 545 456 244 205 932 868 233 578 80 737 71 34 761 131 993 459 122 235 218 649 106 478 241 907 248 250 943 539 196 1 445 907 763 632 798 699 254 105 711 903 296 725 943 724 538 318 207 195 557 735 351 150 779 607 881 688 547 522 983 498 519 952 316 655 308 146 81 408 733
798 79 212 539 12 812 799 701 184 748 84 928 736 101 781 412 72 607 911 571 257 166 226 487 624 542 638 782 562 473 18 44 181 247 45 214 650 131 127 86 239 838 458 872 657 923 762 712 966 838 379 765 472 978 178 838 438 725 428 360 349 474 330 793 451 794 406 500 572 232 167 73 245 112 648 48 534 627 848 610 949 330 330 469 549 604 92 90 742 255 596 860
405 55 934 910 12 269 835 377 349 894 788 538 639 678 852 493 611 594 379 864 233 760 383 205 187 179 396 861 691 350 788 526 784 116 610 737 652 578 824 90 993 314 705 5 977 677 737 321 997 756 280 412 573 258 597 363 703 385 663 244 186 232 447 474 722 350 321 884 454 839 546 395 836 504 707 213 871 95 931 387 583 788 187 155 391 206 554 995 339 763 945 331
504 808 929 189 973 377 880 372 343 318 163 414 691 203 205 128 365 610 678 60 437 950 767 785 545 607 297 600 157 325 109 670 982 594 918 987 647 345 139 325 547 5 976 817 313 112 812 528 446 809 710 546 996 784 872 146 407 17 22 494 936 514 56 881 3 931 986 342 43 465 741 627 862 639 926 360 219 986 116 283 351 200 711 265 599 284 476 242 719 184 21 938
121 295 101 200 186 357 345 669 102 54 570 618 779 888 743 342 619 815 904 91 892 955 997 596 658 159 844 69 35 872 442 15 443 768 16 238 654 822 799 361 339 692 295 342 8 397 816 783 415 41 52 893 744 438 716 215 225 100 910 503 889 229 248 681 330 264 703 617 44 233 184 56 206 774 719 707 23 752 534 568 546 980 565 61 1 117 576 847 193 432 6 364
723 932 277 341 178 380 867 108 520 178 768 990 235 465 711 676 141 199 451 548 49 637 166 367 33 501 965 623 189 591 255 71 429 336 916 999 184 135 171 466 421 765 731 621 550 705 219 783 733 157 53 24 175 840 397 311 565 977 303 843 161 220 38 590 829 405 289 161 671 958 953 256 792 574 845 180 924 841 286 726 373 838 166 479 328 761 371 537 465 508 322 584
9 340 407 611 749 999 120 986 219 669 553 771 22 954 459 244 440 22 509 831 303 318 916 397 952 179 638 720 448 700 579 298 202 707 460 27 234 714 342 635 584 360 680 701 177 259 511 659 463 635 67 52 248 169 554 279 772 243 938 122 39 13 412 315 327 373 140 347 464 362 29 346 419 498 313 851 341 735 910 301 451 381 564 138 140 27 67 88 559 564 930 865
850 529 266 994 796 789 33 525 211 596 602 538 135 928 953 785 648 561 236 597 730 40 910 229 54 129 853 956 549 811 955 867 117 102 457 576 190 871 375 22 78 58 537 40 272 165 220 331 420 613 510 719 680 816 2 777 491 190 387 912 866 156 872 378 556 638 878 363 528 905 291 866 910 442 934 303 307 574 517 484 606 207 694 232 247 672 814 850 328 142 200 568
115 290 286 771 474 7 515 230 998 53 761 124 871 15 117 140 907 671 384 834 266 260 41 243 589 709 278 644 54 621 802 831 571 59 792 811 557 844 77 102 965 359 884 146 821 869 331 98 36 307 394 312 811 262 692 828 605 714 454 194 396 551 956 873 542 120 611 940 495 977 785 902 375 60 816 615 756 768 58 949 562 336 679 353 839 139 817 256 732 220 672 594
621 1000 610 178 681 64 242 226 348 50 449 979 450 384 114 670 967 533 607 930 250 911 818 146 120 918 558 130 924 31 851 54 652 557 424 847 463 549 914 155 754 116 835 952 826 663 638 29 155 207 263 332 607 167 599 528 891 227 445 631 715 87 721 772 158 201 57 220 620 68 590 242 915 73 361 681 513 580 215 38 892 633 532 608 229 466 196 613 484 958 196 730
348 839 510 990 271 527 299 516 684 216 235 795 980 79 921 659 541 676 274 678 870 1 836 713 241 548 450 838 774 403 469 615 804 219 207 625 338 821 601 147 948 342 581 385 905 561 557 929 833 155 770 737 796 794 289 19 174 851 104 87 862 319 350 107 326 49 88 273 309 350 271 285 663 114 447 226 462 387 91 376 530 132 252 988 836 120 57 227 520 545 199 412
216 348 201 562 6 627 532 594 90 583 257 511 233 183 621 312 734 345 14 371 714 188 699 240 936 96 22 621 387 683 246 545 456 80 836 118 632 414 695 264 302 682 643 661 831 458 533 304 239 296 385 534 247 175 372 756 164 900 622 547 52 948 671 282 546 166 58 102 609 597 878 63 300 389 385 810 300 303 352 991 643 946 890 110 989 104 914 123 526 834 587 779
966 105 806 858 385 962 278 507 476 989 285 587 186 419 111 402 300 177 20 839 278 637 356 326 902 460 522 81 376 917 611 857 141 814 632 479 643 753 750 123 333 682 647 224 194 544 514 922 275 893 757 853 974 932 266 19 664 294 128 393 431 321 568 848 862 438 288 947 449 677 869 329 456 807 185 977 369 656 804 5 70 87 902 965 845 163 850 184 206 875 887 793
671 642 904 852 604 982 515 116 690 244 799 290 42 817 966 796 211 695 298 983 312 306 76 394 705 302 919 906 245 231 683 27 540 820 446 978 99 849 397 364 689 952 520 233 974 220 715 691 772 265 584 93 501 371 890 194 315 913 5 636 911 710 937 741 578 140 214 245 791 845 625 192 953 503 548 899 424 779 131 419 207 875 818 298 161 645 869 744 546 489 880 538
610 211 189 233 868 229 899 721 901 588 643 676 559 412 558 3 477 635 787 360 185 808 381 75 697 286 808 799 145 680 852 256 737 899 522 924 455 842 675 235 528 986 736 260 351 507 260 53 232 368 294 198 158 859 475 627 368 104 864 253 3 396 445 100 809 585 172 50 223 833 393 22 548 661 460 356 21 833 57 774 45 93 49 393 730 578 849 303 507 647 672 92
621 552 79 407 973 130 977 839 263 477 817 839 365 718 370 112 60 600 609 457 81 855 544 621 888 145 700 738 20 544 549 185 299 632 150 983 761 90 594 439 429 115 655 529 864 652 279 155 241 382 888 699 406 234 365 302 390 218 230 608 377 879 611 744 416 608 278 655 337 452 389 734 947 261 919 185 344 65 678 563 616 350 834 119 162 881 951 280 302 426 973 758
821 664 789 77 906 77 307 660 930 789 622 223 110 681 141 226 658 986 172 522 805 460 44 577 105 585 432 814 349 118 243 287 533 510 415 724 755 233 121 689 55 201 240 184 322 465 453 72 960 955 188 558 340 388 520 558 981 133 532 558 174 753 470 607 260 934 942 9 704 234 156 819 148 748 264 131 738 299 635 568 384 399 699 281 648 114 107 809 636 410 377 194
943 207 656 811 654 155 638 904 85 987 432 564 894 601 138 582 340 618 323 333 269 83 460 944 558 387 225 95 833 420 120 880 618 828 551 823 559 755 10 733 925 32 929 947 111 332 80 619 706 898 241 531 652 490 76 40 386 353 398 555 385 823 255 122 228 236 173 989 228 543 671 115 830 93 892 442 357 755 225 423 745 600 777 679 976 337 62 995 968 722 30 529
14 118 498 277 401 340 232 516 728 166 872 472 250 886 67 645 788 712 287 254 140 534 751 629 877 668 255 750 371 385 678 342 694 510 180 485 404 38 363 445 463 210 314 934 589 136 227 64 550 15 614 972 569 538 175 480 895 783 403 948 625 570 104 197 828 770 98 462 882 792 441 374 221 528 256 875 461 142 921 88 977 742 587 141 394 863 629 428 146 229 509 419
12 753 409 219 629 968 287 436 911 285 776 363 351 403 383 617 957 723 207 913 656 615 450 429 964 97 22 429 387 906 769 878 72 211 366 235 972 713 368 107 455 897 427 686 928 352 562 341 128 253 386 109 952 286 510 888 795 876 36 152 813 68 388 312 835 866 937 482 165 404 984 414 678 272 54 734 108 715 990 651 243 64 191 858 868 745 163 473 410 420 964 913
237 781 450 535 271 188 120 106 420 203 532 907 63 695 836 332 8 808 246 799 434 998 80 596 488 578 7 262 959 550 691 322 774 938 782 541 986 436 685 946 478 851 447 621 688 912 515 982 823 346 199 517 176 340 355 550 336 773 179 849 892 540 947 738 908 486 597 504 902 790 414 395 878 863 134 335 763 417 190 872 589 781 172 800 274 535 258 636 681 951 613 280
366 868 481 418 883 446 346 626 871 294 693 612 904 132 453 214 757 229 793 36 662 615 314 766 453 578 67 539 685 500 585 733 464 441 386 728 655 446 706 224 59 32 736 102 897 934 439 414 361 728 544 361 895 210 821 586 674 849 352 94 803 552 986 333 440 535 744 160 877 265 848 966 836 9 105 647 163 856 584 724 572 934 839 72 347 107 712 663 904 784 935 82
788 734 309 252 664 50 145 285 200 972 473 152 383 667 142 962 149 840 925 466 915 411 194 23 766 261 815 243 354 523 771 690 942 483 829 102 709 471 399 995 501 475 312 986 576 468 826 636 792 967 650 604 648 395 845 170 885 949 359 736 875 990 711 554 396 891 319 567 547 664 240 502 71 129 394 535 987 695 888 272 666 780 682 944 839 195 996 836 555 191 12 299
320 766 665 583 738 929 903 915 357 811 406 796 898 595 538 317 579 728 126 387 837 801 954 233 942 686 19 825 868 190 473 480 565 629 164 725 388 338 383 270 921 283 287 446 746 157 445 231 701 492 735 680 400 362 725 715 527 912 358 22 172 999 91 411 205 657 499 94 847 593 830 835 561 412 726 874 675 642 831 528 533 717 886 651 412 813 351 937 527 133 33 782
88 141 157 904 990 581 804 288 46 59 926 48 322 746 382 907 474 751 802 301 183 441 345 537 175 964 806 713 930 385 441 165 811 518 876 75 794 645 346 759 94 292 227 87 512 489 541 910 770 744 581 483 534 906 323 757 676 515 939 813 35 81 568 720 545 748 531 1000 38 542 881 318 306 992 426 445 606 246 430 502 1000 720 106 772 688 350 360 163 423 592 261 394
112 879 803 234 222 483 807 546 477 730 221 113 869 162 391 671 929 539 509 735 926 372 286 429 615 248 756 208 805 29 933 989 963 729 990 264 351 585 11 55 253 543 42 324 614 455 101 759 453 342 733 438 146 384 300 642 648 500 491 672 73 478 50 280 953 458 246 813 207 856 620 673 552 24 964 37 406 834 953 426 614 858 452 87 847 783 136 55 830 615 105 494
799 137 238 856 182 366 77 494 859 164 149 61 883 441 743 533 11 960 718 28 544 947 261 308 18 406 719 576 567 883 658 166 291 360 373 520 525 961 336 597 365 66 107 640 666 758 103 658 352 765 632 657 430 637 28 619 94 368 325 640 613 910 242 748 386 367 740 862 419 919 108 129 683 462 738 148 377 907 792 767 458 876 213 940 533 517 117 976 815 779 813 925
533 835 797 629 719 187 886 213 621 77 259 564 520 404 973 270 771 76 390 873 219 938 774 371 385 845 300 78 761 976 164 585 387 94 255 501 486 928 872 921 596 181 875 514 121 287 584 810 549 150 229 547 497 947 922 817 942 211 813 81 209 662 645 58 234 339 44 951 924 698 846 253 303 901 574 527 241 900 952 412 155 220 361 18 727 315 330 137 680 74 284 894
906 439 693 794 336 654 680 807 460 204 267 375 536 480 842 976 236 94 681 520 369 433 46 208 298 597 725 928 474 558 973 864 224 8 903 502 943 596 607 97 458 243 740 65 317 594 297 192 678 74 14 953 978 731 288 28 541 61 165 851 481 723 940 476 287 364 552 323 604 863 238 818 634 570 140 232 368 671 681 44 804 364 563 133 596 862 244 416 196 921 806 308
969 86 245 845 900 817 820 395 58 685 71 558 249 479 775 688 405 948 429 591 137 112 894 326 961 228 212 824 675 235 509 304 982 673 300 279 434 136 950 291 887 129 887 744 82 772 883 309 170 395 960 166 873 409 248 26 630 482 669 456 615 703 269 299 899 570 605 823 645 288 2 910 565 127 202 636 425 77 169 627 545 626 856 196 568 76 8 515 502 77 476 645
114 371 499 889 997 108 581 32 154 291 301 354 753 75 445 591 675 447 216 582 495 188 152 565 587 516 415 918 439 840 363 339 83 753 75 838 848 491 262 623 964 958 179 370 455 962 970 828 827 238 161 410 496 909 115 238 965 150 92 623 307 639 823 372 43 749 104 989 312 307 781 815 71 932 895 145 763 958 463 359 277 741 955 859 136 561 495 434 922 934 280 890
231 662 757 150 272 277 830 124 129 696 782 676 743 970 317 661 360 429 638 885 765 930 240 372 858 53 359 998 199 495 418 3 511 769 519 869 285 867 483 750 46 534 382 627 17 340 890 864 315 978 908 145 736 414 692 11 580 347 183 853 983 487 140 86 446 181 547 684 598 451 848 782 196 738 63 295 512 981 786 112 392 41 606 720 305 520 220 282 392 913 699 3
70 903 610 815 834 644 563 591 8 115 443 809 119 767 359 181 336 858 808 543 539 926 687 917 548 810 683 414 842 194 47 621 208 678 881 498 13 644 125 379 678 972 816 708 275 65 40 968 142 719 537 90 655 213 514 293 141 489 998 652 952 426 55 30 26 182 741 514 292 384 339 107 100 77 626 81 851 52 759 644 213 272 760 517 370 267 789 498 265 848 705 414
860 493 215 539 199 3 889 197 514 868 275 12 158 392 30 997 412 180 481 622 929 8 258 52 614 682 74 635 579 996 511 241 43 759 859 591 91 339 673 589 117 348 303 769 937 146 431 12 250 61 544 17 390 331 410 515 912 256 879 761 744 225 468 825 385 941 31 231 99 8 490 591 567 869 373 759 1000 255 834 730 873 308 578 282 881 447 29 557 779 608 55 27
658 362 957 489 410 25 431 349 706 382 632 631 645 585 160 464 935 882 27 2 85 332 338 588 29 550 87 656 285 198 733 490 79 820 654 631 258 49 831 136 244 531 38 186 515 886 964 931 75 552 788 666 369 24 99 915 918 372 890 607 144 703 415 732 770 811 178 846 580 440 971 489 829 737 961 194 468 711 724 817 255 508 860 973 402 582 35 596 601 495 805 605
977 501 592 44 272 74 446 73 181 882 335 510 426 588 68 11 630 248 782 344 679 683 525 502 628 858 620 914 689 897 786 127 804 270 580 55 964 422 813 430 929 971 351 307 310 570 979 35 331 125 165 4 359 801 787 715 963 134 844 754 218 574 261 154 52 996 479 48 42 979 388 999 59 984 360 355 605 93 372 213 632 218 157 936 308 90 387 446 746 687 446 711
184 507 843 784 862 861 100 252 678 756 206 74 345 731 228 994 107 625 217 45 272 364 506 240 9 297 353 988 399 754 958 494 704 44 88 902 382 116 321 286 965 518 152 241 709 346 920 421 53 259 166 950 769 981 912 657 642 91 928 353 396 818 664 194 141 173 847 584 528 437 345 410 873 629 629 977 820 632 416 167 894 79 736 182 997 251 691 366 940 171 149 585
118 603 119 903 803 617 261 202 384 853 800 157 817 188 570 438 314 457 529 428 299 153 98 511 105 665 183 563 793 934 555 664 128 905 945 386 830 173 101 919 601 494 394 538 646 208 715 460 938 713 477 121 46 252 489 758 729 315 96 509 31 216 974 418 288 848 177 502 723 461 587 181 313 406 347 750 886 317 467 590 905 556 418 546 685 973 648 39 777 557 258 647
818 517 316 475 928 205 75 447 525 28 669 55 930 48 847 212 532 966 558 146 643 327 562 833 364 936 636 910 572 172 585 846 812 488 966 999 861 786 363 818 409 759 532 456 992 800 114 528 788 56 217 3 108 693 10 780 845 960 441 175 511 898 457 877 843 957 315 705 635 733 221 475 281 745 63 230 833 698 249 951 835 6 976 596 200 825 879 39 758 282 554 406
782 61 846 737 803 218 524 943 381 337 189 764 779 999 935 219 823 282 446 468 956 822 222 715 738 505 732 229 434 321 932 903 653 216 852 373 350 441 320 827 560 522 695 27 762 37 11 676 736 733 422 284 571 730 671 258 896 736 12 114 629 546 386 534 655 55 159 661 546 878 81 794 648 988 439 796 659 711 13 885 685 5 77 626 276 166 768 326 372 219 133 347
428 313 600 366 858 462 28 270 474 967 411 969 961 67 697 50 201 40 617 602 357 256 663 946 620 391 837 979 658 220 857 275 730 266 283 253 272 233 21 235 18 678 499 242 887 708 185 225 304 869 196 63 235 785 433 801 406 97 89 85 416 545 694 79 331 528 351 893 998 5 215 664 463 720 4 170 253 57 844 278 156 297 953 976 226 284 253 826 734 1000 33 80
400 364 527 394 475 824 375 35 207 845 382 266 300 392 203 821 937 472 772 148 449 457 661 265 407 829 592 930 993 367 160 760 207 443 719 544 55 909 288 44 273 644 583 653 509 587 436 254 773 940 198 336 244 657 508 742 342 937 879 988 569 235 259 449 457 225 700 502 578 988 885 658 862 768 748 947 398 36 274 603 653 409 894 173 256 109 289 698 466 970 820 869
700 967 709 143 258 259 313 47 192 569 939 994 699 133 899 99 972 113 698 967 223 940 217 559 370 840 433 723 217 710 564 792 630 632 475 29 349 539 410 952 478 471 870 864 588 909 590 734 746 228 287 725 517 631 705 283 405 782 127 619 869 48 356 665 665 946 9 985 527 951 803 940 127 219 505 872 340 69 347 258 796 137 605 963 92 688 955 676 685 101 927 15
11 548 678 628 955 272 385 741 804 697 864 743 911 937 568 869 489 666 972 362 255 326 233 659 208 369 884 391 342 231 767 132 134 486 416 463 696 432 706 143 144 407 780 398 834 868 256 613 973 487 903 963 502 221 63 178 741 360 838 807 236 977 960 772 452 290 333 91 354 787 134 905 639 524 405 340 813 922 668 723 837 207 734 312 933 322 298 452 798 632 399 672
556 558 337 124 647 93 512 358 847 920 33 984 852 908 166 222 355 724 609 362 844 569 87 126 776 514 239 942 585 246 449 263 865 123 827 304 388 809 103 715 914 985 616 928 956 483 867 399 304 889 427 815 640 230 700 888 60 753 841 937 744 52 866 591 112 452 997 892 535 516 628 71 151 418 223 653 555 798 664 379 585 771 109 375 755 227 163 339 348 363 525 812
64 112 716 669 620 180 752 507 940 689 773 29 651 217 409 851 909 928 1 943 825 862 52 828 530 293 983 209 740 875 55 738 604 532 781 468 689 624 163 195 462 220 957 922 425 264 835 5 589 532 651 926 516 792 507 19 401 830 364 961 993 886 130 575 649 374 175 49 475 548 160 734 578 594 880 825 309 236 144 265 313 128 656 269 646 603 110 656 155 700 661 468
550 287 474 6 564 161 648 326 590 867 179 466 628 301 9 494 356 848 349 402 851 583 213 487 148 827 387 671 982 658 616 600 343 516 804 605 231 809 739 362 983 666 209 41 992 658 462 918 424 441 261 35 936 406 30 353 185 821 387 292 652 420 320 449 504 990 347 254 862 683 499 230 17 317 958 985 682 862 178 620 543 147 668 705 779 495 455 646 17 317 365 482
906 511 833 210 606 460 724 983 759 897 430 768 705 615 189 588 509 444 897 820 5 449 320 337 994 928 789 874 873 535 58 871 156 789 199 255 644 536 139 914 660 697 383 364 137 389 530 559 542 784 615 923 524 328 891 365 71 723 714 546 171 382 833 102 37 580 982 557 14 895 283 332 698 246 978 397 199 922 634 358 617 798 120 749 10 331 169 906 263 774 323 393
461 399 76 674 746 607 554 655 473 852 313 401 533 491 875 839 294 164 569 581 546 739 672 333 114 808 927 532 781 572 740 811 171 198 743 672 519 289 143 33 608 772 552 165 849 223 373 319 467 396 82 439 324 281 987 583 617 897 136 551 343 97 802 13 663 238 871 461 488 257 633 632 15 331 956 92 513 419 574 656 905 737 58 530 92 726 605 799 778 330 801 319
567 394 687 970 703 100 119 971 441 344 940 359 858 781 195 546 674 796 641 551 468 349 68 809 502 613 970 106 225 753 670 279 650 417 257 31 631 555 860 479 197 387 564 259 78 717 910 562 112 71 850 926 80 301 581 151 614 914 838 284 682 847 506 37 316 812 874 551 297 377 722 341 649 983 589 919 334 975 700 202 303 695 925 612 850 549 872 602 368 161 989 976
489 875 353 283 857 14 752 255 419 536 732 89 361 502 803 776 542 17 991 444 778 255 566 11 461 856 282 188 991 110 491 298 947 127 8 631 100 691 541 738 816 252 678 838 833 966 154 177 794 213 283 422 623 477 25 535 829 435 414 258 408 918 692 598 451 736 427 891 706 991 407 404 940 786 365 242 325 522 550 582 743 328 757 490 560 109 594 28 550 169 273 32
103 907 877 361 230 106 341 204 799 238 88 474 644 262 29 160 104 247 716 356 384 661 536 989 402 409 717 359 445 431 694 322 928 275 1000 519 799 696 923 727 279 140 278 791 715 755 945 579 439 87 22 438 233 569 265 547 272 303 15 60 541 961 418 284 70 201 442 131 793 671 488 110 118 742 820 760 61 951 126 905 366 479 449 216 791 112 747 904 80 57 114 317
674 691 161 874 206 953 671 473 931 714 65 190 279 535 557 192 478 59 167 436 369 756 689 743 397 373 195 504 44 869 803 425 713 688 566 632 573 695 796 678 510 894 537 410 383 907 783 227 899 774 409 273 667 281 323 911 79 205 189 495 249 806 750 41 101 340 213 634 220 768 971 653 176 511 469 32 234 270 37 814 223 314 7 412 121 82 729 506 34 348 596 441
659 288 320 579 378 13 155 771 378 950 881 386 516 881 96 795 148 764 859 204 390 324 686 561 743 99 297 991 264 621 557 905 565 111 179 387 612 589 860 33 569 735 651 234 143 455 183 775 496 177 484 530 629 47 569 556 529 928 85 391 95 197 75 341 629 896 300 699 272 545 683 222 670 470 715 56 443 934 677 511 347 370 718 875 703 112 213 33 546 998 603 384
27 535 26 143 869 245 584 114 193 852 341 439 429 495 959 465 814 601 7 456 321 393 172 131 224 651 30 164 344 479 741 678 94 457 720 125 602 332 337 161 155 3 725 481 866 462 793 32 675 173 584 807 542 412 34 111 964 859 671 888 909 817 769 635 406 581 926 689 159 80 788 182 739 738 608 406 953 463 983 18 263 998 949 358 102 894 428 682 344 61 140 675
6 623 17 318 774 143 522 888 314 829 990 357 492 724 633 139 765 455 708 834 685 879 418 338 788 323 374 513 567 453 714 607 6 21 259 296 691 828 24 718 893 951 401 200 434 294 421 716 747 320 835 956 33 957 130 503 157 1000 452 895 117 702 517 58 859 247 905 479 935 848 716 407 285 243 331 886 521 892 383 676 783 288 322 701 647 692 490 137 461 7 770 416
719 877 312 798 439 978 193 991 640 871 856 183 542 675 350 656 390 169 412 809 748 986 580 560 676 479 413 444 200 270 580 65 952 582 319 880 391 336 598 130 226 84 427 146 76 757 104 604 60 738 39 814 688 202 212 49 899 963 207 844 305 128 550 997 980 476 936 364 167 95 347 95 495 684 655 860 602 828 852 542 439 35 949 654 469 636 480 413 200 108 429 828
654 888 980 217 991 300 900 110 979 146 998 943 605 443 136 344 917 92 221 289 508 783 833 607 304 949 371 896 191 246 555 498 617 69 731 920 582 170 73 178 822 869 754 160 135 884 795 660 33 641 769 649 62 219 728 347 509 151 513 164 541 124 684 528 886 496 741 214 76 841 67 124 653 828 19 870 202 708 859 906 498 679 859 563 657 915 806 87 71 408 877 895
213 818 61 300 987 750 615 856 85 246 133 72 876 195 229 532 800 710 550 447 555 163 406 130 593 362 110 160 220 363 85 29 835 165 569 272 762 580 741 138 782 293 556 921 263 727 676 166 951 359 781 144 361 807 184 682 691 861 709 888 630 580 612 425 668 889 453 169 553 596 123 958 281 585 540 37 609 242 92 889 778 515 118 935 41 865 396 208 978 464 534 908
746 919 374 79 659 66 68 947 346 540 918 458 796 759 471 366 175 530 152 736 334 45 205 9 572 508 110 287 762 278 413 592 443 969 567 204 380 763 43 90 561 287 160 962 27 443 516 42 566 938 926 335 6 459 389 914 745 36 610 972 207 68 87 639 455 60 163 923 884 241 118 114 220 314 607 297 488 424 285 523 207 390 129 387 430 262 123 902 882 638 308 122
758 269 344 351 968 398 30 961 493 808 968 439 445 959 413 371 265 499 542 54 697 314 310 527 578 989 962 272 933 324 927 558 546 247 747 363 563 362 764 113 333 995 133 76 481 499 631 829 162 823 340 423 798 955 911 1000 943 58 935 782 980 532 841 147 168 131 469 950 156 332 961 711 752 743 338 503 620 315 602 554 333 706 75 682 884 227 617 825 472 954 621 571
171 432 325 413 442 736 9 910 390 632 33 408 520 792 27 219 178 866 232 959 392 733 438 875 932 904 336 607 673 184 489 154 776 558 543 785 318 400 852 949 631 402 873 63 819 545 67 747 382 412 455 230 862 511 177 22 13 525 464 357 935 201 942 416 189 601 115 66 279 616 65 304 401 831 355 953 180 31 134 12 69 653 865 198 459 674 513 406 914 158 85 735
12 569 385 890 479 765 878 29 306 587 709 923 833 313 508 673 88 149 82 987 123 945 428 209 612 699 10 177 678 479 691 586 30 627 589 570 290 887 450 453 466 567 612 930 98 790 240 715 73 496 296 770 948 901 363 275 212 621 343 954 926 996 359 961 1 404 431 613 114 385 252 286 819 477 601 137 314 841 307 908 877 236 30 942 460 155 209 696 495 621 341 636
966 946 331 904 503 192 987 495 738 649 904 621 305 260 736 892 75 310 786 192 752 957 904 531 926 929 964 133 321 983 103 924 338 36 708 428 942 442 180 828 7 418 834 125 944 854 310 903 706 505 319 241 716 462 729 533 975 642 207 158 231 215 858 502 93 213 7 433 849 847 606 640 349 360 398 474 317 960 367 654 843 407 96 965 183 492 214 231 283 434 486 13
324 840 137 711 676 523 598 281 933 795 558 478 136 719 561 945 708 677 46 76 842 858 375 792 12 602 578 959 766 389 636 801 548 463 801 753 723 689 543 323 357 81 408 812 644 379 549 302 231 330 927 463 58 176 265 941 343 509 866 824 819 903 991 627 700 391 509 929 166 844 652 304 413 870 767 13 548 945 15 492 164 171 15 705 952 924 235 432 157 129 594 525
767 517 834 609 71 237 210 50 961 574 778 790 297 262 191 932 725 827 172 103 478 507 962 223 120 274 279 430 665 602 373 28 230 834 25 119 329 725 484 106 119 877 446 177 110 644 254 414 531 167 614 459 353 528 395 829 206 662 235 266 79 419 647 783 772 721 56 712 230 234 326 772 309 668 3 299 198 357 677 344 146 888 755 589 10 435 967 800 277 900 873 856
508 848 165 755 341 968 571 360 915 89 604 99 55 494 228 995 360 308 83 36 693 402 69 777 219 931 321 122 435 529 311 149 874 799 618 292 876 499 134 771 443 638 955 293 81 977 943 306 509 567 33 223 665 505 545 986 674 466 782 360 346 807 848 964 728 626 204 502 654 988 701 438 506 780 703 956 918 337 182 646 747 535 918 509 178 346 228 980 147 28 145 453
902 172 767 50 423 750 164 533 23 872 340 701 437 584 459 541 235 944 79 83 933 403 963 882 996 807 385 500 801 167 359 151 749 163 162 754 973 902 496 245 355 628 303 131 687 998 451 101 964 76 789 507 79 597 735 753 515 966 531 133 648 77 195 361 745 520 828 449 548 607 396 842 685 35 514 468 956 1 940 462 613 927 51 525 142 850 876 648 978 442 728 707
452 42 274 670 600 567 128 218 835 165 995 303 386 601 73 749 736 558 250 133 562 183 335 698 908 46 278 362 246 583 378 323 777 292 208 492 676 189 580 57 275 995 122 906 823 842 512 225 264 897 1000 94 246 551 204 152 471 380 794 234 203 361 7 144 188 981 264 965 321 908 163 987 506 190 532 765 981 18 955 364 535 109 843 724 494 851 30 251 91 713 484 486
365 228 242 295 592 521 558 190 189 506 593 563 643 354 702 414 91 797 511 107 673 615 806 805 470 720 873 150 755 472 943 256 16 37 15 163 738 981 79 332 906 498 674 358 218 906 131 231 211 656 254 961 659 539 142 356 642 400 225 133 19 214 223 285 767 438 321 641 92 717 927 177 797 392 554 358 140 603 464 429 979 910 165 131 223 116 726 900 5 137 289 837
951 863 889 665 367 125 902 51 340 837 329 386 658 752 229 58 372 169 640 948 692 203 65 540 403 959 315 331 869 669 295 1 59 479 905 752 508 957 833 496 557 488 2 194 469 207 191 868 806 439 976 272 781 499 852 761 35 296 113 379 4 146 750 181 804 945 658 150 473 746 982 473 596 91 213 991 977 151 564 392 94 562 403 437 609 530 99 205 945 474 82 689
358 844 210 46 317 425 281 39 732 648 81 501 908 338 614 572 868 454 848 154 785 470 750 607 731 340 947 388 811 738 869 314 489 781 807 391 947 725 641 743 367 732 958 245 577 80 3 101 632 743 391 943 602 350 773 914 592 638 294 867 413 211 628 400 439 74 474 221 600 967 279 586 511 912 33 135 327 746 677 749 785 158 581 611 845 95 987 201 980 890 946 725
369 970 59 840 694 664 797 715 26 164 534 987 320 434 494 62 203 531 787 209 957 335 62 137 879 396 900 570 331 990 513 86 405 507 183 685 96 481 813 910 540 455 691 88 485 589 457 447 632 937 30 662 798 742 502 501 571 410 341 303 608 253 217 403 964 986 244 357 617 347 910 505 339 661 833 131 107 37 974 453 882 669 477 430 361 64 961 116 509 293 482 230
512 283 628 840 538 2 949 915 559 657 652 384 850 970 365 857 287 494 25 509 829 430 314 38 170 175 755 121 593 321 14 353 783 228 240 895 700 320 671 642 836 40 899 432 133 401 538 766 834 892 950 922 358 342 137 10 701 521 753 536 644 457 726 509 609 309 751 127 901 463 205 232 109 322 88 892 616 887 533 743 355 740 625 376 16 690 991 310 797 433 685 222
313 154 525 350 945 216 295 641 977 748 28 279 998 652 621 80 120 480 474 790 501 713 966 836 119 357 703 582 552 795 484 510 548 431 808 296 349 899 83 971 364 707 167 677 731 171 367 993 975 287 124 184 131 206 289 17 648 740 694 86 824 411 987 237 10 62 330 687 495 977 470 88 371 600 867 188 639 466 971 451 492 425 871 328 58 433 591 988 590 731 600 617
522 662 12 982 742 160 480 679 28 318 22 909 865 486 867 697 383 5 451 472 992 106 856 900 750 630 386 800 429 398 720 941 817 214 348 933 388 460 885 987 743 414 174 997 314 513 180 640 967 704 492 559 17 37 867 471 506 823 415 657 545 440 875 93 883 617 984 495 480 764 942 601 102 270 546 757 947 287 833 685 891 287 611 849 746 311 195 420 707 657 315 892
591 61 492 956 858 706 130 871 159 845 270 171 427 216 318 8 151 282 295 964 799 967 898 116 231 844 500 257 422 465 152 700 482 603 639 63 875 189 440 690 612 930 330 375 323 170 790 219 514 455 89 721 446 266 167 468 445 527 452 648 788 354 523 574 718 68 402 442 537 750 476 67 59 816 486 359 242 703 358 416 584 193 276 567 221 278 500 123 951 413 444 454
524 64 217 493 320 765 494 618 50 329 268 599 640 979 413 456 564 91 841 646 790 109 772 284 504 950 671 424 337 497 675 807 793 431 788 517 851 953 634 249 280 403 874 737 664 662 307 574 828 50 301 918 559 583 348 338 651 454 203 556 103 281 178 911 438 83 354 435 483 141 327 867 400 70 628 965 350 319 197 725 719 392 317 654 7 386 952 415 225 50 3 997
942 479 576 298 48 280 997 866 372 93 476 310 758 680 389 136 879 263 647 9 721 314 869 562 939 763 525 789 967 567 405 839 953 143 839 156 731 283 987 71 779 484 914 133 46 740 232 69 749 741 860 846 62 546 218 765 542 590 23 713 545 135 844 180 548 118 243 409 962 30 958 397 163 31 784 540 387 406 395 664 278 203 584 312 273 718 734 963 564 46 401 167
155 488 227 707 108 256 273 333 795 887 668 768 712 450 8 998 314 330 1 166 517 349 473 723 263 649 30 896 369 904 344 211 385 805 536 805 860 137 540 995 600 753 304 125 439 944 654 793 31 381 342 51 663 33 16 674 428 263 502 138 698 144 7 889 502 586 942 504 976 508 9 865 118 184 309 72 539 582 351 79 310 593 109 249 775 625 459 275 36 956 762 482
0 78 21 59 1 47 11 85 92 72 26 92 69 76 93 77 31 36 48 71 85 55 84 8 71 41 81 42 92 11 45 26 86 9 76 79 75 28 84 57 80 93 34 92 29 84 86 7 96 38 21 37 55 85 93 22 94 57 91 48 78 20 40 11 33 48 29 16 94 5 6 46 36 46 53 21 3 96 53 18 99 82 90 49 85 61 76 83 100 48 25 50 29 28 19 19 56
53 0 35 89 48 5 87 83 41 7 67 20 88 81 89 40 11 15 50 16 55 63 13 19 52 52 95 4 61 47 37 39 34 98 11 59 59 78 93 50 58 53 44 97 96 27 98 60 72 97 27 62 9 71 81 14 79 52 79 37 58 93 58 36 51 23 72 89 5 98 67 98 39 30 35 11 35 6 60 82 59 32 31 58 23 40 94 96 88 9 51 49 16 10 26 52 80
30 60 0 72 12 34 49 19 45 80 48 99 53 13 11 54 11 1 42 5 29 83 46 97 20 57 43 45 91 89 93 8 65 1 44 12 37 25 63 81 47 91 81 68 2 61 83 12 56 39 29 94 18 92 16 73 26 43 44 76 31 47 8 53 44 52 55 96 28 93 2 13 34 49 52 95 17 70 73 32 15 23 48 42 52 79 68 56 98 75 18 75 91 20 37 65 68
37 63 44 0 21 76 36 53 65 72 34 55 40 92 60 6 56 87 19 16 13 44 50 66 17 22 49 46 65 43 14 6 46 54 49 45 12 15 19 10 77 44 78 29 85 35 52 10 21 97 29 13 51 58 22 59 50 63 28 48 47 62 62 82 60 82 25 7 69 77 6 28 29 83 53 56 94 38 85 76 1 20 87 72 68 98 21 24 22 50 16 74 15 31 1 99 37
1 26 53 23 0 16 73 99 97 55 15 17 65 70 51 80 97 41 24 86 65 20 61 19 80 11 4 35 47 75 32 71 46 88 33 92 44 54 68 99 30 71 35 15 99 55 74 86 71 27 13 50 6 88 44 21 89 71 6 47 8 66 85 40 54 30 1 67 86 84 43 77 83 83 86 19 4 48 19 26 58 30 86 49 11 13 65 90 75 57 92 100 70 35 18 25 6
15 3 78 35 22 0 63 51 60 20 64 21 52 51 4 12 71 2 3 55 56 76 4 19 21 33 50 91 93 16 17 1 69 75 59 59 29 28 63 54 62 57 64 8 31 34 79 53 37 99 91 91 5 61 21 34 96 56 97 98 53 71 4 62 39 99 60 39 1 1 22 11 9 86 59 80 69 74 27 35 41 74 79 9 5 84 57 88 74 16 69 13 70 97 90 35 69
90 88 49 71 7 46 0 44 36 67 69 58 10 31 68 75 30 39 30 50 50 25 54 54 23 59 41 4 47 17 28 4 14 100 68 31 11 8 50 62 19 29 97 14 25 64 39 29 16 92 49 54 70 11 54 46 50 21 3 41 42 41 36 37 91 46 79 1 45 12 7 34 62 3 40 51 56 99 30 18 40 79 36 44 83 47 68 26 11 17 56 23 57 79 3 97 95
31 51 80 21 33 55 98 0 14 57 74 66 53 34 99 72 25 19 82 81 75 97 8 48 75 22 55 92 26 12 10 38 10 23 93 59 43 65 64 52 15 12 70 86 58 82 84 80 48 100 48 84 35 9 58 10 57 79 78 52 35 16 92 63 5 86 96 43 43 61 4 18 39 99 21 19 53 35 43 15 64 59 30 58 87 63 90 98 53 29 94 84 77 46 69 12 67
89 85 20 28 85 29 10 5 0 14 59 55 75 84 51 11 29 58 79 14 7 34 81 14 44 74 14 68 77 24 61 93 85 51 12 73 32 21 26 11 54 61 79 35 4 14 73 66 24 71 88 25 35 91 73 73 41 69 75 39 81 40 20 66 22 68 44 50 5 100 48 4 56 33 10 82 40 25 87 50 49 2 33 74 51 70 84 18 77 86 13 5 1 95 7 27 82
89 90 44 44 80 41 67 47 85 0 35 38 67 9 34 37 46 62 53 58 63 6 57 7 63 70 23 7 99 17 76 36 54 93 38 23 97 95 99 71 6 45 59 71 69 58 83 82 57 31 61 8 75 25 60 19 100 52 62 25 78 25 5 21 26 44 99 58 49 69 48 43 9 78 34 30 13 27 45 96 58 33 41 37 66 65 85 85 7 68 22 98 30 96 85 2 100
94 38 26 46 96 22 73 44 71 64 0 26 41 37 32 45 60 44 8 40 98 71 93 83 4 23 14 67 70 98 8 100 98 44 63 90 48 10 68 48 16 84 36 60 92 16 44 43 19 1 75 78 81 71 42 60 72 67 19 91 88 75 10 9 16 29 33 15 17 48 86 76 53 57 83 24 97 52 54 56 36 63 26 67 24 60 86 12 30 26 33 95 90 27 16 58 41
81 37 56 76 58 57 33 94 55 96 49 0 53 64 88 47 26 15 36 86 91 40 48 11 39 72 99 78 41 25 80 3 5 1 30 86 21 24 43 54 15 97 100 43 33 38 80 12 77 11 62 11 34 45 48 69 94 11 30 13 18 50 96 77 37 35 62 44 43 98 34 97 5 87 59 43 79 100 32 22 82 93 72 4 45 84 78 93 43 73 10 99 55 10 91 78 92
9 95 71 48 63 72 1 75 78 97 33 12 0 78 54 75 44 12 45 30 76 16 27 65 59 37 86 53 37 1 85 47 42 83 9 66 50 80 11 62 93 21 5 68 32 70 53 14 80 37 66 87 31 51 37 24 69 96 55 22 59 90 90 97 84 43 69 82 58 77 58 8 84 32 68 61 7 87 98 3 77 39 86 3 30 15 82 30 54 81 73 11 71 35 83 78 14
47 11 99 72 25 98 95 59 51 65 91 12 12 0 43 42 48 78 31 97 76 97 5 48 97 76 59 44 28 26 50 91 70 59 99 72 44 50 9 47 19 59 89 47 81 86 30 11 64 90 59 66 79 81 42 4 2 61 90 96 94 72 73 37 94 77 36 65 38 86 5 13 67 3 56 68 80 48 77 54 1 12 46 29 97 86 21 55 18 24 21 95 100 8 22 82 50
95 19 11 50 66 60 23 16 3 13 51 91 12 14 0 19 40 67 57 7 48 94 50 85 72 66 10 7 96 44 99 72 69 32 91 6 36 90 76 74 49 63 61 23 96 96 64 10 68 35 28 87 62 39 22 18 65 22 55 21 52 78 44 94 11 24 62 73 48 97 72 86 10 48 96 69 5 33 48 3 33 24 59 94 52 50 47 6 84 13 48 99 69 15 63 91 33
24 13 24 77 64 68 11 80 85 41 16 56 87 96 38 0 64 43 1 96 30 22 99 38 53 78 82 5 39 43 61 89 86 3 7 33 45 100 49 58 94 18 81 49 26 58 33 7 77 67 63 48 56 69 89 52 81 89 81 90 98 57 15 6 19 29 66 97 22 58 5 9 72 48 92 8 59 37 80 19 47 96 20 38 90 1 1 53 27 30 85 31 86 59 12 80 7
86 23 82 29 21 70 17 83 54 37 24 91 42 52 72 34 0 27 17 23 92 11 15 9 64 77 41 3 63 91 27 38 38 15 41 88 71 39 83 39 15 28 81 41 26 7 49 51 58 47 42 51 57 19 28 13 75 31 74 27 65 38 75 72 29 11 93 99 50 78 84 49 43 79 84 84 19 20 43 72 88 44 42 77 7 96 74 59 32 99 51 34 16 87 77 25 87
22 27 73 63 44 49 80 91 37 25 89 36 91 82 8 12 66 0 62 81 56 20 95 9 64 42 21 5 47 44 30 3 65 29 75 89 90 93 58 13 91 4 45 95 72 78 67 17 44 6 22 16 2 93 86 9 51 2 4 87 56 87 27 17 6 7 52 45 43 51 88 26 100 76 56 7 22 98 84 92 59 59 6 10 31 52 15 29 71 21 55 33 69 17 78 15 82
20 10 29 21 36 1 9 46 79 93 48 39 79 63 70 42 9 13 0 90 44 81 78 95 62 66 76 11 19 22 37 9 70 8 67 62 30 1 11 72 91 35 25 7 28 25 31 5 91 73 3 33 53 71 87 5 40 2 8 40 3 69 75 15 69 100 49 35 53 42 37 25 90 11 96 47 27 43 16 15 26 30 58 70 46 95 27 5 28 32 66 100 99 8 24 93 68
67 56 65 69 55 83 59 24 80 37 89 85 55 74 30 46 64 88 14 0 71 10 40 97 46 64 44 68 96 13 85 79 94 5 94 84 7 75 57 81 63 92 17 36 62 55 62 8 43 95 61 56 92 73 76 52 67 22 42 72 50 1 44 33 11 59 65 63 24 68 32 73 11 77 91 81 90 59 10 79 26 48 63 33 21 11 10 17 70 67 86 11 20 35 31 27 4
76 94 51 6 28 66 38 95 43 49 55 48 65 20 73 34 38 88 44 45 0 78 90 14 71 54 66 30 76 57 84 93 56 96 16 19 86 100 41 23 59 52 24 51 6 19 63 48 27 41 68 14 14 24 52 86 43 67 55 28 33 9 73 11 16 71 16 55 52 55 4 34 11 18 87 56 63 27 15 10 2 6 65 47 54 59 57 41 70 34 52 21 70 16 61 21 19
34 69 13 68 94 3 22 48 96 92 79 22 54 80 46 90 80 17 58 31 11 0 95 34 90 16 30 11 57 34 41 60 78 76 13 74 54 94 22 63 6 75 80 24 25 27 54 83 88 15 44 35 71 58 16 63 18 80 61 83 76 87 43 66 31 93 74 5 25 25 69 69 32 89 26 82 74 21 34 59 55 39 48 91 63 66 31 31 55 47 20 32 60 30 33 40 37
82 20 23 83 83 81 75 22 100 36 69 14 39 6 1 7 49 34 2 3 40 32 0 30 39 15 100 55 54 100 21 38 85 97 33 67 67 42 32 19 97 40 43 58 77 6 44 69 73 28 29 63 43 100 35 60 73 14 37 23 12 45 21 37 82 76 98 79 12 100 100 96 84 11 2 25 83 26 63 71 49 92 99 7 91 34 97 93 38 47 86 66 11 29 8 87 1
15 46 27 15 46 56 46 39 31 39 53 72 11 59 90 1 85 85 85 71 81 44 29 0 57 91 88 4 43 79 30 29 88 4 51 44 57 4 32 41 19 99 39 11 80 28 92 16 91 88 95 21 83 30 86 60 67 92 14 70 91 9 84 100 6 29 94 21 36 17 32 25 4 31 49 22 43 22 51 8 35 96 84 45 50 49 90 14 55 36 94 39 69 69 16 46 24
26 3 99 93 59 33 66 12 56 66 63 97 41 18 50 28 66 57 10 58 94 80 11 9 0 87 49 4 92 36 16 49 33 97 53 70 24 96 37 73 25 73 34 61 73 57 15 46 22 8 25 19 49 81 56 95 14 19 42 93 79 81 67 27 78 44 37 81 13 89 62 4 91 46 32 65 65 21 5 8 6 12 14 33 53 93 42 30 82 70 27 53 24 66 89 70 10
46 10 96 55 62 3 8 97 84 69 10 95 71 52 72 83 33 17 23 16 19 42 81 7 67 0 77 53 89 73 58 40 41 55 41 65 16 30 84 89 71 9 77 9 24 89 64 66 70 20 85 67 67 39 25 42 79 39 12 24 91 75 42 75 88 60 46 29 55 15 5 19 94 35 43 97 80 76 86 54 86 40 32 81 54 77 38 10 66 4 91 10 94 16 81 26 54
92 25 18 55 71 90 75 5 58 64 47 100 63 12 89 39 97 35 70 25 32 69 13 66 40 23 0 49 42 95 76 12 63 3 85 56 66 91 16 99 5 60 24 23 94 20 64 25 94 11 5 69 72 86 62 64 94 27 27 18 7 73 22 83 20 97 3 62 90 10 21 20 56 47 86 76 99 49 93 11 66 79 91 39 95 81 73 77 43 63 20 76 21 55 11 10 77
27 42 85 44 78 7 26 85 22 35 26 26 31 19 71 80 35 21 48 81 25 18 77 79 26 50 92 0 84 58 63 48 77 96 15 96 60 89 65 98 78 58 63 22 1 22 74 81 87 18 67 47 24 76 34 1 94 51 57 45 88 73 78 95 8 68 58 36 58 88 35 42 71 2 53 44 23 73 74 78 83 77 88 33 18 44 8 35 11 30 80 41 80 31 36 54 26
96 98 29 14 19 62 48 4 82 22 43 35 14 87 60 21 74 12 13 41 79 36 81 6 60 40 12 46 0 31 50 81 92 91 64 25 52 53 16 46 46 94 2 60 23 15 38 84 48 40 97 7 71 67 2 65 84 48 76 91 12 74 7 68 86 77 36 35 64 27 67 62 5 35 28 90 1 13 2 83 77 71 61 37 13 72 14 1 28 14 49 41 40 100 94 43 63
38 42 77 73 82 77 98 36 23 21 74 86 59 43 51 71 24 65 64 19 40 36 95 90 99 3 95 80 32 0 41 98 55 23 89 15 77 31 36 8 55 69 25 83 14 23 89 86 34 13 100 22 77 25 69 89 11 78 85 65 61 32 96 93 23 71 65 82 62 25 75 94 98 18 91 38 45 87 100 54 51 1 79 91 43 8 63 21 87 23 92 86 55 2 21 44 78
38 36 18 14 47 67 94 66 56 56 54 3 44 16 53 29 25 46 51 13 21 52 1 4 30 8 34 66 55 81 0 31 64 89 88 42 99 52 10 43 43 90 79 96 8 18 70 17 61 3 64 92 39 52 11 56 76 32 76 54 86 38 93 30 26 43 69 23 94 33 98 24 28 28 74 91 36 100 1 4 10 38 42 25 48 40 68 9 59 75 57 70 2 53 60 33 23
36 61 100 23 94 65 59 53 43 39 48 39 72 96 29 84 74 92 100 46 70 67 62 92 6 31 25 100 90 90 84 0 64 80 62 1 54 34 33 19 62 33 82 6 80 56 58 23 88 99 57 61 23 18 21 58 51 90 22 36 15 26 27 43 68 52 36 100 7 51 13 20 21 76 16 14 77 49 100 56 1 86 82 9 45 48 12 17 53 61 29 66 38 17 71 86 35
75 45 70 54 47 73 14 91 8 25 8 60 3 95 75 80 94 55 24 6 7 42 27 69 98 76 48 34 46 78 21 34 0 9 71 9 47 55 62 92 94 12 49 15 55 33 75 35 4 4 39 77 55 21 22 32 72 25 61 93 36 95 69 89 5 19 42 13 37 34 46 48 21 44 55 95 56 60 37 46 34 70 23 28 36 96 20 59 5 51 85 50 62 50 43 24 30
27 43 46 62 54 43 45 45 32 79 21 84 40 24 11 61 34 18 78 5 61 88 42 48 75 67 34 25 80 43 23 31 55 0 22 26 24 73 75 39 29 44 43 49 7 93 76 2 81 87 14 55 14 11 3 52 14 77 57 26 93 9 71 15 8 91 43 16 5 48 36 70 85 25 33 10 53 83 29 43 99 22 45 34 63 16 87 49 86 89 72 86 98 64 11 6 72
41 69 10 51 91 93 46 26 26 74 57 10 25 95 45 6 30 99 28 20 6 94 13 85 88 80 9 8 7 89 25 79 91 9 0 32 99 98 79 55 64 96 61 33 30 60 47 30 98 11 53 84 24 78 71 32 18 69 8 87 30 80 18 21 38 57 43 87 81 32 16 13 17 81 83 31 44 92 31 93 64 9 87 55 85 84 86 23 77 52 49 65 86 23 59 100 24
65 42 67 65 38 70 88 3 47 88 94 94 49 21 46 52 69 81 88 25 39 27 16 55 6 59 47 70 26 55 88 21 33 83 67 0 75 84 91 21 86 65 71 95 78 23 68 69 24 14 50 28 73 65 82 12 11 70 21 36 68 100 66 15 26 16 17 95 35 62 41 58 69 8 85 53 10 53 40 78 82 36 35 38 98 36 79 63 66 28 64 56 82 44 100 35 23
98 5 96 69 55 51 44 36 31 22 93 88 64 89 54 22 87 15 91 34 33 51 57 31 32 19 40 89 91 5 59 59 68 27 30 52 0 9 57 71 44 86 34 79 81 32 31 87 71 60 55 74 10 40 77 10 74 95 47 32 22 28 2 82 62 29 7 96 74 78 32 79 100 41 92 97 33 5 39 94 61 2 23 64 14 36 81 79 24 16 20 83 75 1 81 22 96
29 64 79 57 19 94 37 61 77 32 66 12 70 48 31 61 17 59 21 2 58 75 90 4 23 26 6 45 64 4 46 18 12 7 82 82 67 0 1 87 2 33 100 84 98 56 89 38 6 62 94 88 21 42 99 8 3 65 28 8 39 26 86 57 12 3 87 70 26 100 20 10 55 93 34 67 67 31 72 43 1 40 85 81 93 20 45 94 44 53 35 46 59 27 55 89 24
81 73 30 91 44 99 83 37 1 34 72 43 55 92 19 5 95 99 69 25 76 54 66 7 63 34 7 64 95 59 89 37 86 89 67 18 12 54 0 100 23 42 78 47 17 60 46 80 82 47 53 48 44 41 29 6 29 87 46 12 13 85 59 61 36 3 78 20 27 76 49 7 21 83 35 27 23 33 20 59 1 41 63 53 92 100 66 56 2 90 71 1 24 47 93 52 67
51 77 26 89 99 61 30 48 32 96 73 83 47 88 81 49 8 40 25 95 81 73 10 28 59 73 12 67 79 95 64 38 30 14 37 46 67 20 43 0 44 70 71 72 63 74 81 28 39 16 9 47 2 20 82 10 57 74 43 84 32 53 36 28 51 72 16 48 29 2 96 84 40 84 25 1 89 62 2 34 66 34 10 4 49 96 65 34 97 23 65 31 13 95 12 68 49
18 60 75 45 73 56 11 80 78 82 7 94 22 94 29 90 21 82 55 76 95 95 16 27 63 57 29 39 11 47 48 73 35 94 39 32 23 68 34 24 0 48 41 95 46 51 22 62 4 25 70 21 35 7 38 86 39 53 93 3 10 75 69 16 93 55 34 64 28 22 76 71 77 19 43 64 21 13 27 30 51 82 74 93 2 21 28 35 50 14 30 1 66 88 35 16 61
27 31 5 63 4 64 9 71 98 88 31 23 40 86 20 72 97 21 60 17 36 84 82 35 68 7 82 39 65 99 40 48 6 85 62 35 54 65 71 97 49 0 87 39 72 52 45 19 30 41 68 45 39 6 82 97 2 21 41 35 73 53 95 36 2 84 66 28 65 20 82 51 95 73 41 97 51 48 18 45 2 82 39 21 78 49 74 43 88 92 48 67 15 87 70 13 20
57 8 99 45 17 59 40 18 73 85 68 82 21 80 20 18 17 89 87 80 38 41 99 69 50 15 75 55 32 12 5 73 2 7 86 39 79 80 66 17 49 16 0 69 36 75 19 34 25 97 3 60 59 65 9 51 68 14 95 18 59 84 85 29 73 38 68 38 75 76 57 9 4 9 42 48 88 34 96 10 16 14 25 40 17 85 44 34 85 36 4 40 57 74 26 9 81
5 79 62 32 45 90 96 92 98 51 40 67 45 77 28 2 12 54 82 67 75 13 80 28 64 37 99 35 100 73 29 96 100 48 3 8 86 79 25 40 75 62 73 0 26 26 32 71 16 64 51 6 89 80 68 1 18 79 91 29 26 32 16 10 63 81 54 28 81 14 45 39 41 88 92 57 67 7 36 97 76 41 92 46 43 21 1 73 35 60 2 62 50 3 42 18 33
10 34 66 25 82 63 54 66 78 60 93 47 65 53 37 5 19 76 95 69 1 21 60 89 35 97 99 59 89 31 2 7 35 20 93 42 6 53 62 3 27 47 95 26 0 3 71 59 60 98 8 43 35 51 2 42 55 100 49 75 25 1 59 51 84 46 95 40 93 70 79 63 89 61 1 19 100 79 62 51 88 3 95 2 29 86 54 79 42 28 6 19 88 84 50 75 80
37 36 43 99 22 57 89 92 24 1 60 20 11 94 97 30 1 15 27 94 63 8 75 60 38 23 75 3 74 85 32 16 20 98 99 30 49 20 100 98 90 100 3 16 48 0 24 1 40 37 6 35 16 30 32 46 17 66 57 58 84 55 50 4 15 9 91 28 71 56 94 32 81 5 98 83 78 22 47 87 85 1 48 57 85 34 14 12 39 97 79 24 2 27 15 25 33
6 4 97 73 67 81 2 93 13 75 21 64 44 7 3 75 63 82 34 82 72 10 9 5 78 38 14 32 81 27 21 75 98 64 30 94 78 12 64 73 20 22 4 16 55 32 0 1 66 22 76 61 40 53 84 25 76 69 6 84 7 87 46 78 17 25 9 4 9 25 79 99 81 16 67 37 72 51 78 61 14 47 26 71 93 86 89 53 6 10 55 89 60 63 45 46 57
32 16 11 54 23 14 71 18 68 8 44 82 24 85 7 28 61 23 8 98 58 92 19 43 18 76 54 85 89 94 11 66 58 16 10 20 9 53 44 35 24 83 48 91 34 14 67 0 28 80 16 91 23 72 65 64 2 76 94 74 79 39 27 36 77 19 75 66 100 51 9 99 57 77 52 53 23 72 23 49 52 96 48 84 96 55 92 84 95 84 96 14 6 51 26 56 60
3 14 38 95 16 60 10 47 66 29 76 98 32 38 93 39 50 24 40 92 24 1 40 26 43 72 61 42 82 89 21 10 79 52 91 35 6 56 86 65 67 44 12 48 8 54 72 86 0 16 56 99 21 27 76 30 40 71 23 84 86 76 19 82 88 62 55 4 45 11 60 16 28 64 33 47 48 100 95 68 79 21 95 72 98 11 18 64 81 99 76 62 64 97 4 91 97
80 60 70 77 4 64 70 15 38 2 74 68 62 89 14 26 14 42 31 26 74 2 60 68 80 5 4 35 4 5 3 18 74 14 24 91 77 17 62 82 64 57 43 31 80 9 39 77 81 0 37 69 58 14 32 8 77 56 31 25 50 43 96 16 6 75 86 59 59 13 53 18 54 74 74 6 36 15 78 81 83 21 32 18 63 100 96 66 85 14 13 62 67 88 3 77 61
75 48 50 53 2 78 48 79 97 82 22 56 71 91 25 21 94 82 57 31 68 62 20 67 10 20 90 44 51 97 38 64 70 55 94 64 74 18 90 84 100 13 28 20 72 2 96 49 41 47 0 67 75 33 66 52 19 40 4 94 22 30 46 99 75 57 76 87 10 98 87 2 9 3 7 31 46 66 70 56 47 24 41 11 31 40 9 4 74 9 80 34 73 27 58 80 48
95 15 64 61 49 88 2 14 7 95 84 55 48 31 95 33 54 26 74 95 81 85 90 36 20 86 49 17 71 37 9 29 8 15 9 23 69 46 92 68 94 6 6 79 99 26 99 62 12 42 39 0 15 96 76 40 83 37 87 88 34 94 84 6 90 85 73 36 14 68 43 67 31 86 8 38 94 39 45 70 43 72 63 11 19 77 65 65 9 45 2 2 80 60 53 71 5
41 81 10 15 51 4 34 2 67 52 23 63 11 90 70 54 25 75 65 90 39 76 28 58 11 81 19 7 13 66 12 85 84 70 49 78 54 58 67 1 31 15 86 48 29 8 25 15 31 46 14 86 0 63 33 15 73 43 64 44 70 16 18 53 79 2 1 93 19 1 84 69 9 92 44 99 16 31 63 46 5 54 78 94 9 17 37 89 10 30 81 73 59 6 93 58 33
48 30 21 46 95 46 44 33 49 56 68 42 78 19 100 4 3 33 60 65 5 70 46 10 38 74 85 52 11 35 36 91 41 44 34 79 17 56 43 57 90 15 80 44 97 84 33 61 1 79 8 60 31 0 66 78 24 13 31 21 99 54 13 25 24 73 12 19 26 95 22 32 54 84 89 57 96 10 19 48 43 77 54 11 59 58 8 52 73 83 30 8 82 81 41 58 64
81 54 5 26 61 37 18 71 62 29 76 3 71 71 16 70 85 56 17 34 15 88 22 20 66 93 35 42 42 9 39 84 23 85 83 93 62 80 21 41 48 68 48 49 73 3 83 15 39 21 25 33 6 98 0 99 13 40 8 89 7 70 8 9 91 69 58 66 13 87 38 25 15 75 57 9 22 40 17 8 46 62 34 19 40 19 39 51 89 40 9 11 49 76 2 38 5
39 5 25 8 100 69 18 25 82 53 20 10 56 60 95 85 31 3 77 31 45 93 22 19 95 14 41 80 54 19 95 31 71 69 57 100 97 88 96 56 25 12 29 9 100 17 60 62 65 44 88 9 69 78 56 0 40 32 79 14 60 18 83 81 65 83 67 34 38 10 56 35 100 52 73 3 75 17 10 3 85 60 56 95 72 3 73 29 67 11 25 2 85 33 3 54 65
47 70 19 74 94 15 99 79 48 98 43 16 35 21 40 41 28 80 3 67 23 54 53 8 100 96 74 6 15 54 84 74 73 3 88 52 6 19 84 51 88 4 8 31 82 64 7 82 70 75 3 57 1 61 89 36 0 59 72 58 69 20 31 9 29 67 54 54 8 14 78 38 16 60 58 43 22 25 41 24 37 17 39 60 67 48 86 59 70 65 96 17 28 11 36 51 72
64 15 93 66 50 42 26 77 8 6 75 59 94 43 75 45 85 53 77 82 41 29 96 35 13 61 51 45 53 76 88 90 64 69 28 53 54 30 14 90 85 8 17 63 99 90 96 39 26 56 24 44 16 19 88 46 92 0 18 78 54 54 20 2 52 92 37 72 11 89 82 95 64 26 30 33 14 41 59 95 74 61 6 25 26 49 27 79 95 93 73 23 8 14 86 20 93
87 82 12 26 20 91 49 18 24 66 62 53 67 52 60 78 33 60 73 24 95 21 2 15 96 80 52 99 33 68 9 82 89 49 17 8 59 79 29 21 5 32 8 54 75 7 7 92 42 5 59 78 28 21 11 21 33 11 0 65 7 18 68 23 78 54 62 38 75 50 60 33 88 67 94 96 21 3 51 21 15 21 90 72 95 22 7 71 54 24 19 1 16 58 28 53 49
51 81 64 56 56 17 14 75 89 50 70 88 16 28 28 59 89 23 4 9 37 51 75 49 10 28 17 26 53 31 74 100 47 9 86 39 18 30 13 71 68 12 21 26 46 90 69 13 54 72 90 95 19 26 13 87 34 33 60 0 64 79 18 48 70 26 71 69 37 60 87 36 87 86 42 65 79 52 65 48 41 68 56 47 24 66 35 50 86 33 4 3 96 95 55 78 8
93 62 64 43 34 72 57 87 45 22 47 58 64 10 86 54 76 68 2 9 44 54 75 33 85 2 22 44 78 56 12 45 11 59 100 72 36 38 54 28 65 92 83 37 12 63 93 80 5 79 11 3 86 55 62 89 92 30 12 98 0 76 3 50 49 72 10 56 31 85 67 37 42 88 30 28 78 73 86 54 35 68 70 71 32 79 98 85 40 1 6 29 88 17 22 60 93
8 78 1 60 74 65 84 12 20 25 63 66 38 94 38 5 91 45 86 85 54 91 43 26 29 83 42 43 21 12 74 80 28 68 87 30 51 31 5 54 12 56 71 1 33 19 91 15 12 75 47 38 58 23 27 58 43 60 74 19 71 0 73 68 47 51 12 97 3 68 25 86 40 89 29 93 55 88 77 95 27 58 77 35 27 28 24 95 76 51 74 11 56 40 90 54 81
5 17 43 25 24 55 57 79 5 37 84 52 40 13 80 28 81 11 2 68 84 84 61 37 85 25 74 14 76 69 24 50 39 8 82 17 40 9 73 75 2 4 41 96 89 41 56 15 26 80 90 68 10 54 83 80 42 44 85 77 91 72 0 42 51 84 53 66 32 92 16 33 11 56 45 75 31 91 79 74 3 24 29 6 81 13 14 72 42 21 56 40 41 52 61 80 76
32 27 14 44 88 31 31 3 13 5 15 41 53 62 57 72 43 14 80 62 34 16 80 53 38 1 10 74 97 94 74 95 31 99 91 94 92 33 46 80 19 23 13 41 8 50 11 23 80 6 8 62 17 93 58 16 61 34 72 51 28 58 68 0 54 14 69 68 78 79 20 2 29 81 17 92 5 8 43 34 87 6 26 63 18 26 39 72 13 19 72 57 18 38 30 18 45
24 88 70 99 70 64 74 22 80 40 52 79 77 1 44 93 45 62 17 95 96 12 13 16 11 55 18 81 30 20 29 71 61 41 48 47 73 87 20 16 22 75 34 41 94 89 24 32 25 5 25 7 69 23 41 21 14 78 34 17 42 82 83 20 0 26 44 87 41 48 30 3 62 77 36 30 37 45 89 26 85 99 40 3 99 43 8 96 13 98 74 30 74 36 58 13 57
81 20 82 28 6 98 79 9 65 8 43 72 72 67 45 42 30 34 84 19 95 23 82 80 1 63 13 24 41 98 95 73 72 34 54 2 17 90 44 4 12 2 5 18 83 58 7 38 10 97 76 79 92 9 71 44 30 16 4 67 44 13 70 20 7 0 45 98 1 75 10 90 47 88 87 17 39 84 30 63 39 99 23 62 11 20 68 67 4 6 30 10 39 51 43 84 83
84 87 99 2 80 34 9 87 88 7 83 19 13 43 9 73 82 60 47 30 25 38 14 85 83 9 12 20 92 17 31 61 9 6 93 77 42 18 21 64 88 98 70 14 36 30 61 80 42 29 26 30 8 50 44 93 23 60 34 42 96 25 81 15 26 18 0 39 54 71 87 94 52 33 7 79 15 95 1 95 9 76 90 76 21 69 96 77 40 42 60 67 40 55 45 27 76
13 44 93 41 61 67 88 65 50 62 61 16 98 2 15 63 6 23 68 29 87 28 13 24 82 68 95 24 65 4 74 89 32 8 92 90 62 36 35 27 31 89 69 11 19 48 61 63 42 63 27 20 36 26 16 76 21 66 23 32 49 62 40 49 42 90 88 0 45 90 25 8 65 81 78 90 42 4 3 1 48 83 35 84 83 90 38 10 49 46 96 35 94 12 91 43 24
11 69 80 78 67 90 65 7 66 49 29 15 26 7 83 95 70 58 76 51 6 81 36 45 66 66 22 92 86 51 2 79 8 22 73 84 3 23 23 46 12 76 6 27 73 81 95 35 46 85 30 14 31 30 100 72 7 85 1 83 87 78 84 29 84 44 62 89 0 75 96 38 29 75 85 8 62 33 27 41 20 87 20 43 45 79 13 79 41 11 21 23 47 19 69 63 99
23 84 51 11 27 98 79 93 65 33 23 40 85 23 42 11 65 67 59 87 88 42 45 100 6 10 53 76 5 71 14 60 57 50 54 84 23 27 24 25 64 19 100 49 62 48 84 39 77 13 29 22 43 49 15 94 98 99 14 14 10 68 20 24 75 30 8 82 70 0 9 66 1 19 48 11 65 32 10 96 57 37 91 21 61 100 14 19 70 57 73 19 97 14 80 83 4
8 43 4 50 57 7 58 54 43 36 31 52 99 49 26 68 68 64 72 79 43 34 94 60 10 23 67 8 5 11 22 51 8 41 39 56 96 5 86 35 47 34 76 25 19 41 7 20 75 5 22 10 11 100 93 61 85 46 19 57 30 41 41 2 8 42 24 76 79 84 0 92 49 63 79 59 74 47 90 1 98 28 94 58 24 69 12 6 84 67 38 34 38 34 83 44 32
67 20 41 10 14 18 54 50 15 66 36 41 84 57 89 85 94 6 37 51 21 42 83 50 35 66 1 17 77 79 82 1 45 28 46 41 88 85 30 73 24 1 42 36 10 81 12 54 9 74 2 53 23 42 26 66 37 32 24 40 95 71 41 42 70 73 12 11 38 11 98 0 80 100 10 22 33 25 90 28 84 46 34 2 35 74 56 9 96 78 77 90 68 68 94 88 70
31 76 27 87 40 54 16 31 94 1 63 61 20 4 27 71 83 97 36 13 12 69 75 1 53 20 11 89 95 48 3 26 15 29 90 12 54 29 38 86 59 79 70 40 1 19 75 92 27 64 57 3 47 47 23 25 42 19 88 60 89 10 90 9 74 91 77 80 79 93 78 59 0 85 40 62 34 50 99 6 78 11 3 8 89 32 52 11 14 97 98 1 62 50 94 9 3
77 95 53 49 40 88 51 19 7 92 16 67 83 89 38 46 73 73 54 50 74 59 82 83 99 39 65 54 26 34 40 49 35 13 94 40 13 7 96 52 1 54 43 7 10 72 53 11 92 67 54 60 63 64 55 33 47 8 68 75 100 37 20 38 44 56 43 5 74 99 35 93 36 0 67 100 61 21 35 89 85 60 53 81 10 41 7 100 98 73 94 28 93 70 27 55 87
68 25 13 44 67 39 71 39 90 46 39 83 85 48 88 9 17 14 22 99 17 53 8 45 37 4 30 71 42 56 14 7 40 52 99 89 19 71 48 77 54 89 87 92 30 95 33 91 16 7 90 44 94 20 63 75 48 59 24 15 64 92 1 55 39 84 74 28 91 35 69 87 61 77 0 28 11 68 2 63 53 48 72 9 6 42 2 8 95 73 91 66 83 58 47 92 97
89 2 33 16 59 75 36 78 25 37 95 61 79 42 44 37 50 92 54 43 11 86 45 50 52 39 7 44 94 66 19 88 11 54 37 59 91 44 68 33 13 79 32 79 6 44 11 51 32 64 69 32 62 72 57 15 70 80 80 42 38 56 3 13 47 7 65 76 62 17 9 77 49 72 98 0 87 94 75 12 26 80 76 59 1 83 24 92 34 34 2 49 98 96 32 90 59
75 14 22 66 2 69 71 81 81 23 13 86 67 75 90 82 65 87 24 42 62 42 22 96 96 48 77 74 72 12 57 35 7 98 55 78 85 14 98 30 62 45 27 4 40 32 95 48 96 66 91 91 58 3 71 92 32 23 80 86 80 48 77 27 65 65 13 89 48 87 30 6 95 2 37 68 0 59 38 50 19 32 81 93 15 29 22 23 55 79 58 51 24 50 38 84 2
55 68 23 93 14 9 35 68 97 58 89 24 34 98 91 47 13 47 13 52 49 87 30 48 24 39 93 99 15 67 12 49 65 10 14 35 41 30 33 69 34 32 51 91 74 58 10 49 83 81 76 72 82 65 12 15 83 99 51 31 83 60 83 59 45 41 2 27 99 20 52 40 56 40 2 4 55 0 56 75 13 55 14 9 5 6 83 17 97 13 69 93 87 26 44 19 53
37 94 74 93 65 73 60 2 18 4 19 1 36 71 50 13 24 55 69 5 35 14 98 5 89 87 34 33 67 43 34 50 24 29 31 40 18 19 38 33 1 42 38 84 83 3 91 12 34 56 95 9 46 59 69 92 67 38 23 11 95 97 86 18 22 97 28 78 56 45 36 44 52 15 21 39 58 68 0 54 51 37 45 68 89 43 31 27 13 31 26 55 2 50 22 33 34
96 23 85 98 25 67 3 84 47 34 31 76 34 90 11 4 6 5 44 50 98 69 52 68 62 82 54 6 48 75 89 21 81 6 39 63 2 38 63 56 18 44 26 72 22 78 87 74 68 65 50 77 3 17 5 18 75 27 98 43 97 14 33 79 17 87 50 99 55 64 13 25 30 77 98 35 28 54 56 0 54 83 40 10 73 61 39 28 10 6 92 80 5 24 89 60 9
24 90 69 96 100 47 7 78 6 48 52 81 14 68 55 87 20 27 13 37 57 31 42 61 64 6 38 96 46 35 52 87 75 66 17 19 88 58 30 27 26 46 16 22 93 39 20 30 62 22 83 45 79 77 76 54 12 41 24 32 27 20 80 8 77 80 97 68 32 53 95 69 86 27 25 13 77 3 11 22 0 45 64 79 24 38 66 52 98 78 25 10 49 51 64 32 52
70 48 82 59 80 16 76 71 87 66 71 88 9 49 33 15 2 15 97 68 60 29 67 27 90 9 66 42 89 67 63 11 27 38 52 44 56 83 78 42 60 88 7 6 14 31 44 42 39 20 6 43 43 1 70 4 57 54 23 29 98 2 79 82 67 57 30 7 8 66 90 9 45 24 65 78 93 43 53 6 86 0 98 94 59 40 8 23 78 46 75 79 40 38 32 39 85
30 45 76 56 39 82 62 76 3 88 80 49 24 3 53 60 3 11 72 2 86 62 76 52 21 49 18 88 37 65 47 75 4 88 39 23 18 50 24 8 17 82 33 36 7 69 94 99 80 59 17 93 71 41 71 79 43 84 69 6 79 89 3 12 74 100 18 19 33 34 35 76 91 70 3 41 84 48 62 52 47 84 0 56 28 69 82 2 37 94 91 64 16 19 4 47 53
11 26 58 14 44 66 70 49 85 93 27 21 25 85 11 89 7 44 46 7 57 54 64 49 40 47 46 27 94 90 71 37 99 49 75 42 94 54 27 66 84 79 68 28 95 10 23 57 40 51 46 70 51 92 4 28 25 80 75 51 48 79 63 76 95 50 24 100 92 14 81 87 75 60 59 2 22 5 32 53 35 7 69 0 16 75 56 16 21 71 41 36 55 5 28 15 75
10 85 18 68 59 3 15 65 54 31 39 34 1 40 4 71 39 34 2 31 92 66 19 73 92 43 89 21 52 4 79 1 44 81 64 18 24 68 31 27 66 21 13 46 2 53 34 75 28 40 90 45 27 50 52 39 99 38 25 12 34 3 35 35 1 63 94 10 6 96 4 6 6 98 21 29 11 75 13 12 7 59 37 44 0 48 25 49 71 13 26 13 75 51 97 31 20
30 19 2 4 71 81 2 9 42 77 58 86 25 94 51 90 15 13 74 70 95 33 13 6 85 18 52 16 3 58 20 8 50 24 89 20 56 39 60 48 86 99 28 67 84 3 71 98 76 78 1 29 96 64 92 11 7 58 19 1 10 2 100 88 81 95 66 26 93 44 72 56 67 63 32 30 51 44 12 91 50 60 83 19 58 0 93 34 98 3 28 69 75 15 26 100 7
76 91 50 2 54 13 17 8 16 66 86 48 31 47 100 25 26 5 36 37 90 80 59 52 86 73 71 35 27 9 80 38 21 6 80 43 11 59 75 37 29 36 89 57 44 43 34 49 67 49 95 95 32 17 15 49 51 32 16 31 22 43 73 36 42 62 26 94 47 89 78 50 35 64 65 81 26 27 26 38 93 41 44 57 28 16 0 26 8 98 51 45 48 60 100 73 42
67 31 4 12 47 79 22 40 80 88 4 60 45 74 80 49 72 53 17 2 9 34 40 81 79 31 5 18 97 64 42 55 54 74 11 67 83 85 99 45 46 73 63 54 32 13 95 69 5 1 59 56 24 74 25 36 31 60 25 88 4 51 58 87 29 87 38 68 30 47 25 12 5 98 92 51 96 73 81 27 55 32 20 38 13 91 61 0 58 21 85 69 48 58 2 62 71
80 34 14 31 78 5 76 42 56 33 11 39 37 3 93 86 23 7 92 23 92 35 20 51 41 79 8 89 71 51 67 78 49 82 87 16 69 72 96 6 86 19 43 41 43 30 19 78 19 37 43 97 29 58 94 10 12 26 18 38 83 76 3 24 22 56 24 7 84 75 41 37 30 51 77 27 54 13 95 60 49 84 31 94 67 90 79 99 0 33 9 60 29 5 76 36 26
70 31 49 72 67 90 3 37 1 62 17 15 85 46 21 35 68 62 35 91 71 92 35 94 36 33 66 20 94 67 68 24 65 9 4 3 73 53 79 73 97 36 13 10 33 77 57 31 97 91 1 48 89 81 14 76 1 77 15 76 42 77 97 28 92 47 50 39 75 56 43 66 61 4 92 36 42 36 68 85 51 20 97 77 45 20 65 49 17 0 38 20 41 57 43 86 33
26 80 85 70 89 39 96 47 57 11 60 50 88 53 88 69 26 85 52 78 58 25 94 100 95 16 48 71 82 47 14 36 79 78 5 26 99 43 58 33 78 1 97 50 86 54 10 34 82 89 49 99 85 64 10 41 43 23 12 2 39 39 3 91 23 6 33 48 61 18 70 27 95 81 36 20 25 57 70 44 24 82 41 56 46 61 94 89 86 46 0 35 38 46 70 84 6
31 19 86 89 54 50 2 49 40 12 85 62 93 9 8 87 66 41 84 89 49 12 64 79 90 34 30 31 28 64 5 79 2 58 19 95 64 86 84 76 5 74 67 63 58 98 49 12 31 29 85 69 30 54 89 59 50 26 72 53 8 61 65 41 72 31 1 31 53 78 74 67 91 46 78 63 36 32 75 43 84 20 72 42 76 18 62 86 11 71 26 0 91 72 46 26 61
74 94 59 69 69 19 49 3 45 25 39 45 6 76 43 79 39 15 79 22 68 79 85 83 15 21 55 71 74 49 47 21 47 70 82 21 46 63 50 55 88 7 30 83 13 8 34 64 91 49 91 86 98 79 96 3 85 80 56 95 15 20 48 73 75 67 62 62 34 32 31 15 82 3 62 51 73 46 46 98 48 55 22 47 62 38 81 65 69 71 13 77 0 59 90 97 23
22 35 2 14 26 84 18 24 1 66 40 2 22 73 80 70 79 81 48 35 40 34 6 30 39 2 77 27 25 51 86 90 81 60 34 28 14 9 30 85 68 59 99 8 91 45 61 60 30 18 56 71 67 16 69 64 84 23 20 86 19 71 15 63 75 22 31 43 42 10 6 87 4 84 88 13 57 10 35 47 12 83 79 31 88 9 64 90 19 100 59 22 39 0 34 64 44
32 71 73 32 37 55 88 29 59 38 42 49 8 29 88 67 66 4 20 10 15 80 82 54 88 46 10 11 62 1 45 1 9 53 27 20 85 37 58 19 43 52 78 64 20 28 19 21 2 60 16 26 31 81 6 12 80 80 8 81 24 58 74 69 29 4 29 97 88 38 94 54 24 92 84 22 13 17 75 44 43 84 63 18 58 12 18 16 26 27 6 99 12 39 0 67 56
72 46 21 100 70 12 83 21 96 47 46 51 22 95 18 28 65 64 48 45 50 57 25 67 38 95 95 23 3 23 24 31 34 57 28 41 57 14 69 13 77 77 63 22 44 14 30 98 48 55 71 33 16 81 55 76 9 3 3 76 81 10 77 41 92 65 24 56 51 96 51 25 34 97 29 29 35 70 9 25 37 38 57 92 20 62 31 76 93 88 60 61 30 76 26 0 50
33 16 65 93 98 6 43 69 19 36 92 34 47 31 6 90 51 5 61 15 93 94 7 74 32 98 39 39 66 58 48 43 25 32 50 23 31 60 32 22 37 5 97 83 19 22 88 84 43 67 68 95 41 92 30 67 90 24 23 91 44 10 69 27 25 21 36 4 9 47 62 27 3 13 60 78 5 73 25 31 83 49 30 34 54 48 12 18 69 23 97 47 1 38 94 87 0
