94 58
224 612 765 809 378 809 921 310 546 850 731 31 402 713 626 786 239 410 915 644 47 623 835 950 582 855 73 912 751 795 610 980 527 901 782 282 542 925 680 804 47 569 908 397 327 304 528 98 554 907 5 341 496 56 743 194 847 757
783 385 858 213 34 399 511 946 362 776 207 600 570 997 294 442 959 445 226 835 498 764 104 962 618 237 498 795 671 605 676 790 737 662 182 743 239 516 124 89 459 128 217 455 250 102 947 377 114 109 799 903 828 498 437 941 992 481
390 819 32 666 858 640 549 692 278 83 885 576 706 869 543 77 73 406 221 235 25 18 39 430 339 576 745 881 732 431 770 436 138 757 21 684 242 110 101 662 118 509 666 504 765 42 552 187 522 344 334 848 822 706 148 734 896 105
5 949 899 772 20 427 705 37 411 105 635 692 279 817 306 410 599 70 888 956 539 991 344 522 970 89 460 651 739 776 340 919 293 882 924 41 138 617 959 318 254 251 296 998 814 800 799 606 347 663 248 184 997 772 887 648 428 842
264 299 770 337 267 846 13 356 44 832 576 275 224 293 785 16 108 553 525 607 208 629 824 574 817 920 329 815 36 685 449 767 365 789 204 36 263 489 480 287 239 503 698 635 953 358 945 866 660 687 386 67 89 546 946 1 190 458
362 995 746 606 484 667 881 309 820 350 86 725 914 423 176 208 460 208 101 836 281 390 636 446 624 151 391 690 862 155 53 17 190 892 605 551 802 196 158 791 496 258 20 942 481 256 316 697 923 915 865 652 285 32 119 465 762 648
421 224 959 144 192 241 215 783 722 995 991 492 705 480 571 756 315 975 422 149 519 605 529 34 823 274 707 436 563 228 478 665 271 82 938 907 340 758 419 263 467 975 110 329 653 506 57 97 409 565 711 364 461 153 627 617 853 89
292 853 74 171 263 902 873 569 27 921 732 164 293 753 14 855 963 597 512 691 102 612 217 508 512 535 258 47 997 523 335 478 215 457 145 698 201 644 48 460 133 719 438 960 473 520 23 318 243 837 196 278 181 673 855 199 789 643
489 437 731 660 183 21 277 955 923 270 384 686 647 397 732 471 460 260 450 49 120 201 442 165 182 671 364 645 496 707 24 900 487 365 362 57 475 161 989 870 518 121 368 169 634 433 933 222 443 814 502 871 239 196 171 185 882 162
894 804 239 476 104 71 784 629 988 549 302 951 289 368 140 521 805 48 558 587 796 56 967 849 8 94 632 634 714 469 252 660 87 769 936 189 103 62 192 840 822 908 516 251 733 555 42 417 947 584 662 720 124 969 796 465 268 283
909 960 581 853 511 407 659 440 807 395 905 541 675 834 861 331 2 656 462 868 476 341 366 187 390 60 994 45 253 562 710 553 244 281 637 596 561 705 718 797 769 586 139 234 852 696 731 902 539 291 423 936 262 801 266 328 586 411
273 208 15 313 962 964 408 683 656 880 692 677 428 613 777 149 696 592 664 716 78 951 787 511 877 337 619 834 659 864 271 832 878 741 918 168 708 609 269 415 626 756 812 335 393 676 787 721 813 35 651 972 248 268 383 345 84 324
16 858 413 794 520 647 556 698 942 61 832 628 720 52 934 675 207 875 714 165 420 522 494 30 928 299 743 681 689 325 31 436 169 975 476 887 737 166 872 353 858 899 50 399 876 92 913 530 807 197 113 892 479 571 326 390 725 309
501 897 904 167 714 359 522 60 196 629 158 7 253 144 648 438 886 960 133 884 607 678 705 842 683 157 656 889 810 944 76 326 656 536 629 842 682 984 470 285 169 751 396 751 112 593 986 562 80 467 775 831 954 713 473 796 292 61
723 911 669 238 322 770 770 195 805 35 131 586 715 142 960 66 86 769 804 889 797 884 396 307 327 139 441 640 187 185 592 24 741 146 675 861 115 182 249 349 701 509 96 155 763 427 275 249 112 378 422 468 340 398 750 76 288 25
214 975 979 308 652 521 401 510 162 553 282 212 880 923 609 45 70 773 451 673 607 809 935 62 130 582 85 982 962 555 895 72 965 466 868 377 354 620 795 71 43 822 445 722 490 360 603 47 952 30 486 2 809 581 142 888 979 411
690 311 252 83 798 258 747 932 827 548 887 198 616 600 69 760 134 99 853 232 713 367 315 200 730 492 59 129 809 957 213 47 424 85 713 753 715 316 620 371 548 298 960 434 75 590 449 67 242 427 588 944 502 392 226 328 665 82
658 490 845 785 757 190 523 492 451 832 753 129 459 290 906 501 551 156 720 484 254 755 988 118 779 971 894 815 218 266 664 456 451 227 620 199 895 659 854 160 431 172 597 150 652 196 891 451 410 113 859 263 533 635 682 112 421 902
638 847 222 130 331 419 296 257 644 356 78 268 711 237 42 794 241 751 621 430 409 223 491 868 473 947 917 729 110 286 992 252 896 581 595 900 933 405 951 911 337 308 927 155 312 240 174 693 715 815 207 685 321 445 960 962 957 268
528 287 853 795 15 249 723 93 221 380 732 860 458 601 973 2 469 190 86 804 808 642 759 747 136 683 942 897 203 470 187 981 130 18 43 90 766 226 584 930 887 229 930 322 247 428 198 651 348 831 308 261 685 748 191 15 340 733
182 975 986 885 767 866 896 111 339 225 201 34 901 513 797 133 932 29 32 147 943 586 498 411 576 879 607 119 129 575 294 143 91 748 447 450 6 17 46 808 299 364 316 126 229 806 116 334 925 648 187 267 733 317 664 118 876 110
540 176 56 590 931 381 754 186 1000 57 963 812 55 730 69 749 971 953 732 492 536 886 547 568 803 263 226 941 53 508 253 22 150 530 577 400 614 411 943 383 423 951 987 832 607 153 366 361 314 623 783 648 580 391 856 391 683 219
500 953 987 369 719 812 627 698 190 603 580 645 942 774 42 47 968 344 891 736 777 549 853 341 440 102 228 758 169 43 569 292 791 395 702 297 350 723 405 139 229 489 609 830 122 587 916 117 440 953 639 453 164 644 128 990 581 881
686 79 610 78 288 949 637 224 499 200 37 695 762 890 577 190 640 684 760 818 817 662 574 415 142 315 273 682 495 615 850 574 763 182 870 662 11 219 68 452 797 401 777 900 317 537 367 16 621 865 604 24 348 277 247 741 325 653
637 739 102 931 850 905 705 423 635 694 216 937 71 418 665 858 854 638 161 535 122 65 933 51 202 527 963 247 894 456 903 905 372 851 570 439 216 629 740 262 563 954 394 131 163 383 603 901 320 137 380 165 102 277 355 108 166 613
289 871 375 620 417 593 330 254 621 622 579 351 903 967 347 47 45 870 538 134 278 631 314 585 769 426 207 1 20 145 547 781 370 594 94 948 182 706 450 265 124 340 100 955 999 397 919 359 549 949 378 844 390 133 682 715 427 151
450 217 780 126 614 115 442 995 312 277 411 737 745 311 619 14 209 604 352 382 674 936 670 117 678 69 136 393 482 858 256 538 506 705 38 471 459 995 213 582 879 843 771 112 795 883 15 647 557 415 4 412 961 788 348 473 475 996
632 104 742 314 731 358 131 980 999 704 582 514 679 912 58 129 707 236 860 420 418 51 924 935 938 285 232 697 419 238 876 63 161 294 164 135 176 360 10 527 786 85 714 10 148 804 402 364 87 977 631 803 785 391 891 410 788 355
459 338 975 935 557 535 216 471 598 925 371 755 169 150 924 105 876 241 96 775 141 343 369 594 306 853 113 150 565 498 710 203 46 196 540 224 826 227 416 22 594 353 840 484 310 860 448 266 768 314 879 676 270 256 160 45 55 735
924 661 22 907 917 801 284 969 462 166 152 637 574 833 178 381 51 341 573 182 915 898 634 89 629 255 785 425 870 909 355 699 880 591 803 874 653 977 194 839 841 4 258 58 285 323 370 159 888 869 160 271 96 87 182 458 766 701
931 110 7 285 825 399 215 273 766 219 25 71 92 800 193 30 388 869 18 831 160 34 755 878 53 468 332 339 959 441 230 441 342 468 505 891 223 942 895 766 118 362 557 199 414 746 298 801 323 739 320 538 262 874 48 852 520 129
346 779 786 459 977 296 801 439 93 489 183 996 114 114 324 618 430 524 156 264 616 712 785 16 340 969 825 811 35 339 179 242 351 20 307 770 12 997 933 219 777 100 286 805 406 802 853 48 328 436 625 942 520 56 436 487 297 198
381 289 640 992 404 266 982 200 342 36 273 876 824 475 169 136 464 662 742 585 30 639 254 841 106 225 164 732 960 757 28 182 334 185 323 935 678 870 396 484 134 452 597 938 869 444 640 793 912 657 237 636 723 396 29 553 187 699
585 665 495 566 185 733 159 694 936 554 997 17 437 891 696 598 812 971 240 417 971 763 331 116 321 710 78 59 568 790 999 306 195 2 647 613 43 135 917 179 676 976 710 176 668 291 864 974 683 801 5 872 293 218 742 66 685 811
981 320 548 997 772 201 335 75 3 919 78 592 996 790 713 418 324 415 533 23 42 489 692 370 801 762 531 114 330 407 348 456 147 838 332 794 644 484 743 609 176 208 799 371 520 682 740 718 939 970 157 514 362 929 677 354 343 742
304 639 398 991 732 672 460 289 693 409 92 471 625 55 1 659 994 782 413 716 673 904 943 404 904 162 363 556 112 716 420 374 753 220 997 511 912 80 485 567 314 710 376 294 279 514 962 389 178 788 462 870 973 762 93 537 57 977
722 157 730 996 258 919 641 919 2 17 292 339 568 418 568 733 835 46 847 261 719 114 572 864 816 614 826 691 448 263 557 205 571 984 88 287 967 580 85 434 418 419 924 509 772 183 611 682 563 193 339 804 564 613 627 143 775 343
597 12 156 944 431 168 626 801 740 888 871 562 153 610 1 608 484 779 794 561 86 185 626 837 361 772 38 547 156 502 887 236 843 579 574 889 355 919 315 220 444 651 692 533 384 388 578 212 432 864 728 645 333 741 317 997 707 456
656 183 346 471 523 484 830 308 345 53 967 822 249 630 723 469 508 64 238 362 99 923 700 961 289 167 389 300 191 37 191 597 967 791 562 503 817 752 444 585 225 41 820 345 401 985 404 929 138 720 464 441 150 209 212 129 449 770
10 728 710 769 567 822 902 573 271 466 19 605 71 209 642 57 473 140 87 323 285 820 546 657 746 293 672 899 116 988 141 795 79 838 740 693 873 679 569 621 982 84 221 704 397 709 169 264 136 162 430 839 761 321 145 151 271 170
252 35 608 679 895 438 96 531 718 622 568 621 692 484 730 609 317 595 9 395 81 211 989 601 748 561 419 117 698 413 820 59 632 831 172 485 429 662 698 137 248 791 384 227 323 974 40 380 149 52 670 727 126 494 69 380 931 253
177 603 241 743 124 694 126 778 708 187 643 952 497 773 966 244 92 142 667 239 195 787 906 886 522 332 565 244 219 822 656 488 854 239 27 323 323 166 443 392 20 316 380 168 8 595 475 409 866 841 175 258 760 296 872 365 959 726
344 506 508 708 631 948 998 718 114 987 7 638 715 285 600 380 899 369 660 470 84 466 557 464 164 124 875 593 843 518 723 194 677 28 172 971 555 383 317 627 764 939 161 907 978 630 421 272 943 968 832 556 669 275 977 424 420 576
799 136 423 923 609 667 216 757 558 485 66 604 374 451 237 505 528 874 163 261 373 12 785 385 161 64 338 616 394 836 261 491 584 122 687 690 685 357 867 346 6 263 446 487 119 952 95 519 933 397 3 160 365 138 71 735 802 565
406 990 84 433 579 217 235 979 152 438 74 149 916 950 137 277 620 612 787 897 752 593 199 825 574 866 601 496 524 79 440 433 806 968 579 722 168 398 460 391 982 299 950 390 543 799 555 851 967 904 246 96 147 837 968 794 864 751
502 498 420 940 903 886 174 218 899 908 458 517 390 730 148 685 612 445 14 702 71 869 13 965 756 961 685 500 812 220 684 747 174 355 548 740 745 457 538 912 552 298 924 170 118 960 720 664 440 181 23 42 346 846 400 9 353 160
65 861 560 395 496 226 935 567 911 256 813 62 982 30 446 360 202 411 383 485 916 752 510 795 117 933 103 748 869 887 241 298 891 546 896 274 390 577 843 83 809 839 45 617 557 881 401 731 425 762 78 933 181 538 730 402 220 220
595 681 984 715 384 51 7 392 183 391 170 986 471 882 551 459 37 374 524 219 165 166 772 420 718 587 375 441 472 262 713 411 457 563 620 489 122 694 849 987 617 676 2 35 40 65 411 161 610 913 487 994 662 149 191 12 156 997
333 361 948 996 655 29 758 252 39 109 860 127 102 206 195 191 801 327 193 11 412 597 832 630 210 225 112 685 279 191 131 229 605 982 858 855 50 263 85 193 659 931 776 122 497 734 361 186 602 634 141 860 99 10 642 401 33 916
143 97 679 657 360 304 145 92 62 44 662 324 291 863 405 544 499 661 31 870 878 594 506 841 986 657 37 69 693 981 559 511 480 478 291 141 350 387 78 671 244 206 336 105 700 976 416 255 321 305 674 268 215 796 412 934 162 405
415 977 676 584 889 566 381 327 463 528 810 688 103 940 8 553 347 10 138 137 794 156 743 204 40 121 319 346 686 263 827 900 949 435 924 300 699 374 731 545 528 286 952 484 930 821 839 514 612 267 492 541 173 715 839 945 301 828
906 857 386 726 552 419 961 455 792 127 289 857 694 23 672 90 107 955 465 128 859 908 445 767 260 898 406 72 902 573 411 447 974 76 61 289 252 182 113 152 837 467 886 253 835 477 806 353 55 264 553 104 273 459 660 442 694 331
241 31 737 459 240 687 932 769 939 483 301 728 784 691 790 717 31 933 524 288 163 647 721 41 894 633 13 188 212 522 296 91 754 701 98 95 943 935 27 91 680 8 54 309 34 316 200 977 640 197 335 819 557 31 117 225 211 976
844 267 706 209 179 552 428 365 30 38 301 277 613 877 879 365 619 249 756 831 574 307 373 322 254 971 311 870 6 75 125 591 600 331 520 300 917 596 44 227 698 67 948 90 70 429 782 188 632 321 48 871 669 999 626 758 407 635
837 720 929 309 401 660 718 88 964 686 82 165 398 979 352 851 626 341 635 37 911 195 624 441 789 624 504 448 66 407 428 439 364 832 889 761 897 97 843 438 106 220 317 29 942 73 318 177 562 504 751 475 575 829 217 972 180 824
300 748 610 335 699 804 135 195 995 220 177 340 353 594 52 634 283 73 367 689 646 338 225 832 103 633 625 646 382 758 443 817 309 62 126 108 990 933 818 244 818 211 79 848 934 8 192 467 495 917 126 408 790 137 266 496 519 604
274 330 939 763 373 40 510 185 338 785 267 415 793 889 763 296 861 618 284 243 65 292 262 525 232 760 1 882 481 181 794 24 55 629 476 328 910 976 203 594 753 67 140 405 537 428 689 152 24 468 225 415 732 465 107 733 118 247
42 226 962 907 444 857 409 572 741 905 763 518 465 862 848 404 239 179 349 25 713 934 836 579 719 281 459 597 643 536 847 176 279 876 506 133 731 739 615 361 274 889 798 702 388 615 515 962 287 806 305 725 150 640 988 212 276 20
628 725 281 652 69 431 483 452 380 968 552 465 332 850 752 932 733 419 815 682 526 303 928 353 130 76 877 649 966 26 690 892 10 197 930 412 574 304 314 623 884 488 969 689 891 986 217 575 996 282 583 851 501 817 429 697 827 890
761 797 892 529 575 126 618 496 402 651 412 496 759 977 974 920 354 54 105 837 434 429 830 815 959 334 651 515 316 329 472 722 343 319 331 773 582 381 575 195 932 694 83 401 120 284 735 997 646 595 866 703 719 442 278 669 52 847
973 385 344 61 341 377 827 284 271 586 410 854 669 434 636 90 473 641 376 38 506 3 58 933 729 341 244 771 115 241 657 577 215 600 997 378 31 834 248 121 467 701 809 788 760 992 207 921 80 451 267 491 803 749 585 321 716 273
525 379 590 774 371 586 349 90 31 387 209 258 378 872 564 361 710 740 925 426 601 392 5 555 813 558 767 304 40 833 909 385 87 783 373 570 957 741 706 573 834 717 879 317 919 254 222 177 765 600 215 500 429 931 284 437 562 227
233 536 874 826 273 672 492 98 235 567 164 677 84 235 482 11 53 343 128 495 781 579 146 319 394 89 119 398 569 22 374 591 981 520 412 424 212 850 257 305 996 793 499 943 397 986 427 778 400 803 579 47 877 690 24 786 235 214
301 149 919 120 597 565 776 5 2 679 345 363 59 279 981 133 159 40 65 661 953 725 59 854 628 530 833 99 445 960 308 414 248 571 236 569 891 50 708 387 319 115 789 431 76 208 193 663 860 714 894 385 544 800 507 371 670 156
174 984 524 850 819 143 446 534 986 668 556 369 855 557 199 479 245 483 562 33 76 307 989 322 678 240 500 184 402 487 102 496 856 911 265 918 340 794 323 824 853 197 284 390 421 152 143 753 882 698 895 957 219 4 678 684 15 208
465 872 598 126 783 492 211 978 832 519 345 518 98 927 163 16 639 206 600 319 403 196 747 991 641 872 176 607 476 412 427 3 427 804 315 803 430 746 371 47 789 994 136 901 752 605 870 257 441 508 582 592 222 355 10 224 666 799
354 879 531 85 158 423 942 49 419 739 102 8 699 673 204 682 965 844 161 767 851 380 398 285 970 628 828 467 685 329 504 646 186 986 614 29 118 55 110 938 692 218 452 640 296 116 721 820 10 14 591 489 830 950 66 788 641 362
522 873 894 180 69 983 901 25 826 919 653 551 663 628 489 499 108 687 326 597 88 659 693 25 481 23 419 682 282 781 317 68 108 415 785 630 975 385 64 299 266 414 16 340 158 242 686 571 776 817 361 30 358 579 649 894 865 853
909 676 568 285 44 79 885 802 228 284 257 589 103 842 610 680 659 176 981 329 376 622 7 914 492 181 893 553 634 700 683 791 954 288 497 600 153 479 930 766 441 729 638 769 84 523 784 687 90 969 57 140 434 831 611 494 108 365
50 528 389 637 204 233 700 466 842 656 57 199 230 775 781 272 508 625 253 409 941 944 632 498 367 743 712 291 504 233 253 682 17 701 245 790 912 639 984 262 677 931 719 524 110 192 612 783 894 391 573 401 368 415 154 463 273 847
878 950 99 559 835 208 862 891 582 554 458 820 865 809 631 53 895 921 269 287 938 274 392 217 88 247 459 568 108 612 909 103 937 683 56 243 474 843 910 494 28 62 190 326 813 582 917 489 925 819 704 207 586 699 389 99 939 542
970 503 538 661 309 828 212 983 866 339 253 104 211 203 508 670 98 407 46 553 433 931 70 654 539 579 266 800 3 592 784 100 930 560 640 591 478 201 491 830 518 241 649 881 106 765 737 445 751 492 65 910 377 592 509 29 848 784
948 747 253 437 238 130 534 879 345 732 333 234 43 531 695 339 770 20 528 977 567 17 299 298 449 201 495 771 294 685 638 723 348 650 303 492 166 39 115 103 106 234 925 220 735 635 522 475 180 620 871 730 779 771 402 387 140 638
33 464 446 226 159 326 864 400 941 108 134 957 557 910 407 612 713 186 195 978 138 366 570 173 245 628 960 714 287 428 524 994 378 60 759 768 735 734 122 729 419 278 177 960 319 87 476 734 303 945 259 691 4 128 721 59 412 140
298 24 439 433 934 839 101 962 872 346 635 103 879 74 645 352 123 902 965 917 612 188 521 796 756 51 611 741 69 411 874 965 757 33 181 158 374 139 240 599 514 372 983 189 179 773 919 174 969 809 188 821 884 138 837 767 337 229
52 993 690 335 289 756 462 443 598 134 824 129 77 934 434 132 238 508 674 896 725 771 133 845 504 411 32 509 894 215 54 646 698 416 524 917 871 236 760 304 110 863 607 605 170 492 861 100 901 808 336 989 235 483 845 8 388 691
684 952 495 607 112 170 258 870 30 760 511 81 959 652 624 819 208 443 226 180 335 769 79 156 440 218 589 282 221 620 381 433 484 255 6 780 474 213 960 894 605 124 836 144 688 205 344 200 631 880 705 34 618 998 857 894 703 314
760 478 472 509 574 937 291 422 958 857 760 434 94 878 837 253 764 901 165 645 859 368 968 726 147 931 92 648 654 776 761 914 838 128 993 393 884 319 478 657 611 346 70 990 411 880 242 535 498 74 564 88 532 929 567 643 571 234
928 611 683 40 433 876 148 30 399 994 298 943 353 204 73 772 969 276 89 329 415 911 745 893 169 27 232 77 239 938 791 284 578 474 267 136 461 62 838 651 427 556 501 564 792 499 836 555 748 977 509 726 610 815 551 578 86 858
307 649 181 647 442 468 159 418 387 853 23 666 592 916 747 149 640 436 830 587 56 889 275 17 730 809 373 669 399 700 1 185 432 969 285 214 152 670 202 854 198 699 308 958 583 68 226 822 656 9 521 327 952 876 755 648 100 847
557 492 61 127 478 59 692 393 514 564 205 879 839 652 129 78 824 349 485 88 556 342 808 305 43 683 658 944 607 905 704 924 445 584 885 600 303 701 306 132 506 587 453 242 410 990 487 730 94 499 384 482 702 639 765 582 953 99
241 224 91 441 642 756 363 813 770 426 90 635 239 296 47 393 724 155 560 968 165 147 875 997 682 97 939 22 891 621 758 11 658 816 91 427 93 858 825 728 290 865 970 640 214 152 782 489 366 335 404 32 687 125 515 605 720 534
15 519 93 658 448 632 343 117 364 244 622 892 340 979 736 986 675 841 259 959 795 431 807 218 666 791 56 179 538 961 991 192 663 325 519 281 881 276 437 922 297 832 728 301 751 700 720 209 938 257 12 971 954 943 379 271 167 244
412 99 316 20 649 424 933 925 222 630 302 133 592 59 838 418 600 888 824 822 758 616 514 774 787 646 950 557 31 2 518 401 320 359 908 306 796 212 424 890 206 909 362 886 652 277 47 727 153 578 425 533 886 958 471 993 820 853
748 429 485 640 3 891 624 380 104 23 178 551 81 73 202 442 339 763 141 884 57 859 456 224 543 565 837 820 862 865 332 468 616 324 234 324 946 806 879 55 570 95 185 214 901 350 182 912 251 680 399 122 191 833 977 948 366 139
21 736 305 656 238 367 678 717 314 746 688 277 410 834 910 646 852 660 97 997 840 629 599 49 287 357 365 30 903 963 786 681 187 813 606 587 911 762 753 772 817 359 864 709 588 74 130 241 46 542 969 617 209 323 651 91 943 457
944 886 190 609 206 445 587 704 873 109 475 929 198 493 764 198 886 457 34 123 240 267 597 599 191 463 912 31 811 864 948 353 115 668 315 586 592 362 761 396 484 11 93 96 849 692 413 460 431 502 743 961 557 432 668 331 809 194
238 270 130 46 707 841 426 29 698 226 170 148 777 526 861 409 905 499 670 77 9 636 126 696 840 752 805 700 191 991 882 679 394 714 605 72 822 574 250 581 366 548 800 71 496 441 967 451 844 765 393 269 357 514 191 763 848 723
836 99 305 942 654 346 749 992 856 194 938 107 293 895 515 710 336 543 696 673 671 76 970 356 157 879 139 795 686 58 236 72 989 505 280 525 378 926 142 740 703 33 796 197 449 528 382 995 716 376 654 347 951 136 702 738 959 167
537 402 712 10 591 601 829 411 663 47 784 232 887 897 830 447 526 631 338 412 179 622 761 47 567 570 149 461 501 324 803 169 49 764 456 742 366 332 816 611 914 96 791 436 892 381 120 314 926 181 834 494 45 84 275 327 845 299
765 685 738 271 973 993 41 308 954 139 140 379 58 231 341 997 384 846 674 643 602 564 22 924 647 115 657 722 806 92 965 185 761 733 553 965 752 883 659 463 994 797 270 915 591 906 500 569 97 257 228 662 416 75 564 735 876 799
34 586 293 570 300 897 791 656 664 619 802 916 773 816 29 303 296 568 442 528 731 217 365 673 919 716 630 930 99 971 678 429 989 897 374 285 388 181 962 827 152 437 165 758 282 131 102 278 437 918 984 926 158 856 416 548 999 687
79 718 622 747 743 842 549 27 459 441 659 940 247 786 272 590 454 951 685 45 746 462 554 249 901 158 585 154 103 924 607 397 113 369 339 459 997 153 727 244 825 483 660 743 488 552 354 348 552 362 252 41 523 490 730 805 557 214
448 388 852 677 108 176 654 624 821 72 572 336 22 464 291 318 74 476 923 130 658 378 553 755 514 515 191 847 137 486 571 153 255 906 677 493 737 461 226 632 575 533 126 864 47 170 390 309 379 255 260 772 461 907 563 702 530 288
0 85 21 16 63 13 55 2 26 46 90 10 44 39 88 27 99 93 32 22 52 79 74 77 27 1 61 90 29 43 32 34 20 2 83 87 78 81 24 21 34 98 76 77 65 35 96 4 49 100 90 10 44 4 9 98 48 32 78 58 46 53 83 65 1 25 54 25 93 4 44 32 14 44 77 31 32 7 84 30 7 88 23 87 44 1 16 1 47 64 43 13 67 52
5 0 75 50 78 74 71 10 93 79 8 73 59 14 35 80 59 76 33 6 51 26 2 26 44 4 53 3 81 47 14 37 45 97 100 52 53 30 52 75 58 94 27 55 80 22 34 55 15 73 49 2 15 41 15 39 87 58 68 72 80 55 77 74 25 51 100 93 19 55 41 29 61 4 94 61 81 15 39 43 47 50 97 25 35 29 77 95 95 9 9 71 44 98
31 99 0 21 39 75 76 54 33 78 84 51 44 37 90 53 94 56 54 50 98 47 57 64 45 52 98 76 85 100 15 97 38 84 96 48 46 97 2 17 59 69 20 35 40 45 30 16 43 77 26 17 91 14 14 37 23 9 4 58 66 65 61 60 17 75 36 5 42 14 26 33 30 61 53 19 28 8 2 95 17 15 24 72 48 46 71 6 92 68 25 44 8 20
88 51 91 0 33 93 63 17 78 53 16 30 36 99 97 10 56 22 93 49 5 57 22 18 75 100 23 11 20 77 35 84 81 73 88 89 1 34 79 2 37 62 29 82 30 34 50 7 71 24 82 47 60 35 77 51 78 30 53 85 82 100 31 88 40 15 83 99 32 26 77 77 51 33 88 67 84 17 2 12 7 74 51 46 68 11 59 57 37 36 79 2 53 41
76 50 53 66 0 86 1 53 43 4 42 80 75 98 53 50 50 77 80 66 12 10 51 60 92 65 2 21 94 1 41 90 94 5 29 44 27 71 2 45 83 81 37 92 39 58 75 39 91 22 59 26 93 18 13 24 8 95 68 18 65 32 7 76 61 80 49 65 21 38 43 79 19 97 26 83 58 96 50 83 86 82 25 9 25 40 17 78 26 32 78 24 41 66
48 76 71 67 26 0 88 60 77 39 48 75 6 22 37 83 48 73 80 69 25 18 73 97 57 91 39 86 13 76 87 32 61 31 30 25 63 88 93 25 70 43 36 91 28 76 35 95 87 61 91 53 31 35 76 32 46 71 21 83 70 55 76 8 41 10 21 29 19 76 24 80 100 7 21 7 53 20 43 12 100 22 90 82 88 66 80 11 43 64 48 66 75 21
29 81 52 98 53 68 0 45 48 25 16 95 47 90 7 31 70 30 21 47 64 17 16 91 45 60 61 42 38 63 36 68 80 39 34 56 90 31 78 67 6 16 85 44 74 77 43 75 50 41 47 33 6 59 99 97 47 59 54 53 75 15 51 20 71 87 51 20 28 15 82 86 85 50 87 58 13 6 83 17 88 46 76 60 93 5 83 90 84 19 83 47 45 59
52 89 22 63 61 25 68 0 76 50 58 57 81 15 5 3 18 98 92 97 18 76 26 88 38 99 50 60 15 43 32 45 68 71 57 93 32 39 50 63 58 9 46 3 42 9 57 25 1 74 62 88 22 94 83 16 71 45 72 80 59 39 33 66 86 28 60 68 79 54 19 13 30 18 92 93 46 44 63 7 50 81 85 61 20 58 77 69 88 43 61 46 79 2
24 5 43 47 56 96 22 69 0 48 94 4 27 54 85 31 8 50 68 26 60 98 64 14 81 70 83 36 95 13 84 71 84 32 34 34 80 71 3 39 84 86 17 55 66 9 97 54 41 86 89 60 3 45 13 38 98 46 13 3 79 8 93 94 2 38 88 37 22 98 15 88 84 43 3 24 24 84 31 64 68 72 62 41 75 81 100 42 77 23 31 70 56 66
61 18 11 96 20 36 7 73 27 0 47 64 10 40 6 82 57 66 3 1 3 70 56 66 31 14 80 83 31 35 77 86 2 44 30 96 61 38 24 45 92 43 19 93 20 3 74 6 58 75 37 79 55 6 14 69 91 21 26 64 25 3 15 65 45 26 66 64 25 25 25 14 14 59 63 18 95 69 35 13 64 88 20 78 84 58 18 75 17 47 55 74 9 44
60 5 3 91 42 23 9 30 94 76 0 57 83 29 79 50 29 34 38 91 43 2 7 67 41 81 26 37 47 6 43 24 73 97 70 96 8 87 18 15 21 24 80 23 32 60 21 61 45 30 79 78 38 25 37 35 96 70 57 50 69 53 15 69 67 50 60 83 100 59 76 5 53 38 46 64 5 23 35 48 79 20 43 15 95 11 36 12 79 66 91 34 81 3
33 44 42 62 95 58 79 3 38 7 23 0 4 22 98 13 100 22 36 87 36 6 60 53 35 21 99 69 45 14 31 64 60 5 82 65 18 6 47 73 63 31 8 7 52 88 39 22 74 85 20 94 49 51 10 60 92 99 46 27 14 12 69 40 15 60 93 1 25 67 54 74 87 32 99 12 35 36 85 40 81 88 93 96 79 3 9 97 100 23 35 61 81 94
54 11 10 33 59 18 28 36 33 62 55 83 0 71 99 11 26 29 25 21 92 2 77 75 83 48 46 90 44 2 42 35 49 24 68 56 85 88 39 86 98 38 6 28 27 33 72 68 81 26 2 21 57 62 60 53 81 68 1 37 74 45 91 84 27 100 75 81 67 50 29 40 97 59 49 72 9 31 30 54 67 83 36 19 21 36 29 36 78 45 13 43 98 18
44 23 81 98 32 17 15 99 28 41 42 46 59 0 36 100 80 46 19 50 75 58 86 62 33 26 20 6 31 21 83 96 17 4 20 78 18 44 68 22 22 39 2 27 91 80 9 77 56 64 10 32 39 12 22 8 71 65 46 93 34 96 61 6 8 28 60 44 11 69 34 11 4 63 78 100 76 72 1 30 48 95 17 75 15 94 55 98 57 87 78 39 77 39
5 10 81 27 15 6 26 41 91 27 36 95 26 87 0 67 27 17 26 59 24 20 60 42 76 49 96 80 19 39 8 90 7 83 64 3 15 68 76 11 11 39 77 42 29 22 51 21 66 78 2 93 26 64 75 42 6 12 87 18 74 30 15 95 45 83 71 78 77 80 85 26 50 74 1 98 91 61 28 42 51 6 9 63 7 49 72 41 45 33 42 25 20 30
50 32 36 61 35 91 32 90 58 39 45 80 80 52 5 0 87 33 10 48 99 36 52 76 18 87 76 92 46 5 8 68 80 99 43 23 97 45 53 2 19 40 81 41 1 65 61 60 37 3 88 80 63 46 40 100 15 4 87 39 80 17 52 92 68 32 22 76 15 20 48 40 7 97 61 23 10 25 60 48 11 51 21 11 48 71 79 73 21 38 53 10 55 82
24 17 28 59 2 3 75 69 77 14 96 46 3 12 25 35 0 58 1 16 7 57 97 80 40 53 8 32 23 12 29 35 42 32 94 95 41 35 46 25 83 90 43 57 91 71 87 79 95 74 46 85 32 4 19 1 8 7 88 51 97 18 88 41 47 68 77 83 82 65 19 13 6 25 96 8 92 56 64 12 98 67 36 69 10 66 99 54 8 81 3 71 14 87
80 67 17 81 46 60 6 43 92 19 43 38 32 21 85 92 15 0 97 59 52 62 49 5 62 31 70 22 5 22 83 36 37 67 22 7 17 99 95 25 2 43 48 29 83 68 77 50 61 100 60 55 26 62 32 65 29 6 75 65 17 32 20 60 95 7 7 21 23 54 56 59 2 91 90 45 42 28 12 14 47 19 54 77 35 9 7 82 99 48 12 87 64 87
17 35 72 79 56 20 60 47 86 64 83 64 94 2 38 19 1 11 0 88 29 24 97 70 38 81 84 68 45 61 40 30 32 71 43 49 15 54 75 90 92 65 31 65 70 4 16 68 46 92 28 90 57 60 32 32 23 43 14 79 34 10 60 28 2 9 32 18 12 34 35 76 15 6 54 27 94 5 88 62 97 23 40 79 94 12 34 79 9 48 14 17 41 26
28 36 70 60 64 94 68 54 67 54 16 57 43 46 38 47 49 50 16 0 39 12 9 11 82 25 65 71 17 2 98 76 47 28 61 28 28 58 42 69 20 11 5 8 97 68 22 72 71 100 76 58 2 72 60 93 32 55 33 70 26 75 66 18 84 35 84 79 24 62 7 41 22 84 56 71 71 11 51 79 6 56 50 67 32 41 18 85 12 64 100 38 2 21
13 71 21 65 3 64 56 99 58 6 30 69 51 45 10 77 80 51 66 41 0 66 41 8 53 1 87 12 59 29 6 9 81 82 11 86 99 1 23 65 59 10 95 39 67 18 25 87 26 74 12 93 60 91 78 95 24 42 88 34 92 56 11 44 9 98 30 39 60 50 63 75 12 86 73 32 33 26 12 5 62 65 83 69 36 70 94 24 12 37 99 28 12 21
49 71 90 81 53 4 16 51 61 37 59 61 30 51 19 34 54 77 37 1 2 0 44 34 81 87 8 28 98 72 61 58 57 52 1 7 95 82 5 48 2 65 43 13 48 63 63 66 30 38 94 71 78 11 24 25 66 63 7 20 16 43 41 42 67 75 86 2 75 11 2 35 65 82 34 12 31 89 51 81 15 45 13 88 31 1 27 9 81 62 27 47 76 36
79 5 79 90 4 94 38 43 91 10 56 69 58 69 9 39 1 81 16 74 10 3 0 9 88 56 39 28 98 19 91 98 44 53 23 77 95 76 94 69 90 33 8 66 2 98 92 68 93 4 65 57 10 80 90 48 36 66 94 53 41 17 62 62 29 62 78 14 32 20 84 41 8 6 29 31 56 99 4 94 99 8 54 2 45 23 47 40 5 39 71 55 71 17
61 59 1 26 97 45 77 12 74 81 98 39 62 75 64 36 31 64 13 37 58 60 75 0 12 35 81 16 66 13 42 74 52 76 3 3 37 33 98 28 68 85 87 94 80 71 90 78 66 76 1 88 14 60 54 99 43 31 38 23 95 9 39 3 2 76 84 79 3 28 74 59 26 58 12 74 70 62 57 65 100 26 31 86 97 81 12 2 87 33 40 4 9 30
17 89 66 94 87 65 75 18 56 98 21 87 44 49 63 57 87 58 11 47 4 37 5 59 0 75 95 8 46 71 26 90 40 68 10 89 29 91 93 99 57 28 51 99 89 51 31 64 32 16 37 31 49 89 8 78 10 97 55 84 10 2 97 25 88 17 63 82 48 38 20 82 60 43 39 8 28 29 76 98 26 65 9 95 45 78 87 24 5 12 66 52 65 27
82 50 69 82 100 29 87 86 25 68 24 87 61 97 91 57 60 95 71 5 87 63 79 35 75 0 39 20 100 7 50 10 32 19 93 43 57 4 40 41 28 43 62 67 14 11 57 72 52 20 20 80 28 2 32 7 31 22 23 16 79 35 34 39 58 70 86 87 94 92 52 100 36 40 98 1 16 90 73 30 46 43 14 56 43 11 46 85 87 98 61 28 75 78
87 79 25 25 37 29 23 3 52 94 41 48 89 96 55 70 5 40 55 8 67 68 13 10 32 9 0 15 49 7 96 80 12 70 1 72 70 34 59 10 3 70 49 81 25 51 87 53 70 40 60 2 81 77 90 58 11 70 27 39 77 38 5 48 60 95 86 72 28 21 71 43 93 94 79 62 36 88 83 69 43 71 64 20 13 63 61 82 5 29 91 14 69 98
95 49 66 40 23 6 7 54 81 88 76 41 33 29 22 4 66 100 84 45 77 29 41 76 67 81 73 0 9 76 30 93 15 4 46 84 68 82 67 24 49 72 87 22 46 27 17 90 88 68 72 75 38 51 97 31 86 64 36 26 81 56 45 38 14 39 15 64 97 52 34 21 54 84 39 48 42 85 16 100 54 31 87 85 8 54 39 97 75 56 3 17 82 33
64 90 1 93 25 78 87 97 98 36 94 58 44 41 65 43 32 96 75 66 72 29 56 2 85 1 33 56 0 16 6 31 29 10 39 45 20 67 12 95 53 74 36 55 25 91 54 70 97 50 18 71 70 36 89 85 95 93 13 15 40 49 57 17 78 69 56 75 55 33 92 29 24 79 73 70 26 35 43 29 42 50 2 19 17 78 6 100 5 28 72 25 34 41
49 83 77 35 85 69 19 75 70 76 1 73 99 31 4 80 68 79 4 60 13 41 99 46 67 76 56 93 7 0 34 17 68 58 78 6 81 34 84 99 54 48 24 90 19 98 43 23 54 88 56 25 23 90 55 23 56 30 42 79 22 96 76 30 95 98 89 37 39 71 53 44 45 16 70 6 22 35 20 80 86 83 63 31 12 36 47 85 97 20 57 28 61 96
2 67 20 39 65 10 80 56 22 85 4 30 10 68 27 60 23 26 71 11 60 56 43 93 79 82 20 36 39 45 0 39 8 88 68 86 86 49 16 90 42 29 38 64 87 63 85 87 51 81 82 45 78 65 5 32 73 81 9 45 84 24 27 8 3 98 88 46 42 18 41 3 60 100 64 36 11 98 74 57 39 48 31 45 17 7 10 14 86 11 42 53 81 69
91 15 57 88 23 2 64 20 100 16 66 89 6 76 70 18 61 92 76 18 81 18 71 81 79 3 5 47 54 50 82 0 42 51 74 70 78 73 33 64 30 4 100 28 46 17 72 19 12 43 87 98 53 17 92 25 84 64 9 39 19 69 27 4 14 68 87 58 4 43 51 97 40 63 29 86 25 80 5 11 15 4 63 78 27 30 67 7 3 69 49 95 54 45
13 71 13 98 35 86 42 81 5 8 80 11 73 72 61 27 94 38 28 12 36 58 78 13 84 28 80 78 62 85 95 12 0 2 66 60 33 62 1 24 30 45 57 67 69 53 23 50 19 3 43 2 7 49 32 40 61 58 97 91 99 22 85 44 14 12 50 59 52 19 26 6 38 61 31 31 41 61 22 39 99 25 55 82 72 28 23 19 75 41 22 97 19 7
39 12 14 18 87 93 17 27 11 40 46 57 35 80 47 80 36 70 20 55 57 8 57 47 27 49 57 6 26 97 8 54 4 0 3 16 69 36 7 70 78 63 98 77 100 25 29 71 48 67 42 97 9 70 39 68 23 80 1 86 47 30 80 100 39 94 20 41 19 54 100 45 100 55 44 63 30 76 35 13 83 11 67 27 87 14 19 27 75 86 18 67 10 14
54 36 21 31 25 16 15 53 1 96 33 69 15 69 75 29 25 9 82 74 48 40 22 41 25 80 57 54 58 15 31 13 26 40 0 81 22 85 14 21 88 17 25 8 15 93 94 67 16 96 34 76 49 7 15 65 94 65 84 95 62 88 55 21 96 28 100 67 95 84 30 74 80 57 66 26 11 87 87 91 52 51 46 47 5 15 69 68 50 30 99 10 24 28
25 43 18 29 80 71 82 58 28 9 77 16 100 59 67 22 75 14 18 63 7 61 73 48 80 64 68 24 49 54 83 65 36 40 17 0 41 92 93 47 39 89 18 10 55 55 35 78 60 67 1 57 19 30 11 57 34 16 72 25 49 34 59 7 69 69 61 63 63 56 4 55 35 40 33 68 30 11 6 96 42 10 66 59 36 68 25 89 65 52 48 81 34 26
16 16 95 7 76 80 32 48 62 93 18 10 7 31 67 60 99 90 33 32 7 46 22 79 83 9 21 96 88 47 62 9 66 55 71 79 0 56 9 51 51 37 80 52 82 31 22 1 13 87 22 87 82 31 86 8 32 48 29 90 53 13 5 66 95 57 94 81 8 69 26 65 7 9 42 53 72 77 58 78 8 62 62 66 95 95 24 54 27 65 86 60 50 38
28 69 91 25 99 85 14 64 23 29 90 60 55 21 9 42 30 50 75 15 61 12 79 62 20 53 76 22 79 60 87 39 43 16 7 50 1 0 79 18 64 95 20 62 68 57 92 72 17 32 83 84 76 35 51 55 56 74 41 27 3 28 8 13 76 52 26 29 11 88 87 95 29 23 89 21 39 49 55 94 58 1 38 21 47 80 33 27 93 45 9 63 96 41
25 72 18 47 5 62 89 72 1 1 60 78 9 100 62 92 52 74 9 84 81 43 13 16 36 61 98 22 30 6 12 82 7 78 56 78 57 43 0 56 1 9 77 43 13 59 23 92 89 72 52 23 99 8 95 42 63 54 36 53 76 75 50 16 55 86 6 66 11 87 82 59 60 68 27 12 76 60 66 52 44 11 89 99 63 58 23 45 30 65 49 93 4 1
1 84 45 31 49 89 2 74 80 68 56 88 41 23 67 88 17 61 33 98 8 97 48 80 40 56 4 68 58 19 86 27 77 43 66 72 25 36 5 0 87 41 25 4 50 34 58 5 98 32 100 40 35 2 50 17 45 89 37 37 47 22 57 57 30 47 63 28 14 73 55 90 54 52 39 54 22 63 19 63 30 66 29 37 87 94 77 7 62 24 33 97 17 18
50 47 85 3 18 34 86 42 55 97 30 35 78 82 96 82 97 32 53 37 3 57 99 16 46 93 86 8 91 8 52 69 82 93 21 21 61 28 14 59 0 6 64 39 53 41 58 37 71 73 13 67 87 96 63 21 89 97 40 26 52 17 2 67 44 34 22 61 85 56 18 36 89 6 69 87 37 50 83 95 92 29 14 27 34 70 18 79 21 19 100 57 74 21
20 58 66 85 88 50 63 14 21 34 55 55 56 47 17 47 70 83 32 99 26 26 32 86 52 35 58 23 24 84 76 24 16 41 55 31 40 47 63 81 16 0 86 9 47 91 53 27 37 6 74 12 19 54 11 50 32 61 3 54 73 37 75 60 74 60 84 12 12 13 17 53 27 50 46 32 88 72 25 16 63 75 54 46 63 94 55 32 39 71 93 97 69 87
45 60 70 51 19 93 45 64 84 36 5 21 16 47 17 83 62 81 39 1 93 98 57 69 89 10 52 91 75 38 40 30 34 13 78 81 53 24 21 5 71 42 0 38 92 42 79 95 69 1 48 71 96 81 2 44 36 78 4 47 58 55 1 25 45 23 83 76 91 100 71 56 31 30 61 84 35 54 7 68 70 29 30 60 80 24 41 49 15 29 26 4 35 91
27 77 16 80 86 85 43 100 82 7 31 34 58 9 83 83 19 94 2 15 2 82 18 12 4 34 17 51 16 75 46 58 47 98 13 8 74 20 91 31 79 100 5 0 59 57 18 66 100 12 69 44 99 70 65 60 99 81 57 83 55 37 55 71 91 62 50 82 92 54 91 46 54 49 6 68 96 27 59 50 23 85 91 65 35 21 8 64 88 40 30 69 34 7
9 74 64 74 4 68 99 32 64 59 25 65 86 41 42 34 35 38 51 99 38 8 62 39 56 73 86 12 7 98 16 76 77 40 56 46 49 18 17 75 68 89 36 5 0 46 52 68 86 72 14 44 53 89 15 66 55 45 48 43 37 50 67 20 98 67 91 75 96 52 85 8 6 83 85 31 57 1 8 23 57 12 78 78 44 89 67 27 10 67 91 58 8 6
44 38 47 3 21 73 76 13 9 33 78 97 76 58 28 83 30 10 34 60 98 36 38 56 47 94 29 9 11 6 16 59 40 35 80 64 1 1 2 96 25 63 20 65 91 0 34 78 92 26 94 65 96 63 36 34 84 89 63 98 53 69 29 9 22 28 67 97 99 11 17 87 46 90 3 98 24 56 45 60 73 91 46 73 99 3 73 65 69 82 73 82 49 72
34 4 10 72 1 38 48 31 40 99 1 51 40 77 18 85 24 85 65 26 67 8 86 64 23 17 45 25 49 17 5 96 65 33 35 43 85 83 15 69 90 12 84 2 68 41 0 79 61 56 9 25 82 72 80 61 93 10 34 54 23 82 11 7 25 26 78 34 78 96 84 43 50 83 89 24 77 87 82 46 45 95 65 27 4 38 34 32 22 58 11 3 96 84
64 34 95 40 73 89 4 42 17 81 29 71 3 91 72 74 92 41 3 34 41 9 16 1 82 79 40 83 60 60 20 49 88 65 58 89 50 15 43 50 89 9 69 18 84 88 73 0 29 50 78 84 82 47 54 2 48 4 1 25 65 54 10 34 70 58 93 15 64 88 61 21 93 94 63 12 88 16 31 93 91 62 50 93 13 66 35 73 35 40 59 42 44 76
24 90 30 16 65 1 73 27 56 14 78 98 59 38 58 5 57 31 28 7 12 69 25 67 79 42 43 58 93 48 21 6 82 46 42 40 87 8 76 28 45 79 98 35 4 21 94 2 0 5 29 13 64 34 24 28 84 26 72 96 6 55 46 14 33 53 72 5 28 89 44 69 82 76 64 53 39 39 2 13 76 27 52 54 78 34 18 100 64 68 85 29 48 33
64 24 77 27 85 73 46 32 33 44 94 43 85 41 75 96 26 99 21 87 76 6 86 97 7 96 20 74 2 71 83 18 26 11 40 34 12 82 79 8 15 62 35 4 61 17 59 31 48 0 100 49 74 84 17 66 31 24 43 71 90 86 61 89 11 53 67 37 10 74 89 75 81 19 77 45 26 57 7 27 95 24 37 11 51 81 81 39 35 75 59 82 47 19
7 56 100 91 73 89 41 43 21 54 26 87 2 93 41 12 63 59 57 18 48 15 26 74 23 57 79 86 55 28 70 26 55 53 1 90 75 38 69 70 91 88 60 37 53 78 46 3 66 63 0 30 66 26 17 20 40 62 12 25 52 46 17 61 98 98 25 13 45 10 55 57 4 15 89 67 68 42 60 92 98 96 6 95 84 68 15 31 47 27 71 34 21 66
98 75 48 15 58 29 36 3 89 90 9 48 57 67 92 58 64 79 52 84 38 75 33 44 98 65 39 89 92 85 73 30 58 68 12 95 61 17 51 100 15 11 32 78 55 32 82 79 14 95 46 0 70 97 64 56 88 20 6 79 58 10 52 52 2 10 53 6 21 82 61 34 47 46 56 30 39 29 37 24 86 1 5 36 83 41 95 36 18 20 97 64 62 96
85 39 9 89 1 5 63 65 8 29 18 65 77 18 16 61 67 96 60 25 32 98 79 84 72 43 52 67 77 89 54 11 97 49 21 55 80 33 21 73 48 93 75 28 51 62 31 61 10 8 59 22 0 80 99 69 15 91 69 32 96 17 83 73 60 20 57 57 29 78 88 80 56 75 53 60 56 36 16 80 55 98 10 56 10 30 91 30 26 20 68 28 67 6
2 8 37 89 49 69 90 92 64 4 97 42 49 63 72 71 68 38 48 30 53 96 74 45 12 21 69 18 37 46 97 98 81 59 47 14 61 65 75 37 6 8 43 60 53 90 97 53 75 14 48 16 78 0 49 32 49 68 87 32 22 1 80 14 60 9 37 50 37 67 33 67 97 77 64 11 15 73 91 78 16 5 75 43 30 67 57 59 54 7 47 71 60 83
60 68 64 54 26 22 11 40 73 42 57 94 73 90 45 49 97 19 55 30 34 53 40 6 14 76 61 71 90 38 39 79 100 14 51 3 91 19 59 45 21 69 75 37 43 2 91 70 59 33 22 49 95 2 0 56 17 90 30 81 66 96 92 65 33 75 77 32 77 20 73 87 85 89 96 70 69 57 72 41 83 59 43 38 47 1 78 88 50 92 81 50 80 15
79 24 37 13 71 95 76 96 23 97 24 42 97 79 23 24 16 7 39 60 34 69 15 12 84 38 96 55 54 21 71 82 21 53 8 73 83 77 75 24 11 98 78 34 74 8 71 3 58 92 64 34 17 73 99 0 25 34 47 55 97 76 32 37 67 36 28 88 73 2 68 7 3 43 50 39 54 95 52 40 55 38 5 22 73 1 54 72 71 22 74 88 37 40
53 22 82 30 76 47 4 79 94 64 58 21 93 23 2 75 27 71 35 95 42 91 92 68 87 85 59 5 26 57 62 97 80 52 68 40 71 84 50 35 35 5 96 83 82 55 86 58 5 15 56 91 75 20 53 45 0 12 88 93 40 82 12 42 80 32 29 33 22 43 79 51 81 45 95 98 38 90 18 67 69 3 38 37 8 15 62 79 13 89 26 88 41 7
7 24 52 96 53 24 36 73 28 3 49 94 22 63 74 13 84 47 79 56 98 23 84 23 28 2 31 66 58 17 57 65 72 8 93 71 29 98 22 60 83 74 36 89 69 4 23 27 89 23 4 17 79 97 21 56 66 0 86 36 76 61 39 96 67 6 34 100 90 25 86 16 54 93 84 53 23 53 85 89 55 1 24 89 40 70 64 97 83 24 43 66 30 87
22 78 79 22 46 88 63 65 92 82 33 81 65 45 51 14 13 8 95 4 20 97 67 75 63 78 83 38 25 64 45 20 48 42 55 38 84 49 13 32 94 7 82 22 89 51 97 35 28 72 93 83 69 73 17 30 67 93 0 18 20 52 31 75 35 46 22 28 36 92 100 88 83 25 21 77 22 12 99 37 13 87 100 30 40 69 16 47 94 8 78 10 63 76
30 14 44 39 37 90 86 82 64 53 65 68 82 5 29 42 94 63 80 10 14 73 5 18 31 8 68 77 93 49 94 18 46 61 21 80 34 8 94 74 18 47 28 4 91 100 9 79 23 72 15 44 4 12 1 14 85 24 7 0 15 89 23 97 96 25 57 32 28 62 60 99 96 33 66 61 12 17 24 51 71 67 83 39 17 11 25 100 67 30 75 80 73 48
82 92 91 78 29 58 13 94 72 94 36 38 63 71 42 94 86 40 43 29 93 91 14 48 33 62 7 3 90 23 63 1 20 15 31 75 57 86 23 68 97 17 74 52 24 20 46 35 37 43 53 69 85 56 99 77 72 80 48 35 0 91 76 79 91 70 10 24 36 5 73 51 49 50 1 78 23 75 73 45 76 91 76 50 96 55 58 55 83 69 80 53 23 69
82 94 4 68 46 7 25 66 35 44 85 57 79 100 16 36 93 82 81 58 99 30 25 23 17 3 62 73 72 37 82 93 54 62 46 62 9 98 43 71 11 35 100 44 30 52 42 73 97 90 13 71 56 82 49 57 16 86 86 85 51 0 58 92 45 63 19 82 15 93 10 50 24 54 56 38 12 62 39 78 12 25 21 90 26 67 80 99 58 76 93 94 14 61
59 90 12 42 76 40 32 13 24 64 89 40 42 62 21 31 95 91 16 41 94 43 99 25 30 52 73 48 23 24 67 94 7 51 86 7 6 60 81 5 58 43 55 8 18 42 2 13 17 17 58 72 66 51 41 13 46 10 47 25 21 87 0 19 59 60 56 72 97 29 50 10 65 14 55 53 75 23 73 29 45 73 53 84 71 12 56 49 94 89 72 94 87 39
50 5 38 89 60 5 42 68 66 87 10 10 15 55 61 77 90 12 77 100 26 28 69 84 80 7 34 88 87 48 50 59 83 18 65 6 43 33 71 91 32 35 42 92 59 82 9 73 70 68 55 56 9 30 39 24 20 11 81 14 50 44 81 0 16 76 62 79 87 66 56 31 75 67 63 71 94 16 17 72 7 66 96 90 95 45 32 69 49 20 48 69 42 66
79 24 56 42 92 60 12 48 67 32 59 37 11 92 98 81 100 65 6 88 82 74 39 66 4 86 70 92 40 95 26 25 44 37 3 45 62 92 33 54 17 38 64 44 19 85 66 35 35 50 75 65 72 83 94 29 17 87 36 40 65 28 40 94 0 43 86 82 33 6 47 18 67 78 59 22 34 86 10 72 65 7 96 93 57 3 74 86 41 80 80 6 60 91
11 98 94 44 16 69 42 53 10 27 47 19 81 80 5 21 20 99 19 15 66 41 80 79 57 13 59 47 16 25 8 24 72 43 76 32 14 15 72 26 63 56 39 98 88 7 34 80 65 26 86 27 66 11 14 71 38 69 66 52 52 72 87 63 19 0 46 61 78 1 97 31 63 20 69 70 98 78 58 97 35 91 59 90 100 81 66 94 45 12 56 78 15 92
29 11 59 36 93 96 58 73 26 34 38 8 90 85 40 77 25 46 90 1 21 61 9 27 10 42 99 27 1 44 98 7 8 78 33 32 27 9 16 65 11 39 32 11 47 79 98 85 82 73 76 15 96 85 98 87 80 44 70 83 83 40 87 38 18 10 0 16 17 20 33 37 66 11 92 81 13 61 21 15 84 78 26 46 69 95 10 47 14 87 54 18 52 44
36 81 81 59 93 34 5 8 87 32 12 91 75 100 39 42 9 99 8 56 93 32 71 16 3 1 55 68 42 14 15 39 54 4 55 78 84 85 75 10 67 54 10 22 94 99 55 43 82 6 49 45 97 34 26 22 40 63 63 71 89 19 10 15 38 1 33 0 59 47 78 19 44 50 93 21 85 34 64 11 48 17 1 16 36 72 91 68 9 17 17 66 11 55
57 11 54 67 95 34 7 50 69 49 45 8 3 57 75 7 92 6 30 9 15 9 3 36 89 39 17 36 44 23 29 92 28 89 23 37 26 20 18 93 42 77 69 27 51 21 41 41 87 24 51 59 69 32 66 87 26 42 54 2 74 8 36 56 20 28 98 37 0 95 85 47 44 92 80 100 42 98 94 42 44 96 57 12 89 61 96 86 23 83 93 72 69 97
46 29 83 64 24 91 26 52 69 27 99 21 13 98 30 54 47 91 40 29 9 18 10 45 70 38 13 11 92 7 68 81 4 55 33 85 66 54 80 44 13 9 13 3 59 47 21 25 46 48 81 8 9 75 71 100 70 3 85 40 36 79 60 72 80 10 46 91 28 0 83 24 28 81 66 4 90 56 43 51 15 93 64 94 89 15 57 11 71 43 61 55 80 55
92 56 100 31 76 57 6 24 50 34 73 73 73 66 40 24 82 90 82 48 75 41 38 5 62 91 53 6 95 31 60 55 94 65 45 76 79 88 6 81 39 20 76 64 95 16 39 25 93 89 96 100 94 64 57 22 32 22 18 42 37 57 7 15 6 57 33 60 59 73 0 46 71 54 9 41 75 99 47 16 64 6 57 4 17 97 53 72 62 1 92 46 96 85
76 55 95 90 63 42 15 53 97 63 70 79 70 46 73 26 9 47 14 46 32 51 31 59 34 77 38 87 82 90 8 60 2 2 51 43 29 19 64 76 41 57 23 78 45 25 11 43 59 20 66 25 38 83 57 1 52 32 68 85 47 64 70 76 90 45 68 37 63 20 88 0 81 83 32 68 71 5 69 73 95 77 94 4 80 62 38 76 14 3 75 98 2 95
83 77 17 59 60 32 21 89 54 27 67 44 59 43 58 83 50 91 94 59 63 88 9 48 12 55 47 67 72 86 20 95 68 54 58 50 19 85 85 28 12 92 11 52 55 43 96 74 25 44 3 16 21 34 49 37 39 8 43 100 4 90 30 75 53 44 8 99 33 22 26 8 0 98 24 89 14 84 44 79 87 49 85 66 62 61 70 9 80 29 52 19 2 19
45 43 78 21 24 34 67 7 51 21 91 24 43 88 68 78 54 100 61 74 61 72 4 54 81 27 1 93 26 90 36 89 72 81 84 56 78 73 68 5 64 20 75 31 12 97 69 77 9 19 8 56 89 69 9 2 94 100 25 47 28 5 84 77 97 91 13 79 53 60 67 71 65 0 25 64 66 40 43 72 28 53 89 1 100 97 8 46 3 12 85 75 92 59
71 8 49 17 89 66 45 58 92 31 85 10 6 73 85 83 54 3 20 23 64 15 61 100 10 44 6 9 68 12 63 86 77 26 59 89 35 59 50 21 37 34 46 96 49 34 65 56 68 52 25 46 45 83 27 15 26 1 46 89 55 95 32 54 22 20 23 24 65 63 18 13 38 67 0 63 22 20 56 21 28 10 92 59 14 73 40 19 42 93 54 77 26 33
57 12 71 91 59 67 2 31 58 54 96 83 17 8 100 49 78 25 82 35 88 25 11 50 35 72 40 90 31 9 29 93 32 2 52 12 7 9 67 89 61 61 83 85 42 77 30 6 13 90 64 72 82 52 61 62 86 74 74 62 36 63 15 1 39 58 27 44 56 83 95 83 67 7 69 0 48 56 85 24 45 56 14 36 36 99 76 96 79 4 89 40 72 9
87 59 99 43 44 97 88 38 18 91 89 48 65 84 55 72 37 6 45 67 19 74 52 54 21 69 3 46 98 89 5 98 9 73 69 11 17 29 55 97 33 65 11 41 53 4 6 55 57 5 25 87 56 27 35 73 67 15 48 58 60 10 56 2 24 41 74 84 67 33 77 13 35 91 17 73 0 86 47 3 79 29 59 3 8 26 59 83 35 69 42 72 36 47
55 74 95 33 95 10 4 25 29 39 22 11 72 43 33 81 11 51 89 97 90 22 72 80 54 28 76 60 62 82 59 52 87 27 95 28 92 4 70 100 99 17 91 6 68 89 28 92 8 64 25 100 21 26 65 14 11 19 99 64 27 85 31 13 79 81 28 41 74 86 23 42 17 14 2 12 67 0 11 46 78 4 14 50 31 64 2 47 44 91 76 5 33 81
87 21 29 59 3 48 76 99 91 22 54 95 55 61 68 54 89 40 47 68 92 42 46 64 28 29 99 73 42 91 38 76 15 92 61 70 27 84 52 90 71 60 36 79 55 89 68 47 60 18 63 59 79 76 61 95 67 19 14 46 29 43 13 61 93 12 99 41 38 48 42 55 26 100 21 3 23 46 0 10 24 90 22 91 11 19 39 27 27 47 42 5 2 86
14 28 67 96 58 57 44 23 20 18 34 76 70 16 79 23 9 23 56 72 94 82 1 30 29 54 35 64 65 53 37 49 60 8 34 54 5 90 78 42 48 88 3 25 71 53 25 17 47 83 99 35 42 85 85 59 72 16 43 22 32 1 50 53 73 56 26 30 2 27 96 8 76 83 27 65 74 36 62 0 92 67 97 69 57 85 54 30 92 41 38 91 9 76
29 25 99 57 14 83 60 28 74 42 1 27 60 45 40 24 38 29 34 80 30 47 23 3 75 1 13 100 95 99 57 96 21 44 82 84 12 26 56 64 62 39 28 79 31 16 42 44 62 52 51 90 14 11 42 69 43 29 43 74 61 55 78 81 34 61 87 45 67 25 22 57 23 96 74 75 60 10 67 6 0 52 24 20 29 77 95 16 30 63 84 86 53 34
40 84 58 35 57 33 42 35 46 34 55 98 48 42 42 7 26 43 23 49 17 73 44 63 21 95 70 86 24 45 85 67 41 3 28 60 35 45 57 31 44 96 35 98 80 41 57 15 41 34 70 60 14 53 72 83 63 9 26 88 53 16 52 12 42 8 14 33 100 74 20 28 87 88 36 7 24 18 33 53 17 0 56 60 25 56 16 98 95 49 84 38 77 16
72 65 80 99 93 76 47 12 33 57 18 91 50 94 90 48 70 84 65 40 30 32 96 2 60 12 9 53 11 89 82 41 69 3 8 52 79 19 77 22 97 93 81 4 18 90 89 63 65 55 55 69 78 42 2 42 30 79 93 28 25 47 81 59 74 80 100 73 98 46 84 59 55 20 57 95 72 48 26 22 42 14 0 74 20 17 83 34 29 56 59 89 47 28
88 69 48 92 98 64 39 71 69 10 79 83 70 89 3 65 79 93 44 61 33 35 13 11 94 80 74 46 56 71 25 23 61 43 77 14 79 72 40 4 49 25 41 76 23 87 99 43 35 44 14 43 19 82 36 41 40 53 99 11 54 32 81 81 58 97 93 37 73 87 42 78 54 36 58 34 99 5 37 99 80 37 28 0 52 26 47 93 1 52 84 1 80 65
4 14 36 53 70 6 68 65 47 96 26 2 76 78 70 46 47 80 29 91 67 97 67 33 90 9 64 79 65 83 4 69 63 17 59 53 14 93 80 95 98 62 74 64 47 72 20 11 91 89 62 80 99 62 56 91 38 70 63 88 96 43 68 13 48 55 98 31 18 93 48 79 24 8 84 37 31 21 19 44 55 70 88 14 0 51 55 76 93 88 74 52 95 74
78 56 3 93 37 13 57 29 35 77 89 55 35 22 63 76 57 31 59 88 97 72 41 65 16 91 60 96 8 77 88 62 95 43 1 56 53 59 55 3 15 3 93 53 93 61 41 80 35 66 14 14 97 71 65 93 28 40 50 22 93 76 77 72 88 21 68 49 49 34 23 100 72 13 50 67 36 66 84 13 36 57 87 1 45 0 7 43 49 47 52 36 22 55
99 27 100 74 83 80 58 8 21 28 5 47 27 66 85 91 56 35 78 88 7 43 8 80 66 55 47 39 6 46 43 67 85 88 15 52 45 50 65 46 24 51 81 88 70 47 11 86 14 67 24 6 53 90 85 75 66 8 2 70 11 92 26 2 33 59 40 95 78 56 23 44 67 26 60 6 50 23 52 1 70 99 73 23 18 64 0 6 99 73 74 59 12 70
94 91 75 73 65 8 51 74 19 72 88 94 57 35 10 6 64 62 85 59 80 31 70 3 61 8 53 37 46 72 99 28 95 37 42 20 61 97 95 38 26 52 28 17 39 96 100 50 71 55 48 80 64 46 16 11 61 14 11 8 43 55 77 33 33 34 71 33 72 45 64 42 19 35 98 64 72 98 43 7 64 75 88 79 86 80 93 0 12 76 62 99 88 57
88 82 15 35 24 98 26 17 35 30 1 53 8 44 80 57 30 44 25 67 48 44 59 75 71 73 42 5 58 4 23 33 57 60 77 84 64 84 2 76 72 52 52 7 60 5 35 89 30 67 27 24 56 4 84 81 30 59 86 62 51 38 96 66 76 85 73 57 70 15 9 22 75 31 58 31 91 78 34 40 41 83 86 3 20 16 13 96 0 82 60 96 45 16
74 82 85 48 57 63 75 13 49 22 22 8 31 40 11 48 17 13 91 39 37 73 16 12 16 4 51 45 15 55 59 79 46 27 25 41 82 92 28 27 9 83 40 27 15 77 24 1 4 8 85 52 33 97 90 52 57 80 50 1 29 63 5 74 12 90 2 48 18 24 73 86 31 31 45 25 84 34 99 44 97 12 7 65 66 21 59 96 49 0 45 18 18 46
73 21 10 79 35 97 100 25 54 98 67 35 18 93 25 82 66 22 82 6 39 12 9 25 2 37 7 70 51 14 82 30 1 56 27 55 57 94 17 76 35 95 37 73 44 11 43 64 38 6 46 6 38 85 81 94 72 86 30 7 54 30 23 84 78 90 85 96 62 23 80 11 10 80 58 54 17 39 83 35 73 95 98 49 14 61 99 32 78 96 0 77 92 34
11 16 41 41 35 67 46 57 99 7 14 35 100 80 65 61 45 46 27 72 32 96 52 89 12 49 36 92 68 79 17 11 88 33 72 53 26 50 61 66 27 33 72 52 41 88 89 36 82 3 11 67 75 69 57 73 3 2 33 95 18 50 23 45 46 95 74 67 49 58 22 1 1 31 70 78 25 50 40 78 22 94 12 73 51 53 14 44 61 91 93 0 46 10
8 48 60 100 37 91 66 67 7 44 2 16 71 15 76 10 69 9 7 36 64 29 6 87 16 14 60 14 83 57 38 80 74 70 64 19 99 30 51 15 96 79 85 73 47 81 75 22 27 37 20 100 12 88 67 69 13 61 43 43 30 24 19 88 60 32 30 38 26 52 57 14 7 91 66 51 34 94 78 94 86 58 23 94 94 31 64 55 21 19 3 8 0 20
32 56 53 97 98 88 77 84 21 9 85 66 92 33 75 49 54 15 47 31 70 77 83 30 30 44 10 12 44 66 23 34 70 66 25 50 44 83 13 95 96 6 86 34 6 50 84 58 70 30 55 77 68 74 31 93 22 60 62 98 72 54 30 70 97 44 18 68 47 15 73 39 46 57 14 14 22 62 18 80 42 84 75 14 52 14 1 46 79 99 71 63 60 0
