97 63
79 194 999 538 496 55 482 337 689 83 909 81 324 732 780 35 90 935 897 597 262 22 396 861 549 886 572 587 738 140 732 593 70 68 832 882 516 110 166 404 859 669 994 139 36 829 370 195 171 417 984 698 283 134 726 320 266 543 691 965 260 397 4
573 211 115 406 554 707 468 855 326 412 601 732 658 345 131 141 128 325 537 829 714 13 103 278 742 376 27 361 791 811 997 635 912 346 642 739 439 153 189 15 731 952 107 22 508 765 545 209 334 955 940 355 337 560 965 992 904 308 183 113 748 949 566
213 893 39 238 75 245 121 573 732 552 300 662 421 331 732 619 442 728 625 950 543 363 399 948 79 565 177 279 928 882 788 502 278 689 751 995 147 295 657 104 176 96 795 335 637 388 204 669 212 282 163 330 628 124 87 552 945 102 523 222 105 828 565
248 962 159 397 956 190 883 331 667 192 384 129 465 993 403 335 68 715 449 822 477 95 447 28 478 553 641 230 209 481 149 892 616 869 515 621 94 297 652 612 744 369 91 362 250 685 132 251 946 643 696 949 795 603 210 378 377 939 745 967 595 587 659
604 114 867 322 324 380 392 413 575 189 165 686 523 308 766 307 298 413 960 179 532 280 653 472 836 917 707 459 528 721 988 192 771 850 248 47 437 908 78 476 234 29 402 540 743 99 640 228 448 848 199 767 903 695 128 852 152 318 205 458 744 327 783
721 699 613 616 431 956 415 704 459 559 788 634 401 683 732 566 379 131 511 802 368 75 252 393 547 696 144 614 843 408 201 233 570 585 709 31 701 925 332 465 383 531 199 299 954 81 563 677 763 797 246 230 440 11 941 451 937 105 807 248 449 318 250
85 559 272 448 402 125 677 797 613 428 418 832 40 402 599 244 368 306 627 905 871 278 700 356 715 722 46 960 72 504 317 863 544 420 6 857 259 780 23 103 58 430 487 365 452 126 840 802 540 394 841 277 770 355 808 717 893 410 941 613 130 693 865
43 886 973 237 268 543 637 591 805 473 993 304 408 421 249 665 281 100 840 163 212 641 861 437 614 372 277 328 612 890 323 31 427 546 926 130 29 419 701 338 789 641 577 47 31 166 815 924 711 557 745 652 188 577 295 806 57 428 735 316 944 748 847
706 835 432 11 121 321 801 759 387 184 811 722 881 253 179 157 599 166 634 663 265 248 575 486 40 322 746 468 85 829 261 188 782 590 245 55 62 322 566 1000 990 285 190 192 825 766 575 294 710 91 272 847 446 676 749 493 885 271 834 680 638 872 127
718 831 250 373 504 644 262 63 722 983 566 500 438 789 279 392 991 51 489 706 917 911 405 488 873 772 170 919 702 277 523 31 746 58 872 203 800 240 984 822 732 251 280 609 98 511 250 481 379 396 429 229 716 928 613 181 717 78 815 390 68 244 316
978 595 274 999 492 532 670 636 297 823 37 862 242 270 908 85 814 54 940 235 676 954 916 898 230 813 760 620 66 756 744 53 202 310 203 561 667 905 202 526 722 545 561 685 914 607 512 123 739 93 216 302 244 970 600 94 705 694 599 954 904 35 20
180 525 838 402 402 133 25 311 562 247 998 596 385 326 890 646 792 420 259 826 51 737 343 296 911 865 227 966 208 995 829 862 348 557 191 746 144 453 169 787 693 482 369 936 406 850 577 828 152 861 469 608 870 606 519 528 160 729 265 106 576 592 198
112 514 127 142 351 989 648 805 944 41 969 214 131 895 473 385 140 247 706 334 894 546 439 436 243 78 471 243 470 807 778 530 775 344 912 486 117 78 553 648 19 44 527 250 865 408 487 134 763 314 343 850 846 804 817 68 62 907 845 501 438 849 870
845 311 931 339 604 369 414 109 720 895 817 759 464 484 895 521 676 604 627 176 574 734 976 672 609 309 445 857 596 798 689 55 459 819 40 51 123 510 930 247 248 194 100 335 573 946 670 75 150 141 376 681 53 793 369 87 632 892 382 350 867 922 508
466 576 233 842 998 751 904 773 172 811 990 153 698 500 255 321 456 914 712 412 574 228 860 772 475 245 207 132 240 535 447 261 194 423 339 653 206 581 124 85 832 631 176 749 332 665 853 310 461 90 26 915 523 550 57 117 783 508 593 930 322 219 776
633 388 966 54 693 113 841 828 644 374 558 356 818 865 481 626 847 157 260 471 217 676 664 606 759 136 505 463 772 722 932 738 420 476 31 582 551 522 709 495 710 610 45 69 622 668 599 145 472 709 362 875 667 622 508 166 439 97 671 741 799 619 492
583 874 101 736 990 429 893 415 54 329 761 985 440 500 59 943 934 151 8 978 481 299 163 337 822 745 423 188 103 341 505 418 805 998 667 899 43 933 597 971 863 639 95 708 41 624 937 974 462 878 755 342 726 15 48 96 601 200 733 570 48 124 832
175 984 581 131 237 265 505 632 372 581 724 311 675 348 502 730 680 316 697 177 627 878 154 233 431 59 321 672 271 774 422 188 674 282 642 33 362 428 887 593 790 732 101 821 801 357 371 722 79 460 934 551 253 125 576 675 698 440 1000 43 941 3 601
105 820 921 970 664 798 528 930 980 990 288 630 550 700 735 337 333 474 154 183 937 928 174 197 192 652 621 280 731 945 900 272 803 91 408 553 253 453 576 895 541 919 766 547 374 391 136 414 247 18 475 112 138 255 951 862 918 41 629 686 892 888 420
352 566 42 747 378 267 626 122 344 56 581 105 847 688 870 210 709 28 101 794 486 230 184 322 893 407 334 228 237 929 36 97 795 350 830 351 315 31 195 8 763 569 253 61 439 433 836 913 98 640 583 747 885 666 262 348 928 41 590 390 907 910 466
965 767 23 562 463 949 828 499 494 290 836 347 679 71 356 127 515 409 455 298 923 297 114 28 24 609 254 470 56 521 192 157 333 542 245 659 327 623 951 405 506 11 445 137 978 602 918 289 114 142 517 613 445 869 1 792 492 974 724 145 669 518 891
291 524 142 516 563 884 419 235 727 238 473 392 142 18 997 730 215 700 941 479 993 757 830 795 260 442 867 957 291 114 324 434 663 224 810 33 889 208 293 669 403 895 817 625 947 236 603 157 637 250 603 367 692 415 48 805 317 695 170 487 169 721 240
274 949 555 110 190 727 2 867 600 558 25 501 804 158 394 153 691 663 67 595 266 634 488 334 955 63 511 720 412 766 160 765 606 976 482 519 712 41 411 999 425 748 856 330 917 218 570 459 319 713 162 761 660 574 795 333 432 295 885 258 842 454 378
425 898 365 633 391 723 411 144 382 468 193 119 965 928 924 696 828 5 679 634 777 914 652 812 688 257 838 526 539 444 62 908 517 260 305 220 428 980 546 678 915 580 721 467 857 113 759 246 658 290 117 280 255 358 569 528 964 129 331 703 782 541 922
520 184 133 158 30 401 621 402 49 395 101 952 136 658 485 456 914 22 538 495 552 727 109 968 793 677 197 425 993 450 211 517 60 396 20 209 629 138 916 645 147 985 484 234 554 532 718 898 647 927 640 360 269 558 548 981 446 599 400 748 747 352 793
571 460 502 42 478 627 475 227 673 194 763 925 354 141 939 297 81 26 255 792 142 685 919 821 277 160 765 735 463 736 461 235 920 98 809 318 433 460 944 215 618 305 283 251 894 700 732 515 530 22 83 727 403 946 582 126 27 21 883 741 104 91 390
149 345 236 962 338 126 422 358 133 963 756 573 283 224 764 665 502 416 543 342 241 28 857 647 841 732 400 839 671 257 161 213 275 18 437 469 98 409 827 903 943 392 880 151 800 982 121 280 63 80 377 437 137 269 741 974 908 203 269 667 825 808 462
688 136 966 530 205 483 685 920 249 371 358 64 811 111 594 943 788 723 661 976 28 508 427 308 607 649 53 288 924 806 735 901 386 994 913 741 775 321 800 265 511 940 416 920 445 99 633 153 329 740 427 809 6 909 576 912 495 838 860 622 397 410 355
635 167 972 319 132 719 711 348 818 117 997 747 724 282 465 223 100 51 344 863 919 936 817 40 470 256 726 327 346 339 434 656 309 276 906 502 851 944 897 831 302 647 860 34 617 798 92 160 4 391 169 101 335 94 147 209 770 248 276 863 361 562 354
58 629 659 424 711 980 823 652 227 563 217 403 825 666 109 313 848 117 823 269 575 219 323 592 854 192 322 350 59 949 237 333 397 511 970 803 592 621 568 316 117 699 784 536 773 803 34 651 299 363 689 30 267 225 84 132 979 363 882 31 692 660 913
696 276 673 195 293 484 505 398 532 817 458 287 838 778 625 178 703 652 985 616 18 349 293 613 841 227 984 932 738 736 313 642 838 517 437 860 339 216 437 270 697 115 190 642 361 66 302 904 848 297 972 128 316 104 481 145 398 876 883 237 709 866 497
675 843 155 288 912 153 743 139 172 270 671 865 885 780 403 417 810 267 156 896 389 551 272 179 621 877 328 536 951 499 999 22 457 893 537 398 532 587 925 465 387 408 369 552 332 413 601 251 89 268 451 825 707 961 74 230 789 378 900 579 128 744 522
927 296 781 732 378 570 661 799 546 384 554 333 367 355 639 327 306 276 270 160 891 599 653 177 622 860 170 644 23 635 816 496 893 35 714 273 234 560 740 632 939 559 777 190 874 246 22 513 977 349 509 960 801 371 686 361 24 215 249 741 577 116 567
364 53 239 782 914 128 520 418 477 895 659 768 2 853 458 710 3 692 809 343 104 896 621 874 407 7 642 10 945 501 791 25 466 972 952 253 84 129 464 892 673 754 121 292 139 387 154 67 619 87 699 973 994 740 248 692 918 527 936 450 476 679 113
289 823 894 449 140 995 865 459 503 625 560 29 536 535 801 98 641 994 711 832 837 891 16 680 96 259 853 910 68 908 690 260 213 422 989 863 742 443 523 389 165 528 814 578 137 768 971 78 308 782 583 148 187 662 610 969 378 537 228 295 708 788 707
734 577 76 519 670 64 864 652 275 811 594 743 685 178 579 892 722 864 850 44 443 258 665 396 448 294 813 40 168 992 672 838 954 327 964 767 641 742 949 401 935 718 708 47 225 920 924 514 923 625 323 824 584 175 319 699 495 216 722 597 973 385 131
71 324 92 26 281 493 123 296 163 863 64 633 826 883 375 455 175 635 291 268 41 927 85 923 275 92 276 900 424 786 38 282 498 400 348 579 850 814 339 428 137 902 103 597 741 983 682 432 128 64 114 450 650 38 497 3 311 850 294 472 332 570 968
122 234 834 787 258 652 743 771 388 741 560 21 541 171 465 502 467 441 925 570 95 712 959 622 1 788 53 570 169 773 98 542 309 340 422 173 580 446 525 783 469 965 353 232 629 681 956 742 163 93 854 504 954 934 215 849 859 727 769 716 387 391 805
946 832 972 617 342 788 513 403 626 972 915 373 666 183 409 637 118 310 865 191 902 957 320 697 702 475 33 971 40 411 79 185 488 879 518 454 859 190 819 446 617 355 827 184 129 482 249 143 643 190 602 444 73 468 634 410 279 814 833 21 858 333 712
55 773 702 853 945 462 783 111 178 351 519 523 647 544 967 4 967 481 97 673 2 173 491 545 102 651 656 858 581 302 972 910 558 284 169 62 574 244 898 521 619 320 364 429 365 610 140 95 657 715 441 469 59 951 223 360 568 260 821 263 526 113 12
14 136 330 68 614 569 250 604 285 540 922 550 758 822 413 941 76 345 502 347 840 149 249 100 907 269 286 337 749 524 165 433 491 2 619 154 662 926 802 720 552 130 326 576 730 678 212 676 465 778 301 619 408 291 856 892 302 137 430 655 680 443 855
752 449 423 602 193 333 954 681 995 549 520 635 840 469 513 171 40 82 144 789 245 583 577 929 357 806 103 944 349 283 303 107 557 988 844 116 35 533 768 844 79 9 187 891 65 946 379 750 18 993 289 794 37 209 604 462 523 678 892 791 389 555 820
718 610 825 645 364 214 171 532 397 891 782 231 138 62 727 449 328 952 516 663 727 343 700 166 469 289 714 291 296 429 709 31 306 902 715 269 550 404 75 2 954 544 882 567 877 460 278 526 311 614 446 895 576 359 250 805 424 851 783 914 326 311 394
915 436 386 134 641 392 106 17 350 701 141 545 129 23 872 491 485 350 6 68 164 394 697 368 75 309 254 392 803 966 768 161 212 993 420 591 709 739 900 625 164 500 827 477 622 805 324 844 156 457 79 152 955 48 960 794 614 214 61 961 994 19 221
109 310 187 144 305 573 566 158 806 801 585 544 540 709 627 21 523 958 420 802 144 432 823 394 68 169 417 397 14 572 410 240 721 253 248 721 464 740 634 204 173 431 762 159 385 440 812 887 773 688 627 277 224 262 987 553 321 777 329 217 836 733 950
230 826 5 370 995 792 206 366 354 698 796 498 989 104 4 204 622 166 116 490 276 258 642 391 570 311 424 897 654 398 641 468 827 156 835 183 131 806 537 683 812 1000 131 508 653 374 732 521 950 370 328 813 850 44 600 96 554 656 691 535 14 48 475
191 234 202 418 418 20 621 951 632 318 757 968 542 668 902 637 148 379 677 519 576 803 673 851 897 411 928 175 862 136 63 904 660 673 154 541 558 434 209 60 47 963 627 111 651 261 892 227 235 96 82 293 903 172 782 752 542 50 877 999 314 573 718
875 22 483 294 994 697 2 743 670 756 633 767 725 423 444 532 665 338 83 238 478 447 88 557 931 429 931 681 111 454 555 929 834 266 43 187 701 901 759 498 278 836 74 509 948 645 606 779 972 172 710 733 750 418 947 996 831 279 585 866 907 688 14
652 310 4 167 748 336 552 582 198 539 507 611 976 626 819 190 348 48 942 615 762 929 221 498 270 529 435 618 370 639 547 785 204 998 207 841 623 544 837 194 455 119 508 8 814 26 620 64 300 200 939 128 723 156 84 344 920 165 458 897 37 24 971
536 340 84 719 38 446 986 976 871 58 279 339 677 497 856 804 625 293 553 480 318 842 570 644 74 933 294 187 577 617 353 52 160 960 13 426 746 414 281 436 498 762 687 869 630 110 920 7 885 325 623 944 773 436 966 343 931 1 801 984 392 472 973
586 356 629 788 673 657 923 433 879 23 115 2 510 71 168 831 393 887 895 869 208 881 557 678 210 40 480 897 197 48 863 922 33 160 141 126 114 263 329 966 20 136 897 221 57 140 445 711 142 275 544 952 236 726 560 670 506 59 359 868 991 838 770
811 285 73 191 503 857 480 835 20 591 427 889 508 451 353 783 846 194 133 226 35 655 72 10 136 561 987 929 843 801 134 564 741 490 890 964 755 921 272 278 160 332 924 550 898 311 969 323 431 721 162 763 780 901 851 671 857 732 442 690 197 224 780
651 298 388 376 434 981 471 746 206 68 839 54 140 604 466 282 181 158 671 998 719 269 531 554 667 590 136 212 734 908 640 388 713 936 703 934 747 242 534 308 855 974 276 589 992 965 183 126 960 311 224 404 352 626 973 427 434 730 607 61 362 973 804
402 635 897 287 881 790 261 315 985 365 73 647 174 517 282 875 851 186 454 376 16 356 216 38 800 303 369 743 18 289 124 584 362 917 299 136 12 604 163 529 348 243 793 748 428 423 663 729 619 269 351 548 310 70 883 58 750 8 455 755 463 440 420
314 768 226 633 103 419 747 88 389 74 718 242 919 876 131 272 534 579 990 759 390 899 315 423 654 26 927 344 630 990 513 154 283 71 40 663 14 307 982 319 723 95 690 904 364 505 115 240 245 439 512 689 899 91 869 151 718 702 312 385 478 597 898
977 505 805 713 98 10 647 313 997 462 575 922 520 327 615 325 924 859 131 561 489 967 497 866 648 325 575 497 964 341 416 414 990 616 428 106 356 287 299 825 806 194 350 132 100 357 131 877 935 748 939 299 747 719 257 366 597 568 113 724 295 905 586
586 165 99 426 174 595 186 508 929 965 732 672 666 354 312 200 597 998 523 787 147 771 565 480 11 859 314 144 374 181 909 327 912 561 655 473 819 458 797 270 701 535 519 529 137 725 533 427 779 341 660 806 413 781 934 129 111 526 536 863 163 538 805
740 854 936 71 390 107 917 789 723 50 856 633 621 477 841 792 575 314 375 948 474 861 678 311 888 501 26 269 228 271 826 828 860 224 899 56 277 939 432 63 10 138 187 211 96 465 747 646 848 743 746 287 265 742 41 58 770 481 802 86 666 557 586
256 444 344 361 277 434 607 15 845 668 587 357 723 813 275 669 105 219 277 663 128 825 61 426 149 994 240 987 607 468 59 604 484 711 508 572 547 409 626 855 565 39 873 202 829 258 485 389 822 107 144 669 268 412 118 357 378 725 885 704 59 800 811
118 236 57 199 105 918 477 521 954 105 446 966 605 556 865 708 734 130 165 260 438 406 271 413 374 839 966 188 718 46 440 305 939 244 727 78 379 681 308 641 166 711 902 360 795 597 279 852 27 519 172 165 142 579 758 237 313 118 370 770 417 309 961
35 799 464 620 619 343 280 817 107 350 993 890 90 831 451 448 232 315 51 572 640 619 6 741 740 403 573 203 290 676 171 359 611 494 60 189 868 17 608 279 566 630 701 911 497 647 691 704 157 943 664 178 584 903 812 632 564 422 214 880 304 116 669
174 158 76 868 581 901 412 381 507 357 962 350 808 223 628 184 795 807 812 12 513 578 647 48 171 961 848 263 939 848 997 439 698 912 253 740 169 232 429 602 634 835 910 559 210 10 925 975 733 730 391 897 86 704 366 647 898 129 116 891 704 615 339
284 575 869 542 608 323 867 848 291 790 477 791 846 511 782 12 587 762 970 746 53 76 408 273 548 321 127 942 462 635 280 849 617 121 696 162 780 690 121 760 710 212 423 856 174 46 357 150 465 326 754 235 482 823 206 236 716 883 262 986 963 705 943
371 225 627 47 501 660 775 383 154 844 536 748 604 315 776 37 159 61 564 999 21 886 676 596 266 611 574 763 221 936 469 664 271 913 275 428 619 996 968 111 234 99 110 346 545 616 659 585 210 594 458 301 140 76 878 960 896 787 276 505 473 1000 812
352 319 356 251 940 560 608 409 663 835 839 258 771 915 227 419 141 108 756 258 112 101 119 986 61 673 955 818 142 548 823 553 970 351 943 201 994 409 589 341 114 874 131 911 588 308 135 27 350 880 496 698 979 378 53 803 351 307 213 820 932 113 985
689 114 317 181 807 420 320 573 616 501 170 516 379 200 865 552 615 599 507 154 652 804 745 41 14 307 760 934 478 512 700 801 239 837 75 35 242 252 371 5 975 467 265 694 297 773 183 170 36 716 665 805 933 325 845 215 630 324 516 289 444 182 49
413 855 486 957 476 46 687 493 66 645 864 777 51 364 229 849 465 893 58 549 773 665 162 658 723 967 462 388 474 162 778 453 1000 278 273 840 21 335 944 338 774 438 928 630 282 801 509 875 465 590 588 661 703 68 737 396 640 662 174 732 470 780 951
274 726 127 674 88 721 977 237 414 334 447 944 21 149 813 33 809 622 500 830 594 631 306 853 455 92 454 991 80 33 926 851 750 235 79 558 489 13 800 184 149 839 772 891 994 272 546 941 279 796 314 36 459 544 742 401 391 754 11 661 11 910 59
800 500 635 25 792 822 445 880 502 636 563 87 525 593 304 173 132 978 47 757 635 170 367 670 138 841 398 818 612 386 714 393 322 616 35 209 172 828 20 44 83 5 624 526 146 621 825 522 323 316 779 536 614 428 191 93 875 744 764 159 793 97 960
274 927 222 29 980 239 343 886 106 995 318 928 765 207 387 278 309 366 875 340 248 1 236 637 334 394 935 752 220 79 603 933 196 881 794 462 829 820 890 360 532 817 954 841 183 383 294 571 793 937 338 606 168 744 551 404 943 713 749 254 423 354 341
364 81 749 528 714 569 591 794 222 272 714 645 325 48 7 772 181 628 375 701 277 108 352 193 305 826 309 387 234 92 270 26 178 918 511 541 557 851 884 42 587 72 730 827 26 253 17 398 456 369 246 320 382 809 620 237 896 92 466 606 744 590 512
71 347 191 851 580 19 951 400 24 644 417 173 337 954 777 51 483 183 939 456 455 843 282 305 728 420 601 924 523 261 97 907 952 386 656 732 329 745 66 278 13 132 847 223 850 579 113 864 613 247 464 42 319 793 747 417 574 409 37 422 372 755 258
931 280 35 157 32 648 193 167 610 888 816 190 627 945 168 416 949 417 11 994 863 82 117 985 42 706 172 988 598 991 695 60 413 589 635 546 217 925 392 371 721 179 163 938 30 748 69 98 260 114 88 550 965 262 513 56 311 17 545 786 550 711 597
348 388 464 558 882 84 12 179 809 886 467 722 479 924 894 877 780 67 405 481 168 142 190 370 546 549 727 403 579 226 976 505 453 396 992 999 147 724 570 692 70 117 707 592 176 289 483 502 105 742 854 3 204 879 398 397 950 575 119 550 938 296 614
616 219 225 895 106 231 775 586 305 493 146 896 2 955 912 192 339 622 727 73 585 294 252 723 540 989 993 302 439 109 850 774 52 443 800 802 4 740 79 472 156 978 306 726 867 82 342 239 48 750 396 585 864 922 272 559 5 709 767 392 138 494 469
34 98 352 684 988 505 716 689 280 827 650 424 817 328 51 463 350 977 477 896 602 788 348 129 672 34 642 189 480 18 731 469 480 511 559 153 2 68 588 576 622 560 496 616 996 101 712 519 328 538 312 720 314 368 792 753 376 737 678 248 563 748 702
454 427 637 643 236 232 42 632 386 46 385 584 279 916 156 270 650 273 287 722 966 307 992 217 933 757 140 304 515 604 355 844 643 983 746 616 192 481 726 60 249 653 968 239 439 196 980 657 227 5 659 312 792 746 641 189 864 130 825 601 955 265 132
985 266 208 976 963 793 898 973 868 826 589 483 976 14 313 335 933 351 648 948 949 330 218 607 214 728 668 659 679 491 412 482 417 781 699 797 207 691 615 946 716 337 180 205 992 312 127 130 14 554 199 990 573 662 264 525 569 575 381 885 334 87 409
794 376 352 826 843 873 403 91 66 920 594 765 713 522 735 281 328 424 608 716 499 901 514 944 391 258 722 266 77 664 163 909 607 586 561 811 688 748 860 59 536 307 80 652 293 755 609 764 901 23 836 149 360 32 641 13 466 693 213 752 790 228 299
52 806 562 714 985 215 357 746 579 985 819 144 765 764 262 386 284 998 759 644 133 913 323 992 324 698 326 251 714 435 307 276 58 867 390 401 944 979 790 994 750 225 986 70 293 273 575 860 44 447 99 82 664 250 625 865 184 978 593 722 980 450 611
273 58 369 848 231 244 490 470 655 73 123 678 22 862 170 691 461 745 11 545 394 858 807 311 842 55 439 106 604 34 326 328 183 713 508 14 291 633 807 302 749 224 651 425 164 238 946 773 560 391 743 299 306 880 556 624 766 683 4 269 126 224 107
533 136 970 745 970 664 180 709 493 80 126 638 144 763 248 741 321 153 209 438 486 116 252 254 744 738 688 206 622 939 227 229 790 314 890 580 233 609 472 314 156 973 792 512 959 656 360 271 244 605 676 541 582 654 44 991 884 513 292 496 832 961 590
936 936 97 205 816 936 395 640 369 697 87 698 524 714 343 10 188 858 423 172 336 575 386 787 44 871 23 377 63 656 770 604 336 798 143 887 121 889 610 642 406 823 746 39 135 181 20 467 344 566 747 220 401 749 740 509 26 877 544 755 663 379 267
315 977 820 42 859 316 777 369 545 813 435 698 172 172 716 314 501 783 988 853 473 119 252 122 614 35 747 929 879 490 907 112 318 471 159 717 309 141 507 174 650 761 744 92 172 799 555 14 654 805 360 738 223 44 880 894 226 172 4 245 177 719 309
845 474 46 482 52 963 975 989 955 559 408 27 67 45 262 853 612 785 702 735 125 305 724 237 821 510 938 405 832 5 944 285 549 337 626 90 740 79 631 898 773 382 709 847 491 640 730 832 136 386 806 693 962 348 332 38 547 973 47 393 6 574 665
319 661 281 599 18 528 822 688 629 648 769 636 320 441 524 450 550 982 477 913 373 934 131 512 809 108 154 489 173 236 33 143 247 449 740 817 407 452 875 311 300 687 606 825 795 472 11 351 845 257 614 483 555 164 924 563 296 427 371 586 852 669 41
102 249 45 616 228 684 469 147 959 929 520 536 624 515 156 986 488 783 606 73 400 3 584 464 137 817 789 307 64 906 318 627 289 865 557 872 740 405 365 778 877 154 205 267 869 924 594 412 343 449 305 443 157 378 494 110 976 614 238 183 118 140 113
947 885 602 620 216 478 815 427 459 717 49 747 588 413 83 540 103 384 543 246 615 764 596 787 256 41 76 826 25 375 541 268 141 877 626 735 109 100 933 24 483 514 371 901 397 914 372 512 588 424 493 320 17 922 756 418 459 106 631 973 263 217 634
578 868 878 219 154 313 331 67 313 158 576 444 881 156 369 825 266 418 994 847 508 485 28 686 79 315 791 963 970 195 855 854 368 349 555 442 680 834 496 94 915 359 724 984 833 644 862 593 844 219 347 528 14 303 28 127 935 667 235 20 62 379 548
885 320 195 617 564 487 763 557 866 234 395 370 571 146 137 629 21 540 412 415 22 458 307 767 346 501 111 395 582 557 226 230 76 968 931 947 923 193 792 223 385 816 654 965 592 472 655 939 91 701 40 41 308 356 270 994 563 421 717 507 212 627 533
840 406 460 361 294 980 555 45 555 114 411 267 753 189 702 810 634 199 228 492 638 541 7 459 687 711 75 615 877 180 971 574 142 888 222 680 685 147 417 534 987 686 62 911 947 780 186 487 143 691 380 692 185 727 192 141 460 41 508 938 256 873 690
3 363 405 628 622 653 100 30 919 989 819 493 566 799 243 598 768 95 870 513 531 230 540 699 251 571 14 427 385 710 606 260 846 373 561 945 156 169 522 880 189 171 869 125 763 800 148 295 755 212 329 775 774 827 737 68 638 130 457 156 785 251 96
309 901 919 449 418 937 686 627 577 419 755 630 657 147 723 228 616 811 355 418 602 849 761 714 279 915 91 991 731 934 508 379 721 395 461 424 929 71 72 329 614 789 135 557 61 170 547 144 375 868 897 741 247 760 431 115 431 462 148 907 117 76 197
468 611 636 603 267 612 450 114 570 74 103 29 987 789 451 469 66 406 402 184 716 513 350 302 72 1 260 527 849 101 830 345 85 800 820 397 829 575 472 512 752 371 269 904 966 558 627 796 679 194 762 102 598 45 871 725 605 809 480 218 582 72 184
204 971 100 344 615 290 924 491 551 441 531 43 283 426 475 101 93 531 151 686 662 836 949 201 381 654 322 126 160 37 120 696 323 265 99 867 5 735 673 191 147 7 159 270 692 489 616 46 987 377 136 604 339 204 215 230 221 862 194 506 452 338 971
160 362 925 168 824 35 335 881 114 519 183 243 849 638 962 834 602 635 951 875 231 443 730 855 90 255 459 443 920 52 738 700 436 308 994 449 453 230 967 921 966 112 733 746 495 364 62 659 381 257 424 314 651 336 217 799 555 831 367 154 125 315 657
352 746 86 131 576 149 328 970 795 391 729 677 290 822 404 219 794 706 624 167 882 52 176 285 933 971 850 288 763 307 29 577 738 708 27 590 737 805 926 508 525 411 47 411 965 562 841 813 448 622 212 986 519 126 318 163 100 726 676 896 41 600 998
0 76 98 70 72 77 46 75 36 58 82 76 69 98 100 21 27 39 11 36 18 3 92 38 85 22 65 49 48 52 98 51 25 26 52 74 32 5 13 57 82 44 95 2 4 20 39 20 78 61 18 13 26 23 58 6 47 82 70 76 18 4 12 68 88 46 80 46 4 51 4 73 9 16 99 10 23 11 37 72 38 28 53 33 51 50 57 56 19 12 97 11 47 80 72 39 94
36 0 67 94 67 89 96 53 83 72 18 36 99 81 15 28 47 3 56 20 81 12 25 27 69 32 57 65 87 32 73 72 67 85 49 28 94 24 60 20 65 24 32 20 19 76 33 72 25 42 52 53 34 65 22 95 1 20 51 27 93 60 5 4 39 80 64 66 56 76 39 26 52 79 26 41 96 49 67 52 100 62 80 5 31 57 23 84 31 38 54 53 6 8 38 34 14
90 98 0 40 18 52 76 48 54 9 71 100 34 89 53 24 12 18 17 87 74 84 1 51 7 38 22 2 97 23 73 18 72 46 98 75 52 86 68 80 97 19 51 97 88 14 98 8 61 67 81 40 87 45 100 22 9 35 19 47 31 31 26 59 65 36 76 67 21 21 55 20 47 36 66 31 58 61 99 53 11 80 46 84 65 30 40 31 97 93 18 11 95 98 76 36 50
13 73 28 0 93 92 29 35 70 65 65 31 1 34 72 2 22 22 71 2 45 90 97 65 95 93 66 95 50 41 49 82 45 12 75 97 29 69 49 45 60 9 27 88 81 20 1 31 18 44 37 43 23 12 94 36 7 26 87 23 47 33 71 66 43 70 33 11 33 34 100 90 99 68 13 67 93 53 46 32 15 6 19 99 41 5 16 64 45 25 45 27 3 88 99 57 8
78 32 34 40 0 72 74 78 85 87 61 32 30 84 6 13 34 37 5 13 94 13 75 26 13 65 29 10 65 71 20 98 88 8 66 53 67 19 3 45 8 81 65 39 3 60 14 6 77 28 51 54 20 24 87 16 55 46 62 45 58 22 44 17 44 93 22 77 49 35 86 20 27 18 84 99 28 70 74 32 53 47 74 18 31 54 63 76 39 17 92 43 94 45 93 38 2
77 60 17 35 8 0 97 86 85 43 39 61 7 35 26 25 39 39 85 52 96 95 64 36 73 53 88 9 48 31 48 41 35 98 96 54 16 90 70 39 60 76 96 60 13 5 9 67 49 68 76 17 19 15 2 78 10 34 69 83 56 82 93 62 100 86 43 32 29 93 22 75 27 72 25 77 97 29 4 73 28 72 35 49 59 86 17 50 100 53 99 1 75 73 47 94 47
1 52 19 25 29 96 0 38 2 11 62 40 17 11 23 55 85 2 55 63 24 16 69 58 24 30 14 98 61 15 32 80 22 50 60 14 21 5 54 68 20 85 29 56 13 39 30 22 38 23 31 36 15 44 49 79 30 32 11 74 25 66 34 63 55 1 85 21 16 23 30 58 31 75 64 2 54 69 44 44 81 93 7 92 96 12 22 62 31 55 61 27 32 20 30 65 47
67 33 6 91 69 33 38 0 26 61 70 50 3 57 95 95 36 68 52 86 2 78 68 74 77 47 48 59 97 14 60 26 11 47 48 23 74 20 19 18 89 94 8 87 85 58 5 25 93 14 41 95 90 11 51 95 38 98 25 75 77 4 27 88 42 73 72 97 32 37 44 53 80 86 8 31 68 78 11 60 18 70 58 43 15 47 70 29 92 69 51 66 43 18 96 64 99
26 63 87 85 58 19 95 83 0 9 44 79 79 31 73 55 13 5 59 93 50 42 6 32 49 42 82 53 52 12 92 71 76 5 4 30 50 16 13 25 2 28 60 22 2 67 26 6 96 69 13 26 94 16 3 64 7 60 62 88 63 14 24 48 15 11 19 30 3 19 14 93 1 83 54 18 98 76 67 74 21 50 87 25 52 85 13 34 60 32 56 98 49 36 11 11 22
87 9 82 3 74 14 21 64 89 0 44 47 19 43 72 57 23 18 77 8 75 69 64 37 34 29 27 68 33 29 3 80 68 18 9 31 74 23 68 88 39 14 53 31 36 72 65 41 54 88 76 8 12 68 87 32 67 3 71 82 88 55 90 35 45 3 79 65 18 5 97 85 90 23 46 56 58 83 6 37 1 45 71 52 11 37 79 1 30 43 89 19 69 80 90 13 64
22 84 7 36 63 9 75 53 19 89 0 86 76 20 90 93 86 59 10 94 3 86 64 20 82 88 60 60 89 26 47 64 55 68 74 74 51 95 64 27 89 26 12 82 39 59 14 1 40 10 29 47 28 37 94 31 21 3 64 36 80 59 87 54 93 96 31 50 16 67 66 42 100 69 74 40 58 80 90 89 27 97 89 2 39 8 96 55 22 7 97 61 65 80 96 98 42
27 55 62 90 69 74 9 27 87 48 100 0 94 82 98 78 87 48 41 73 40 81 16 53 100 37 28 25 5 5 31 12 38 60 56 27 46 67 25 50 70 97 65 17 14 75 17 98 72 40 1 57 74 73 52 44 97 47 76 100 43 94 16 36 53 95 16 13 87 30 47 63 94 34 1 60 47 65 57 71 54 52 90 25 77 84 85 60 20 36 1 44 43 19 79 34 79
29 78 43 99 74 92 11 53 59 60 77 52 0 2 12 32 77 16 38 43 47 82 46 49 33 94 71 54 22 28 11 7 36 85 3 90 30 83 32 15 44 27 63 15 70 32 74 33 85 33 60 44 61 47 41 59 56 89 59 5 72 12 53 74 40 91 33 10 25 24 26 53 40 22 61 79 69 60 13 87 34 62 41 63 65 10 8 58 69 73 92 95 68 53 53 46 7
20 6 94 3 3 47 10 91 69 90 88 40 66 0 95 36 44 36 47 57 27 93 68 59 40 87 3 97 87 82 59 97 9 44 6 91 1 39 67 83 71 95 46 72 63 38 18 14 71 42 37 30 30 71 33 73 61 62 66 83 100 14 67 15 18 94 51 25 39 71 77 23 22 80 26 60 63 40 88 75 71 77 99 1 11 27 86 4 48 79 91 12 12 98 16 78 10
30 51 95 12 37 3 10 58 93 5 23 24 68 25 0 85 100 40 61 39 78 59 84 36 65 97 65 33 54 47 95 47 41 93 37 66 49 31 27 100 69 30 52 83 65 33 83 67 38 71 52 28 5 97 19 65 96 9 81 33 3 59 36 87 48 10 94 89 61 26 26 97 65 41 29 1 62 85 64 41 50 47 27 87 43 42 63 59 49 74 21 41 7 55 11 93 65
45 36 25 44 94 48 2 45 41 78 28 37 46 73 64 0 78 55 34 49 70 18 68 67 60 88 39 45 89 87 35 57 61 19 93 26 24 80 64 53 40 67 30 66 27 10 54 74 27 91 14 74 26 25 41 19 17 76 79 57 5 55 62 43 56 67 5 96 50 69 16 72 40 85 70 16 99 43 19 93 17 88 90 77 100 71 96 57 1 13 3 92 44 14 38 91 39
6 2 82 49 12 70 6 84 79 60 25 18 34 15 100 29 0 94 6 39 24 12 3 16 86 36 17 94 62 78 47 37 80 35 66 17 58 48 35 87 91 23 74 15 23 28 27 43 81 52 3 36 33 100 30 88 53 64 76 21 10 14 63 58 45 82 12 44 24 81 26 27 59 28 44 15 11 71 11 78 39 74 27 99 79 50 43 86 30 13 5 35 16 37 48 85 88
44 53 64 97 54 93 26 95 31 56 32 21 24 83 13 57 72 0 92 85 76 28 72 80 74 92 7 5 93 48 4 33 10 80 91 93 57 77 54 77 19 74 28 67 67 18 79 100 1 23 82 98 77 76 2 92 95 64 30 54 53 60 21 76 56 75 44 35 21 8 82 79 51 93 59 24 93 75 54 48 13 91 71 97 88 40 29 68 62 98 58 15 3 79 83 6 40
16 43 9 60 21 49 99 59 62 38 62 20 90 85 88 47 94 25 0 23 77 18 85 54 64 41 27 4 92 74 12 89 4 72 1 51 7 98 82 39 7 72 11 38 91 50 40 100 93 75 55 56 51 15 90 93 35 89 66 76 91 93 18 94 75 34 33 15 66 56 67 99 7 60 56 40 3 49 99 48 89 3 86 87 39 71 55 26 45 3 50 12 77 20 14 78 12
22 75 39 16 75 14 53 67 24 69 31 44 61 5 76 9 48 52 73 0 100 86 81 27 60 38 32 96 97 87 96 44 69 45 63 80 81 83 28 62 51 24 4 60 33 63 63 8 35 34 95 13 67 84 44 90 6 79 50 47 88 14 64 92 9 74 58 1 14 92 41 19 75 87 91 39 35 44 9 53 62 40 47 49 32 5 31 81 13 17 54 14 21 64 9 58 31
85 27 79 75 77 32 51 19 97 85 91 45 70 91 42 94 14 46 38 65 0 52 20 10 99 100 96 29 9 27 28 6 13 87 30 14 7 72 38 22 87 26 55 73 15 14 61 82 58 28 62 59 69 15 41 16 95 69 50 99 44 49 61 13 82 92 59 13 15 44 35 100 15 56 51 5 3 96 74 71 68 11 94 78 66 32 63 63 60 56 62 77 21 24 60 53 98
22 27 29 38 88 91 57 83 96 15 66 54 11 19 73 7 19 23 56 32 49 0 73 64 96 83 59 19 72 54 76 28 12 36 13 2 25 13 38 93 32 92 70 77 15 49 88 34 47 15 43 60 52 56 65 1 66 28 78 4 34 76 27 33 6 15 65 91 3 88 75 89 20 15 89 86 19 81 77 39 60 75 40 24 26 74 53 24 50 75 85 65 43 22 83 44 71
13 92 81 49 71 47 36 56 66 15 20 17 30 85 45 50 16 17 5 53 20 86 0 11 3 35 98 22 58 24 85 21 47 1 29 80 14 7 74 46 4 44 40 12 63 94 90 51 29 49 95 98 50 64 72 100 75 52 92 6 80 70 88 28 46 52 40 63 31 24 32 91 13 78 4 50 13 27 22 93 13 62 73 85 60 31 63 15 1 95 64 70 16 52 26 46 80
53 30 87 44 22 100 7 33 86 36 29 20 58 22 99 66 4 59 51 99 76 26 82 0 45 11 49 25 78 5 49 22 73 97 57 11 56 13 4 94 98 39 71 90 35 7 29 85 60 14 57 87 85 65 54 42 83 80 11 1 32 91 90 31 29 35 59 33 15 28 74 29 90 50 65 64 19 63 17 83 39 65 92 42 99 85 91 100 11 75 58 99 91 41 65 19 96
27 68 31 54 1 7 62 82 74 78 32 52 3 64 58 47 80 23 40 100 91 73 2 9 0 72 91 22 30 14 29 98 10 66 82 81 69 78 30 91 55 24 11 70 57 2 11 97 44 64 42 68 93 45 83 26 89 25 41 76 82 87 24 94 8 7 3 16 67 53 25 67 87 62 55 94 11 7 1 100 18 32 25 55 77 1 47 91 71 29 24 14 34 56 92 76 8
51 10 68 32 32 14 62 32 99 51 83 37 62 72 35 9 24 21 45 86 53 59 22 67 5 0 20 11 96 2 26 49 23 49 95 9 77 64 90 36 57 12 97 14 23 94 18 42 30 81 69 82 48 59 32 89 45 67 30 49 92 95 22 28 73 62 59 2 54 66 17 66 29 32 47 74 18 9 100 61 71 14 26 33 64 68 49 1 21 78 37 73 23 44 87 73 95
80 41 28 2 52 66 54 54 40 24 36 70 41 98 53 77 63 66 66 25 12 4 35 68 59 57 0 26 68 88 54 100 39 54 21 10 54 51 47 70 11 95 81 40 26 56 36 88 20 73 39 83 72 67 95 50 32 13 59 66 52 49 15 61 74 29 68 5 89 59 38 21 59 57 48 74 27 20 5 48 41 40 56 34 81 61 43 98 14 89 98 70 79 90 50 8 85
11 33 13 80 39 84 83 60 3 59 81 76 22 30 20 38 35 74 7 47 29 88 71 30 62 78 53 0 20 22 19 50 94 68 16 34 42 33 4 88 97 76 66 78 38 98 55 20 85 54 8 31 94 93 37 41 1 16 83 92 4 3 21 66 22 47 65 3 36 64 36 9 50 45 27 4 65 72 84 8 72 73 58 82 72 23 48 33 1 68 38 99 70 27 57 59 50
20 89 77 49 95 62 96 11 77 52 16 7 52 9 21 40 9 100 72 2 25 15 49 79 17 78 61 6 0 68 75 55 52 68 27 87 10 47 63 75 23 32 56 86 59 66 1 14 50 58 90 100 86 65 87 75 40 76 3 76 86 100 87 2 14 86 59 50 15 45 67 29 100 31 68 73 63 41 81 58 73 6 45 55 28 24 55 30 26 72 46 93 75 48 72 62 6
46 86 46 31 35 57 62 57 65 66 6 19 3 85 95 76 20 64 5 15 71 49 98 39 2 70 27 75 28 0 32 56 42 77 90 2 74 2 35 82 38 55 40 53 64 54 53 60 85 89 56 97 60 72 3 67 5 28 27 96 58 44 49 89 37 83 33 47 17 26 91 9 59 96 6 77 22 56 76 45 78 31 88 52 6 52 6 38 18 37 1 48 84 76 48 96 10
54 67 65 8 43 34 84 76 48 86 51 44 55 3 47 17 14 88 62 42 91 6 89 32 58 69 25 79 3 48 0 57 39 64 82 80 14 21 27 65 93 68 38 99 35 92 78 44 65 5 84 30 28 40 31 70 81 77 26 81 94 91 23 36 95 93 92 71 12 64 64 94 30 24 65 88 42 91 53 18 21 8 84 73 34 9 96 96 63 58 40 16 7 99 11 41 49
84 21 94 65 91 87 58 76 14 100 19 81 28 12 40 59 91 45 2 39 9 10 23 28 60 36 64 18 10 21 97 0 87 1 99 19 53 40 21 53 69 24 93 100 62 35 10 54 86 23 86 26 85 55 13 15 87 27 29 19 92 25 93 6 12 13 16 12 66 1 94 95 10 18 66 66 46 84 20 56 34 100 44 89 56 9 85 56 31 64 59 49 29 85 2 14 100
7 67 17 13 72 46 49 27 75 10 98 44 59 98 22 39 25 61 63 5 37 5 99 34 30 74 35 4 4 73 60 95 0 92 56 44 25 43 56 93 4 79 22 80 93 47 100 57 57 82 75 87 52 84 55 94 79 21 47 85 61 71 39 32 53 47 56 31 60 55 69 97 58 79 13 43 96 42 30 51 96 8 38 66 76 70 25 39 94 22 57 39 97 42 45 66 74
36 74 62 38 88 33 96 51 58 63 68 14 70 75 38 55 66 36 91 98 27 87 77 18 52 8 52 84 69 66 90 54 80 0 6 94 68 66 88 26 80 84 56 66 26 32 44 21 28 64 99 55 41 79 3 16 57 72 96 49 85 76 61 21 85 42 12 3 65 49 61 99 50 14 97 67 22 97 57 48 46 23 90 70 29 10 87 25 78 85 74 22 21 90 77 42 11
11 37 37 74 49 82 87 7 72 17 81 62 83 21 7 54 35 53 15 32 60 37 74 93 8 65 54 15 49 79 44 76 26 32 0 75 39 10 29 23 17 28 56 20 55 87 98 67 18 78 81 19 23 76 95 60 90 80 66 22 44 27 35 61 100 67 29 18 19 31 11 69 6 32 50 17 9 25 42 94 71 34 49 54 5 92 69 84 33 33 63 77 67 26 48 33 35
51 37 66 14 54 79 79 40 12 76 64 67 73 14 6 81 39 13 68 87 42 25 1 30 68 22 16 73 44 3 38 29 97 3 26 0 21 81 15 24 17 83 97 17 81 27 74 2 68 88 70 64 32 28 1 71 61 32 2 23 21 54 85 65 70 42 19 79 52 17 65 8 3 45 42 31 52 2 25 50 36 45 95 98 58 60 34 2 70 49 96 46 92 69 31 71 42
29 57 92 50 95 82 56 28 71 13 95 56 12 48 18 97 39 28 56 53 95 64 31 77 60 70 56 65 47 8 95 62 38 10 27 48 0 9 78 18 26 32 84 8 48 27 51 83 40 69 93 36 62 5 47 80 43 61 62 82 33 57 59 69 20 98 93 65 73 44 72 80 76 69 34 95 61 29 82 43 99 92 23 38 56 46 46 35 62 43 24 31 36 22 67 21 65
84 90 41 25 20 17 12 5 53 4 72 50 68 69 20 99 82 100 88 100 2 38 27 63 46 90 40 53 68 73 79 90 65 66 45 58 21 0 58 88 39 96 52 47 8 93 39 61 45 10 23 84 50 33 35 84 18 66 30 1 16 62 89 7 93 52 68 30 57 78 8 87 37 39 40 23 26 24 42 94 19 42 17 58 29 91 85 54 23 100 63 22 94 95 98 66 11
25 88 87 33 65 82 70 15 93 48 80 65 89 52 55 3 74 44 80 62 48 28 77 3 68 98 18 39 73 30 35 33 13 74 21 32 85 91 0 91 76 11 74 28 68 16 49 12 71 26 43 64 12 35 31 42 96 65 90 37 2 70 15 9 9 68 7 60 26 97 70 15 42 20 84 13 52 81 19 49 44 15 58 70 43 58 43 91 47 47 27 9 12 20 58 30 61
32 58 96 84 83 100 47 84 20 21 52 29 24 92 23 3 97 30 71 84 51 60 2 37 42 93 76 92 65 83 10 35 83 75 72 1 5 1 54 0 2 96 74 92 98 45 65 5 39 91 94 83 47 75 14 26 76 79 76 15 3 70 65 11 45 17 2 49 6 80 52 92 20 59 5 18 87 47 90 3 47 61 54 94 79 50 80 99 78 22 93 65 100 23 33 62 26
61 16 10 59 100 11 85 62 38 92 2 53 48 99 77 37 39 66 95 49 24 12 61 81 6 35 79 76 92 39 32 13 35 4 4 43 89 40 65 56 0 44 79 99 28 78 71 35 99 54 91 99 64 93 28 96 51 71 35 1 82 97 15 88 36 28 59 31 58 43 88 45 54 9 72 34 27 62 96 49 27 42 12 30 45 29 24 29 26 66 12 22 15 25 93 54 41
35 63 50 74 26 34 23 48 34 73 79 18 32 48 80 48 34 13 31 48 48 74 99 100 82 77 35 74 38 68 26 26 56 86 86 48 18 84 5 42 98 0 41 73 26 69 39 59 13 98 39 7 68 2 56 86 99 71 33 48 80 63 9 12 2 48 79 75 42 66 68 62 72 46 45 49 67 87 15 29 92 82 93 89 85 74 55 18 89 86 9 92 24 59 32 97 69
43 83 36 96 80 3 18 78 33 43 35 12 38 26 48 36 4 35 14 88 10 71 19 37 2 11 48 7 39 1 67 71 27 73 34 65 82 61 1 77 96 49 0 2 30 4 14 96 29 77 17 86 52 68 8 49 35 76 6 72 33 16 60 20 11 31 21 41 58 62 82 44 95 29 94 75 16 68 36 35 23 11 100 21 18 46 82 41 54 67 63 79 37 84 80 95 47
20 7 8 74 70 17 81 89 39 7 58 39 82 51 98 6 21 75 94 50 54 72 57 88 55 76 34 3 36 90 52 2 64 32 56 82 83 47 66 79 47 87 18 0 26 89 6 70 93 32 66 34 39 9 47 15 40 21 3 88 85 92 34 11 96 95 34 33 5 1 88 70 86 40 10 68 82 55 40 26 78 83 89 72 34 55 43 26 42 73 91 91 56 64 40 24 41
91 60 6 48 100 80 45 4 51 72 75 23 18 18 38 76 70 17 37 14 60 11 90 18 89 97 32 10 56 83 44 33 22 87 4 27 40 94 39 42 34 14 81 60 0 27 44 42 91 2 33 1 44 24 5 23 39 99 8 14 7 31 4 54 72 92 9 91 49 77 44 61 13 92 27 99 41 98 69 98 39 47 82 15 15 66 11 86 63 79 64 11 98 99 79 69 94
96 5 22 34 15 52 97 15 78 55 20 91 83 91 26 65 15 94 24 71 84 18 77 61 96 69 44 8 22 72 15 99 2 79 90 99 13 74 33 30 51 22 90 30 78 0 24 95 87 60 19 32 38 37 38 54 89 66 8 13 4 90 23 72 55 75 100 62 20 5 80 83 60 72 89 14 45 11 37 12 90 70 45 67 54 24 14 56 99 54 52 25 99 13 95 30 75
19 86 100 8 45 85 5 27 36 63 12 92 18 98 89 18 44 50 8 67 99 32 99 87 31 61 33 68 48 57 98 13 76 56 9 83 87 100 87 61 99 69 7 68 83 70 0 42 95 86 52 43 14 24 62 31 25 46 99 40 24 19 37 45 30 100 67 100 42 85 74 23 4 2 29 76 73 97 50 83 37 33 6 90 66 100 57 8 42 34 75 91 31 86 51 42 34
11 77 99 29 60 10 54 7 24 57 66 42 98 39 36 73 96 68 3 88 71 88 79 88 91 88 78 56 57 14 9 81 43 33 83 87 16 66 49 77 86 92 86 16 48 90 34 0 41 68 91 2 7 13 77 43 92 54 86 13 19 96 16 34 64 31 95 72 53 5 76 91 92 47 35 60 90 44 22 67 14 24 58 21 92 14 18 59 54 74 90 35 85 19 23 29 49
64 87 81 86 95 85 71 39 35 32 99 81 47 90 45 65 24 9 34 99 6 52 45 26 56 47 89 42 98 15 34 53 100 10 42 11 34 69 40 33 79 37 49 100 67 57 11 8 0 5 68 57 15 9 75 9 89 43 5 54 81 48 46 14 29 95 67 25 7 69 76 39 20 22 74 39 72 5 12 13 32 86 44 72 33 86 46 65 13 55 56 75 50 67 10 8 31
24 71 80 87 78 25 61 35 80 45 28 68 49 10 95 6 43 36 77 64 79 90 78 59 97 57 60 90 5 65 15 41 91 32 96 35 67 54 95 22 54 36 34 37 87 61 42 28 69 0 64 8 36 82 92 33 20 48 63 68 5 55 44 45 69 25 76 4 82 14 25 35 85 56 30 5 47 58 43 20 48 48 25 91 83 5 30 61 50 17 50 20 34 14 38 34 77
53 27 13 96 77 90 83 12 57 88 55 68 92 77 55 28 3 34 55 50 70 20 2 82 7 83 96 66 44 54 100 71 15 43 39 6 77 67 62 91 9 28 10 95 60 11 86 94 18 11 0 43 23 6 32 56 41 22 89 7 36 90 35 44 17 60 50 58 27 66 2 68 74 65 24 83 22 37 13 5 97 33 76 17 54 29 12 67 33 39 16 58 81 32 38 47 14
92 83 25 92 56 21 98 49 28 64 97 69 76 38 36 84 13 98 22 43 99 1 11 92 73 56 77 72 30 95 72 57 17 34 32 29 91 53 54 72 66 2 65 42 14 48 44 85 34 76 38 0 60 36 91 69 48 5 90 39 50 19 94 95 12 25 92 13 73 87 89 22 71 100 96 39 98 25 53 67 43 99 22 88 92 56 77 75 99 14 61 61 42 1 82 48 54
60 100 66 57 88 20 36 90 85 29 14 19 94 50 7 9 28 69 49 77 58 57 87 56 100 61 35 93 74 4 3 86 1 2 43 8 70 17 58 9 86 66 87 89 69 94 35 5 6 44 100 35 0 40 13 56 2 36 95 28 51 12 68 57 74 76 55 94 99 4 21 47 20 98 37 34 79 62 63 75 26 76 3 34 75 12 6 26 59 97 22 33 39 33 58 40 5
10 89 13 85 96 40 52 63 53 68 58 34 65 7 95 12 86 82 63 80 44 95 46 22 12 50 86 33 27 65 14 11 98 70 36 95 12 53 75 59 28 38 96 13 57 83 63 27 73 66 63 64 42 0 22 78 62 60 31 14 62 52 55 66 68 77 66 89 28 73 70 26 90 71 76 11 37 92 78 92 95 8 26 89 60 39 13 60 37 74 50 74 22 9 38 96 12
82 15 10 41 27 1 91 37 100 29 93 97 65 82 16 43 72 66 74 98 44 49 87 74 1 6 10 56 26 47 60 31 77 55 35 29 94 15 36 24 73 85 64 54 75 69 61 5 92 95 21 34 47 62 0 95 49 13 47 49 4 15 49 90 20 83 45 82 73 90 92 92 96 6 16 80 99 91 4 34 24 84 44 75 75 65 40 32 10 75 57 76 84 59 82 39 13
31 50 61 20 79 87 47 67 78 63 82 33 38 7 3 28 65 29 8 2 9 62 74 81 58 25 38 53 4 60 94 78 14 69 92 63 53 37 2 19 37 45 18 20 30 22 68 53 91 62 76 58 17 45 73 0 14 18 22 81 82 25 12 54 97 7 26 28 82 68 47 11 34 84 18 32 35 60 8 54 75 76 20 62 36 40 9 42 69 28 73 10 60 17 94 45 43
86 61 49 12 43 10 40 54 18 58 79 22 60 42 39 55 74 50 38 7 1 14 52 94 56 24 100 94 54 61 87 56 32 70 15 93 96 49 68 65 96 82 100 54 94 84 33 83 37 28 54 12 18 64 87 89 0 44 9 53 49 6 55 98 12 4 2 21 74 33 54 95 65 64 45 70 55 37 50 11 92 40 30 40 22 29 86 71 10 66 67 26 84 2 10 15 87
23 16 44 15 100 95 5 48 9 40 55 8 95 47 5 22 51 85 100 58 51 17 52 17 10 39 59 81 34 83 75 69 20 25 4 87 63 54 22 24 53 69 56 98 75 89 19 41 87 20 68 7 81 69 62 94 27 0 87 47 8 46 33 89 11 27 55 36 71 23 11 31 7 8 46 52 28 76 42 82 82 83 95 90 26 69 62 38 89 37 46 90 38 90 90 17 83
57 12 89 58 40 48 90 43 94 98 69 67 96 19 76 71 44 39 31 31 12 19 42 58 41 65 26 42 6 24 75 22 17 88 6 41 50 79 57 99 28 82 68 30 57 11 63 45 61 3 70 65 98 37 36 81 18 17 0 85 5 10 28 59 73 48 29 56 67 45 33 3 38 78 60 100 34 92 40 30 37 14 35 92 64 23 80 15 87 57 43 48 91 14 42 49 74
13 13 35 25 89 86 96 22 74 86 82 38 85 76 29 49 24 72 76 53 18 24 15 42 13 34 46 87 57 22 66 90 68 55 71 94 1 62 20 86 71 44 82 7 68 12 92 30 50 76 52 76 41 45 37 71 86 31 36 0 78 17 67 72 50 10 8 51 71 19 28 19 46 62 52 36 64 25 8 39 93 48 29 34 8 34 54 19 54 49 1 22 7 28 98 73 8
63 18 47 31 98 6 10 18 41 28 67 18 56 95 14 12 11 91 14 29 79 68 3 32 77 36 24 34 23 27 56 74 61 35 21 99 9 86 84 38 56 67 35 16 97 90 58 13 67 72 6 93 46 39 79 87 87 12 73 92 0 59 90 42 70 98 70 19 95 97 40 88 93 34 10 62 87 39 70 2 82 15 34 36 69 28 3 89 25 70 37 85 21 86 66 9 6
34 60 6 57 34 10 16 25 35 47 38 55 32 68 22 21 75 32 80 96 50 55 44 32 42 16 26 16 5 57 38 64 8 96 33 4 77 74 48 25 7 12 51 35 46 31 6 77 23 59 63 87 90 88 9 86 44 16 86 34 48 0 61 86 74 24 22 85 82 72 9 2 41 67 49 35 15 51 82 50 5 72 9 85 65 73 46 58 89 83 50 61 43 14 51 12 43
35 94 90 24 59 63 75 29 95 24 12 12 97 92 62 23 14 56 22 79 59 57 32 15 48 81 93 53 81 2 52 6 88 25 79 13 92 24 4 61 42 19 51 54 45 90 31 90 96 8 5 16 11 81 24 18 66 36 4 99 40 12 0 38 69 39 90 65 73 86 68 52 70 64 53 87 48 71 4 75 13 2 51 15 42 67 61 69 48 70 26 2 19 94 39 62 27
21 41 44 85 33 82 83 26 66 99 13 83 11 81 52 62 81 99 15 85 90 78 7 52 63 32 25 1 89 16 85 64 74 70 27 29 12 83 1 34 55 27 40 50 29 23 61 80 20 15 95 50 99 40 58 9 41 88 63 66 39 42 97 0 11 25 74 31 32 61 95 78 2 27 87 74 98 25 24 74 11 75 36 36 17 12 55 62 21 24 5 8 42 5 43 24 82
6 24 28 23 70 81 2 2 7 70 9 74 11 77 12 91 27 36 29 85 3 22 80 63 86 36 90 20 60 17 17 20 1 88 53 29 68 95 6 39 62 17 97 39 46 93 29 75 71 81 80 42 9 55 71 2 32 59 82 88 98 45 16 29 0 79 63 47 63 24 63 77 11 25 91 28 60 76 38 19 57 64 14 10 29 34 84 70 44 48 88 59 3 56 39 25 17
56 96 18 81 20 54 26 39 47 52 67 86 15 62 13 8 53 4 30 86 62 82 95 12 85 86 7 9 46 47 64 8 58 23 13 9 13 72 19 75 45 16 1 12 21 18 7 4 78 2 33 28 97 8 5 26 16 30 43 5 71 100 46 30 64 0 9 13 2 14 44 52 44 42 36 44 3 36 34 21 97 44 80 71 24 67 12 37 66 24 19 87 44 1 84 62 71
11 24 70 66 41 71 15 92 2 75 65 19 13 30 91 99 15 18 84 49 12 24 45 80 22 69 90 25 27 17 59 55 85 6 71 13 9 29 93 41 98 61 44 3 88 25 9 62 29 13 39 68 87 85 15 20 49 92 77 41 20 27 67 38 34 87 0 13 36 34 38 87 37 33 42 24 63 17 40 76 43 4 20 52 76 74 90 85 74 45 13 23 3 34 40 61 28
76 57 80 3 63 66 4 62 35 95 70 20 56 67 3 92 84 67 25 46 51 1 97 46 63 91 18 68 95 50 38 69 98 62 47 85 98 64 92 34 25 99 89 54 61 58 89 82 88 95 76 45 48 68 86 4 38 2 99 95 100 54 20 58 17 13 75 0 98 25 46 87 19 79 23 78 100 91 8 93 17 68 50 6 54 23 88 13 40 66 34 77 65 1 76 77 9
11 91 39 28 21 69 49 87 83 61 45 67 80 27 64 73 37 54 42 56 9 21 92 54 44 68 82 77 74 8 12 75 52 10 64 8 58 84 67 28 44 99 30 42 83 1 47 79 30 79 61 24 18 23 52 34 32 27 51 88 59 26 33 92 43 44 54 56 0 100 82 99 17 59 4 60 57 67 79 83 69 84 47 11 90 6 5 38 24 60 91 83 98 20 81 44 93
36 80 5 4 7 94 31 21 14 17 68 18 41 16 58 24 78 44 91 97 9 65 1 77 15 45 87 82 13 26 33 100 95 59 24 59 99 25 70 74 92 68 29 70 93 42 98 5 76 85 78 41 35 17 93 55 82 32 51 56 90 49 24 26 14 36 56 50 40 0 91 16 43 50 83 60 92 36 19 22 98 3 83 4 7 20 65 22 15 3 100 55 41 6 45 58 4
10 15 68 29 74 76 53 100 11 14 1 73 16 84 50 12 38 25 28 15 12 83 88 29 74 57 90 73 23 64 21 76 25 44 65 62 96 91 26 36 80 63 95 12 18 49 90 8 81 31 7 92 90 17 12 6 9 96 40 31 39 76 87 36 74 32 39 40 100 77 0 45 5 8 48 59 55 41 97 3 36 93 69 28 83 32 100 96 76 55 100 23 56 87 10 31 82
66 50 10 1 96 42 4 22 95 80 1 6 71 74 3 50 18 79 25 47 60 44 2 64 45 25 9 51 20 85 10 64 88 22 53 93 13 66 2 19 2 52 21 22 7 50 96 8 55 30 52 44 75 49 77 91 89 76 39 85 24 47 26 24 80 21 56 57 72 53 63 0 48 65 34 18 39 12 94 53 96 28 78 53 4 1 74 53 63 83 48 56 85 52 86 96 88
99 69 77 73 75 58 7 37 98 88 84 72 60 9 54 53 65 49 93 76 26 93 26 22 98 49 81 60 36 39 57 46 21 89 26 84 47 90 82 50 99 30 37 49 25 73 87 50 7 81 68 75 30 48 73 50 6 19 2 97 3 54 80 80 56 58 84 6 76 9 89 91 0 28 2 7 23 64 64 9 37 22 37 26 59 9 87 4 57 23 71 62 5 75 87 13 45
87 77 74 96 45 91 70 28 96 18 2 70 74 67 6 45 77 81 94 44 19 24 77 9 50 32 18 3 71 73 96 73 3 23 49 98 32 31 31 33 75 1 36 57 69 26 36 89 88 21 89 99 36 45 15 96 15 38 86 96 6 17 45 63 6 68 85 19 48 79 39 78 77 0 48 75 45 66 76 90 35 92 66 39 87 71 64 54 33 25 74 1 43 78 79 53 61
63 98 93 68 72 57 54 20 96 29 51 73 25 23 8 30 88 7 7 85 10 67 94 7 68 51 84 85 5 47 18 98 39 95 82 32 14 2 80 97 9 82 58 74 97 1 66 22 4 93 94 45 11 6 79 76 29 49 67 78 4 33 42 66 17 98 4 60 40 97 98 22 14 30 0 78 11 32 75 48 67 97 3 71 82 60 35 22 19 91 88 9 9 16 48 52 81
46 43 34 31 80 80 22 83 14 82 31 53 33 73 11 60 50 52 35 12 47 80 13 20 2 9 95 78 23 93 28 14 45 43 93 50 68 81 42 89 78 37 90 75 35 66 13 55 68 51 78 16 9 70 38 58 59 43 4 87 62 84 34 47 58 25 49 48 97 5 33 70 17 91 59 0 46 28 79 4 19 82 29 51 38 74 1 4 59 14 94 18 53 40 49 86 35
42 65 61 34 59 27 99 31 71 16 22 81 42 92 71 8 88 36 32 37 30 49 31 66 13 82 63 94 31 51 9 50 28 35 10 91 54 29 44 9 81 89 6 45 34 25 90 2 39 47 26 42 9 65 83 71 78 92 71 70 22 79 18 100 37 100 63 16 77 69 16 66 47 33 80 62 0 97 66 1 85 31 90 52 84 10 86 21 62 93 99 79 52 13 85 4 57
68 67 82 33 38 80 84 11 31 64 48 26 53 82 65 45 46 90 32 32 79 68 11 87 89 60 11 49 99 65 17 6 73 28 5 13 52 98 42 9 60 14 77 84 23 74 60 30 90 18 19 77 7 27 23 78 98 93 35 64 5 43 88 77 73 84 80 32 42 71 32 74 59 36 28 82 46 0 14 64 9 15 26 92 4 77 66 4 39 45 52 98 10 64 10 6 35
55 38 32 11 54 62 57 8 34 93 32 77 64 70 56 36 56 31 40 48 99 3 14 54 5 8 61 86 34 63 85 96 52 18 5 50 98 56 65 90 80 98 46 92 40 70 68 88 17 64 99 34 75 32 81 55 59 14 31 41 20 34 79 8 63 36 55 16 67 33 13 59 62 53 18 27 65 5 0 20 49 31 49 76 57 18 98 66 2 54 32 65 87 78 35 99 19
8 65 25 86 41 97 95 81 7 20 80 88 49 20 25 100 53 38 100 46 48 36 39 79 18 45 11 79 32 29 61 86 64 100 60 23 41 92 81 10 4 82 47 40 34 39 81 71 16 12 39 61 73 88 86 63 36 14 69 33 14 37 53 87 94 49 95 72 44 5 89 64 84 72 52 9 98 77 18 0 7 15 97 96 33 73 28 66 92 11 4 50 90 64 59 75 79
51 49 55 84 41 1 77 54 7 4 78 99 35 52 98 32 14 4 28 38 60 21 83 55 55 80 43 98 17 19 47 43 30 55 16 96 47 28 28 48 34 84 30 81 82 14 23 27 18 70 43 1 78 87 37 100 61 61 47 80 51 49 86 33 40 75 70 67 18 74 86 5 80 56 96 44 95 32 9 10 0 34 85 16 46 50 85 72 56 97 80 83 100 89 28 62 67
27 61 68 6 9 74 8 7 18 66 67 40 6 50 6 39 91 64 32 20 54 85 56 49 38 24 95 7 6 69 29 63 74 46 59 40 90 85 100 29 39 40 28 28 11 3 99 96 79 47 55 16 40 73 66 68 12 85 74 93 71 56 50 23 82 97 54 58 67 63 68 27 67 29 19 96 30 49 89 63 33 0 67 68 77 38 14 81 66 4 51 69 61 80 85 33 9
49 6 86 64 90 44 23 25 55 34 7 9 74 98 59 74 15 19 40 31 54 7 65 89 53 98 24 84 50 48 59 71 23 53 3 13 21 32 73 91 94 77 77 38 69 31 81 47 85 19 66 68 1 70 86 11 7 23 50 49 31 72 86 59 95 99 52 33 61 42 38 89 33 56 9 24 73 7 43 64 35 95 0 84 53 71 89 16 90 91 85 72 93 3 14 92 91
77 11 94 89 58 11 6 51 23 23 95 11 76 96 73 63 3 36 11 73 100 49 3 44 60 77 6 47 16 94 64 14 18 6 57 9 36 47 38 33 68 60 42 22 80 68 91 35 10 17 62 70 12 58 32 67 79 58 83 48 25 79 74 7 49 82 33 96 63 50 36 95 65 81 94 50 10 56 94 27 6 66 83 0 60 51 19 82 41 87 36 76 23 30 87 78 36
67 29 49 42 66 27 10 57 22 25 65 98 18 8 20 13 18 80 63 100 24 2 20 40 32 27 37 73 46 60 24 44 59 58 41 57 71 80 87 35 77 73 85 78 44 36 67 64 83 74 30 57 45 89 36 6 47 83 85 6 79 67 92 2 97 18 3 10 9 27 43 97 28 67 34 60 44 91 66 24 84 32 3 64 0 4 41 26 86 35 9 5 5 35 32 99 36
42 32 21 68 55 100 70 55 11 45 77 77 14 34 61 53 49 78 31 65 47 90 36 39 5 72 49 30 91 86 28 17 57 24 11 76 90 97 97 26 13 18 22 88 82 41 53 26 71 61 53 71 12 75 43 7 28 65 96 46 43 47 35 41 22 14 19 1 99 72 30 24 42 39 89 98 43 96 56 77 45 16 86 2 44 0 37 80 37 17 62 63 89 64 65 60 96
34 91 31 4 72 63 23 26 23 47 21 70 75 70 8 25 96 75 30 3 56 36 82 89 43 25 74 78 83 65 27 86 81 77 3 80 58 36 63 69 99 42 27 10 76 96 24 34 63 50 5 58 18 84 5 86 82 5 88 37 99 30 4 47 13 51 92 87 29 79 58 63 58 68 35 90 52 18 100 92 59 46 54 30 43 5 0 97 50 79 43 26 76 47 50 96 55
97 14 62 17 69 70 76 53 21 90 64 43 17 40 28 7 58 14 29 100 62 46 98 80 9 62 7 92 83 11 33 82 98 80 81 87 50 15 81 80 95 99 71 40 96 10 48 39 63 35 100 27 33 93 37 16 48 14 97 95 54 82 77 52 6 92 60 52 71 87 34 38 57 71 59 50 45 27 56 60 71 27 81 56 35 47 68 0 98 41 67 94 49 34 11 39 81
93 70 68 93 86 82 78 5 78 78 50 81 100 17 65 66 37 100 89 6 63 91 45 54 31 46 42 70 9 65 27 73 5 87 97 78 45 72 48 87 95 73 45 36 29 61 74 86 98 90 27 46 3 8 35 92 87 10 34 100 13 26 18 64 97 65 58 90 74 56 14 14 71 11 23 27 48 94 50 70 28 95 76 59 37 69 30 12 0 96 43 30 10 8 24 86 42
38 19 4 46 15 95 39 88 94 61 38 88 16 55 67 63 46 5 92 38 6 11 34 82 35 25 78 90 55 40 73 92 70 2 10 73 65 21 32 67 77 49 55 92 39 67 57 57 81 59 42 70 7 46 3 30 83 17 77 88 30 37 54 4 85 56 22 63 61 82 59 37 35 33 89 29 71 63 62 36 76 53 99 60 50 82 22 89 100 0 14 84 97 89 69 60 59
46 72 53 6 73 66 54 40 17 16 70 87 22 87 7 85 32 88 27 84 100 70 65 17 95 88 70 64 72 54 30 86 53 30 66 87 42 52 28 47 74 91 19 81 86 99 13 54 28 99 65 77 21 67 54 83 15 92 92 74 7 33 21 23 71 87 31 69 71 61 92 90 18 72 55 96 12 46 43 92 48 46 86 27 29 17 12 67 13 73 0 22 35 5 58 62 23
11 61 89 33 30 9 24 96 22 65 52 31 100 53 33 16 49 69 6 23 15 44 79 53 4 87 7 50 100 29 6 63 41 22 91 70 74 68 88 67 69 6 83 99 18 12 3 16 90 13 48 69 33 40 12 74 48 10 80 39 90 49 19 33 94 46 70 54 19 97 54 62 76 5 19 27 82 91 5 90 40 9 9 60 89 24 77 84 98 83 77 0 92 9 11 79 39
77 3 10 81 56 53 36 45 86 16 49 72 36 14 60 8 46 81 61 69 17 37 28 76 45 21 50 30 63 95 9 75 15 67 47 12 26 36 12 4 19 86 21 26 32 36 6 28 52 70 71 39 39 31 32 35 34 12 6 87 85 57 65 83 79 66 56 78 50 18 56 11 96 44 54 40 38 50 17 12 55 11 52 47 16 42 68 83 60 13 77 11 0 67 32 20 53
98 46 26 40 30 43 27 1 28 72 57 98 25 88 20 14 14 40 87 72 45 85 2 62 91 91 21 29 57 22 32 23 14 29 80 42 3 30 49 76 68 24 26 93 51 2 71 12 14 5 18 19 72 5 94 6 24 14 52 30 19 41 27 83 58 30 7 99 41 32 55 87 43 100 56 61 46 95 98 60 58 15 71 23 74 10 10 5 22 42 98 21 77 0 13 64 3
71 25 19 23 100 41 23 42 29 34 24 17 19 68 86 37 38 9 98 89 3 8 76 1 66 8 61 39 67 72 51 38 16 27 3 43 20 25 31 50 63 8 34 5 63 37 49 14 63 99 8 64 38 39 94 88 7 95 11 96 61 40 60 83 58 3 52 31 37 39 41 21 16 85 37 91 12 2 77 77 32 86 45 5 13 82 90 32 34 27 20 15 70 47 0 35 36
47 61 94 66 74 24 7 76 33 54 58 60 75 83 21 45 10 57 65 75 87 38 15 95 69 85 74 28 52 55 48 84 26 26 32 13 65 32 20 39 73 33 13 34 47 67 61 22 32 100 23 31 99 27 9 88 3 80 51 40 97 64 92 55 28 80 19 35 92 39 21 6 5 24 17 85 18 83 65 72 46 79 56 37 31 49 89 79 93 76 63 98 42 64 46 0 57
60 49 63 65 5 85 48 89 23 98 83 40 87 7 17 94 49 27 51 80 21 76 49 67 17 9 84 56 79 17 98 53 59 93 63 66 78 41 3 37 66 12 67 64 42 15 94 14 72 63 29 4 58 39 19 66 19 96 52 71 64 64 52 9 12 50 56 99 8 76 12 40 83 9 12 33 86 70 62 67 32 99 78 2 30 75 50 67 22 48 15 61 21 25 4 52 0
