78 51
378 695 249 77 810 255 912 972 475 670 245 865 928 765 442 938 675 120 671 830 74 345 319 313 386 442 762 172 952 443 574 480 487 276 406 871 779 431 445 400 492 542 451 533 942 356 230 898 109 755 116
668 278 409 5 12 753 263 517 151 691 281 751 403 815 539 85 360 348 349 611 824 914 85 28 540 982 878 405 453 5 762 133 540 726 17 846 14 247 102 205 600 449 866 212 931 336 672 42 163 490 396
896 410 410 753 908 500 884 933 330 350 928 507 942 792 324 220 519 309 105 547 629 707 112 444 947 83 341 336 183 406 617 272 871 545 454 132 486 231 492 687 67 522 233 56 282 854 828 135 716 834 346
721 594 764 194 979 495 431 51 871 267 611 805 462 275 890 236 18 374 146 481 910 963 28 492 285 822 16 724 572 41 299 238 125 807 78 884 121 148 692 196 169 896 712 898 360 298 240 472 840 209 970
409 208 270 985 525 208 613 540 782 1 611 483 50 811 697 727 681 731 142 733 422 89 651 119 163 940 135 551 437 442 227 209 582 352 16 876 329 643 236 436 256 728 492 391 505 462 371 489 71 550 961
823 789 724 463 373 589 309 638 796 838 628 359 372 805 147 957 961 666 818 750 37 395 119 369 130 487 163 490 458 88 941 561 773 963 909 304 982 380 639 171 851 794 193 801 471 1 403 601 253 855 722
504 19 14 737 583 49 24 365 689 884 273 436 482 28 646 49 235 246 331 918 273 214 882 830 583 325 64 853 552 995 505 271 118 26 612 762 984 894 57 730 509 516 294 943 936 814 553 316 580 329 576
310 294 595 124 391 178 916 524 526 814 360 574 285 491 750 248 743 153 696 893 740 578 599 291 106 487 482 872 625 534 851 981 579 997 550 35 631 904 775 450 833 935 351 313 687 691 850 335 858 39 200
96 783 3 823 723 681 355 729 816 989 14 951 903 586 506 522 139 243 469 369 518 346 351 220 62 994 51 740 933 41 236 981 6 192 612 353 883 417 16 954 628 236 287 243 258 438 449 531 321 662 61
584 363 581 810 684 522 546 959 854 38 87 230 912 804 267 162 224 727 245 314 670 648 865 198 809 409 363 734 782 632 757 370 710 55 710 276 522 992 914 98 494 893 272 919 263 93 148 873 98 203 681
37 755 465 866 470 743 546 349 61 862 588 460 971 496 436 802 985 811 556 111 792 686 55 536 981 157 85 486 508 922 66 777 485 764 305 960 844 855 591 448 938 48 570 999 626 986 407 3 278 186 178
972 686 139 904 595 826 591 9 390 672 540 434 449 263 366 518 690 516 446 68 328 561 71 60 945 899 64 316 591 269 203 687 583 288 402 724 30 84 232 356 983 888 675 117 837 877 668 460 346 537 248
615 178 367 823 696 623 755 270 990 793 259 675 190 337 849 869 878 355 158 421 706 294 417 100 752 562 228 379 133 852 983 369 867 928 742 693 98 52 45 896 178 421 388 693 451 641 406 297 852 312 899
305 856 999 38 348 414 138 184 790 223 206 619 5 515 240 243 316 212 69 46 482 684 151 957 390 571 649 802 105 496 544 993 416 296 846 628 973 29 811 990 833 469 690 793 24 740 157 250 481 980 982
586 56 504 740 304 33 568 478 282 947 975 791 763 495 224 878 758 940 95 784 240 961 324 284 124 150 938 763 552 983 141 163 756 773 10 646 523 155 216 627 361 10 268 473 917 697 788 451 273 909 729
813 676 393 655 866 664 610 104 87 479 578 84 7 32 487 597 243 192 70 239 165 860 993 653 194 659 403 102 403 352 716 319 70 316 542 194 118 722 722 699 667 732 167 539 830 572 232 510 782 612 377
184 424 975 766 348 175 736 760 84 432 200 741 436 144 62 563 569 532 230 952 112 597 476 793 488 598 857 533 889 891 748 893 590 456 861 227 310 307 858 364 825 271 868 948 422 365 804 916 433 361 999
274 416 223 105 581 743 585 341 682 754 998 738 177 480 704 554 78 655 897 988 900 546 955 1 460 519 387 596 870 820 233 354 162 330 159 64 302 442 60 972 836 396 707 292 534 151 437 995 89 3 983
770 747 793 65 419 923 332 677 512 308 369 440 114 885 697 176 390 416 287 306 417 621 709 511 237 610 49 634 795 169 269 625 128 958 108 997 29 43 240 799 798 75 57 649 956 215 336 295 469 96 681
424 529 786 735 621 544 824 65 748 815 930 322 769 346 792 399 738 3 218 81 597 296 326 346 753 251 540 724 998 899 833 797 10 151 190 751 672 91 621 499 271 779 160 734 156 860 326 20 269 970 874
137 828 460 473 711 620 916 624 569 402 426 512 69 667 224 895 808 142 905 332 388 62 290 95 453 439 106 378 569 874 190 176 397 214 941 137 756 797 514 727 386 664 288 472 615 48 768 888 272 690 77
498 151 838 705 538 218 341 208 403 137 188 802 984 769 953 223 225 190 657 778 596 157 523 576 853 855 429 274 20 353 329 701 746 888 179 939 839 194 330 778 338 520 992 523 358 856 176 373 486 855 251
792 821 92 87 813 356 927 757 330 769 512 461 820 592 940 640 837 713 49 386 613 837 187 34 540 598 864 31 597 539 797 256 71 941 188 104 693 392 21 645 541 961 689 284 54 281 165 330 882 163 899
577 443 808 69 525 26 900 835 962 554 860 676 572 531 327 960 883 75 118 268 777 790 625 991 112 998 8 289 701 7 362 700 27 937 510 186 742 848 12 190 957 368 470 103 123 833 232 358 290 314 225
424 204 394 805 143 647 538 537 220 748 799 331 559 805 995 547 615 761 83 321 188 293 275 164 202 552 77 732 520 755 336 542 358 227 893 314 870 772 933 441 600 20 271 408 737 498 926 188 879 889 134
201 987 596 791 339 921 120 818 656 179 696 736 688 673 345 898 762 389 572 227 436 747 497 802 286 974 893 820 636 982 291 470 174 85 816 928 470 272 846 28 166 667 551 38 315 197 852 174 865 499 121
24 45 240 926 701 241 98 221 794 743 680 362 38 878 551 156 522 242 676 911 192 699 396 43 574 740 735 845 604 621 930 792 936 952 588 216 867 461 721 491 373 210 170 428 763 731 101 692 73 217 880
895 290 834 649 177 812 286 369 427 561 937 368 446 751 441 506 803 273 926 158 772 919 633 591 410 129 922 843 644 937 754 97 977 861 57 311 699 475 613 346 240 216 9 263 318 329 469 494 370 291 495
86 957 85 278 75 771 435 639 988 809 30 382 489 330 310 507 442 415 649 38 667 617 142 688 12 964 346 416 732 730 316 438 125 584 788 231 666 953 733 670 709 533 884 564 750 654 48 563 438 783 617
261 682 834 150 891 2 732 694 341 752 926 240 926 158 107 718 392 305 209 844 195 890 782 975 261 915 481 712 423 207 17 151 140 865 966 533 815 598 754 266 104 895 684 332 154 639 81 921 900 403 343
812 410 855 223 587 295 325 158 737 265 704 592 183 585 55 154 486 134 349 59 280 877 132 133 36 191 50 574 848 879 892 662 216 878 936 108 708 757 471 193 896 303 302 649 870 136 173 577 934 253 608
553 277 801 492 240 923 914 44 318 998 438 385 907 500 309 536 233 814 372 933 448 489 475 813 822 686 12 409 24 592 592 502 186 133 272 978 855 878 741 457 374 633 396 229 793 638 689 924 283 926 695
19 869 255 378 48 964 28 857 886 227 265 683 594 865 629 445 906 359 488 629 108 536 955 270 492 181 919 624 816 604 310 19 918 836 646 80 981 168 28 188 136 550 605 194 303 610 967 764 328 691 246
158 243 498 482 335 139 395 30 620 447 778 755 579 185 403 947 281 382 917 394 704 308 628 343 57 682 225 144 130 872 617 971 228 824 623 233 835 724 278 540 450 735 504 138 243 576 972 978 361 880 783
594 842 45 769 227 395 415 387 285 146 839 730 564 850 696 955 52 791 805 163 208 759 514 689 909 24 399 99 886 603 439 658 825 485 879 307 894 982 161 546 216 416 672 701 628 734 894 898 750 838 642
702 763 925 685 156 586 957 899 974 467 181 846 938 137 493 54 60 740 605 198 236 902 49 432 844 368 947 824 833 29 909 669 667 380 936 676 538 395 159 231 847 38 201 979 132 663 759 623 49 672 19
216 148 244 136 417 636 59 388 120 50 628 519 196 429 517 278 754 568 37 601 823 834 723 925 888 714 688 598 397 613 919 53 660 134 308 626 737 968 794 510 491 571 607 672 122 592 794 10 477 387 845
119 792 388 997 283 202 986 350 559 100 245 772 999 926 278 228 466 307 989 801 846 357 39 338 781 108 954 656 624 927 990 406 326 981 841 297 569 533 191 735 29 321 717 219 397 857 240 414 253 812 871
627 670 889 794 793 313 876 781 947 331 925 821 347 921 410 381 642 593 236 805 109 556 87 272 330 36 882 25 496 149 911 978 420 587 317 264 600 585 632 550 334 241 306 572 770 149 587 395 213 440 604
200 142 745 578 411 170 709 21 907 333 849 816 961 201 545 387 757 467 40 948 464 53 908 4 295 597 245 453 896 293 914 297 493 324 607 942 906 74 367 718 604 880 211 243 848 694 476 872 294 654 842
242 432 981 425 493 130 634 605 667 608 519 763 487 750 557 155 600 240 492 309 841 839 7 351 253 469 742 256 48 61 53 620 440 714 546 941 210 178 20 370 881 246 550 894 834 921 403 504 763 578 492
363 433 856 749 649 761 106 933 401 214 152 444 393 921 545 855 658 519 745 502 783 60 351 287 593 949 9 212 443 163 28 255 932 651 924 461 502 123 899 328 82 839 570 751 470 649 562 17 269 55 333
574 433 839 366 862 559 269 194 386 230 685 265 800 614 563 597 469 161 319 478 171 417 335 575 546 134 837 961 83 626 216 105 551 803 526 272 934 891 62 88 395 976 35 214 420 979 597 865 608 855 634
277 761 536 274 243 849 582 840 865 73 676 428 689 517 1 85 113 651 363 28 175 170 594 508 271 991 576 981 346 618 587 47 204 719 341 68 475 641 649 702 23 89 161 920 114 28 968 873 725 210 633
850 908 187 50 761 455 988 913 646 838 23 738 179 769 408 106 904 345 20 27 60 654 629 812 160 182 976 395 413 415 951 938 286 225 401 716 472 643 31 194 421 856 563 287 128 886 937 588 739 371 967
272 861 684 225 552 255 171 805 479 997 900 885 946 498 620 50 67 299 727 597 687 982 412 874 430 980 815 134 95 433 284 103 6 389 179 522 723 914 20 886 735 550 559 56 861 987 496 825 19 649 318
682 956 37 311 552 468 146 298 153 887 630 680 158 254 640 119 611 191 773 901 953 352 18 637 557 511 764 73 42 913 171 805 857 965 789 563 873 900 135 873 785 248 333 755 633 638 635 21 577 545 988
634 97 196 159 706 392 980 67 955 1 360 63 527 519 102 875 678 361 739 341 768 16 886 212 617 629 289 857 241 887 765 619 959 419 362 609 441 628 168 18 227 634 149 272 546 823 666 115 419 84 564
82 716 834 61 133 815 100 724 518 79 458 975 965 176 425 476 458 352 582 655 886 99 881 786 90 119 926 391 961 86 670 907 538 353 940 744 781 311 292 450 286 786 342 787 527 938 64 438 304 1000 881
84 178 89 338 622 250 837 447 367 593 915 995 789 935 363 98 933 911 623 351 416 374 95 902 669 749 352 636 276 151 480 138 909 36 448 945 491 459 622 351 600 766 702 887 117 167 501 231 918 465 290
659 953 809 353 727 849 371 941 633 75 897 786 925 596 222 604 466 941 793 759 585 76 365 252 502 888 13 604 495 656 5 916 210 857 515 110 100 947 341 272 275 190 516 34 116 902 245 841 657 96 529
556 362 760 594 583 180 361 374 700 56 280 32 10 434 669 945 671 969 438 742 722 862 610 979 694 598 551 597 116 522 393 477 248 270 104 337 77 806 36 996 936 651 280 86 518 229 328 926 931 643 368
987 928 583 66 762 600 925 796 306 407 721 436 59 967 135 776 989 377 998 846 565 613 686 965 426 222 497 847 470 756 110 611 560 431 968 403 158 876 349 567 311 24 786 651 935 599 836 964 980 175 921
498 989 382 829 939 42 580 721 949 278 55 493 205 193 873 30 120 754 456 803 508 562 682 417 661 19 514 687 544 296 51 868 37 638 960 707 726 752 678 913 614 184 55 485 632 537 524 934 45 482 502
355 305 173 537 883 275 469 845 132 119 53 10 401 370 550 599 949 137 121 975 332 463 914 553 801 953 101 51 530 367 482 674 808 353 660 697 386 491 176 227 129 687 481 366 333 142 112 71 79 954 928
211 496 875 704 729 542 172 609 394 119 609 423 354 126 856 941 38 243 185 457 81 415 706 534 405 317 276 880 115 755 700 395 711 904 414 580 931 944 221 865 765 738 912 508 704 466 617 106 36 83 615
786 419 780 206 634 130 747 976 419 343 816 914 908 133 944 229 700 378 850 184 577 97 133 87 125 936 160 778 504 424 500 636 785 484 676 757 270 505 509 991 324 17 360 986 376 795 572 404 691 130 224
416 204 744 30 258 775 640 235 77 651 45 35 297 954 274 954 444 553 550 565 332 919 219 287 126 451 676 576 750 166 33 87 515 359 160 207 462 917 434 960 767 503 591 661 868 79 590 827 799 622 925
745 555 433 610 882 907 304 532 855 735 183 865 434 812 118 412 742 126 171 338 34 52 263 298 828 305 142 871 834 802 776 259 723 961 13 873 901 533 165 919 639 20 532 174 174 254 461 432 598 919 790
637 566 176 977 946 494 666 258 655 740 553 348 594 145 185 647 37 707 80 996 857 771 552 257 558 975 463 751 592 26 828 704 751 175 95 287 747 589 750 472 66 436 176 990 544 54 824 35 306 744 416
458 759 527 495 760 139 848 281 401 121 784 201 623 492 402 741 517 426 823 70 994 702 367 59 482 80 405 97 478 651 521 905 546 403 208 662 455 33 54 689 335 605 99 19 758 975 370 518 809 74 334
840 646 525 72 662 179 790 484 545 842 213 42 271 810 659 256 664 281 662 852 379 61 818 694 533 250 789 332 742 93 422 680 464 744 355 548 492 222 607 158 355 366 572 582 597 356 474 508 90 474 396
518 171 231 739 327 140 334 57 244 312 719 484 448 433 722 886 375 707 327 997 39 483 475 11 914 305 437 796 208 231 207 463 746 261 528 900 433 211 150 945 981 794 321 88 185 519 674 472 604 117 450
798 75 110 743 527 929 149 713 821 320 539 179 189 529 253 45 577 64 102 478 166 51 94 63 708 441 775 971 621 935 639 626 340 805 719 325 716 416 199 500 874 440 747 562 616 274 615 266 246 272 346
987 111 963 186 815 381 819 996 337 386 429 389 389 277 939 978 9 237 882 129 993 149 413 659 529 396 734 974 203 296 797 202 704 686 777 256 931 968 203 826 65 619 914 107 653 756 56 244 272 495 68
664 589 260 249 733 555 303 644 544 603 1 314 635 889 184 32 605 48 792 828 974 846 76 449 565 591 885 928 161 773 726 673 816 12 474 641 679 772 890 302 87 776 759 157 224 243 688 380 29 522 337
396 123 468 624 150 615 214 197 151 532 28 485 70 733 2 571 594 725 984 956 16 792 964 173 609 926 401 739 835 836 709 671 622 70 592 876 295 741 240 454 265 937 353 529 526 179 754 691 886 970 844
439 863 264 691 751 602 288 639 725 662 518 76 406 774 34 796 940 485 547 887 222 778 788 745 814 710 198 866 630 602 162 395 8 70 713 123 921 580 458 289 810 123 775 788 371 352 548 247 227 934 44
792 848 974 962 791 999 762 890 548 761 603 682 145 795 890 400 982 192 300 777 476 717 334 882 249 296 456 687 682 102 862 582 95 432 329 111 239 481 701 18 477 175 411 837 898 331 559 609 730 926 724
608 675 106 858 541 175 811 242 359 435 160 768 627 511 210 655 534 582 464 995 660 672 859 232 536 299 117 760 536 169 433 577 659 258 863 412 602 273 911 770 753 660 647 769 433 174 50 668 859 71 967
409 642 659 395 844 29 319 628 401 937 735 556 511 7 309 862 480 967 157 88 884 376 188 220 693 850 46 885 469 874 510 115 771 954 360 34 573 699 570 885 839 983 738 171 282 831 441 116 520 78 861
474 596 961 508 310 110 843 516 309 36 632 535 583 76 182 572 117 486 540 25 348 766 768 276 58 966 464 585 932 427 996 894 809 390 366 274 127 963 744 619 192 974 761 503 400 345 331 819 534 370 636
391 261 841 478 946 806 464 429 250 211 995 773 187 554 86 590 361 732 878 853 273 321 935 232 33 314 517 261 192 459 479 111 248 139 285 167 392 905 930 795 638 757 756 645 394 992 624 587 125 816 731
22 896 60 404 689 49 329 973 744 168 527 512 162 897 355 29 189 530 825 201 645 939 669 419 344 621 126 297 569 467 720 847 511 509 637 215 345 532 936 516 720 408 949 720 121 556 104 662 181 379 160
626 31 124 696 372 762 513 162 475 44 862 336 198 11 644 89 973 27 117 684 687 705 233 715 437 878 743 527 395 227 920 340 815 398 326 594 554 847 178 775 563 89 482 132 779 424 193 538 131 91 1000
976 1 286 858 605 186 584 534 620 65 339 333 241 45 373 259 814 873 330 51 378 205 268 171 63 858 488 423 950 923 246 449 265 55 645 710 237 867 696 355 834 803 889 190 1 521 89 633 609 398 505
426 581 14 176 806 661 529 297 523 880 251 831 509 475 316 400 968 161 411 20 780 174 558 113 327 865 933 221 660 630 205 294 985 614 608 577 918 12 537 253 73 628 709 715 719 521 21 429 21 339 32
688 28 388 174 751 147 110 55 501 142 427 241 687 525 440 529 291 295 198 128 841 637 742 751 941 731 657 518 766 257 793 477 583 176 600 614 407 775 699 457 358 613 490 87 686 681 198 883 843 254 288
0 10 17 82 2 67 98 33 8 6 76 23 58 78 97 38 85 6 16 91 44 17 67 12 55 98 88 43 91 63 13 78 93 78 9 74 65 31 89 22 65 77 3 93 70 67 46 92 91 27 24 51 61 58 97 48 91 87 41 57 72 10 36 39 70 61 61 43 97 30 66 25 66 8 95 33 26 24
11 0 78 48 53 1 94 6 67 51 59 2 89 49 80 98 50 68 33 35 90 69 42 64 43 34 43 20 43 64 84 32 41 72 38 22 3 44 5 3 6 49 63 20 69 24 76 10 1 42 85 79 78 5 46 49 68 36 26 82 85 94 45 70 82 44 94 21 1 5 32 33 38 36 48 96 2 58
4 54 0 34 89 42 95 17 4 21 40 36 40 16 25 26 69 58 90 51 55 53 27 85 64 71 42 62 43 96 3 53 42 14 48 4 5 8 51 42 28 21 38 82 95 32 53 40 29 57 94 100 42 95 90 24 61 78 48 56 39 5 72 42 82 52 91 97 27 40 30 65 31 55 33 52 37 75
41 92 45 0 75 25 50 72 61 46 80 40 60 62 23 7 58 85 80 89 51 87 79 14 28 69 87 23 42 15 13 64 12 26 57 39 96 56 7 77 58 1 45 45 22 8 95 23 20 67 67 14 43 9 80 23 35 100 95 70 68 86 49 62 39 24 56 41 76 45 32 58 58 81 10 20 84 71
52 32 81 37 0 96 74 7 87 75 57 14 10 18 93 51 64 16 7 80 30 24 28 66 18 69 42 22 54 8 89 42 33 49 25 43 29 23 65 92 59 80 49 95 92 20 20 40 88 74 54 48 73 6 32 87 81 11 74 77 17 50 47 27 80 40 15 42 60 99 60 98 40 75 53 4 9 12
19 87 14 39 11 0 50 89 5 21 15 8 76 65 11 2 21 68 33 67 72 53 16 89 48 41 25 98 83 4 84 19 15 78 96 15 6 55 6 97 35 15 26 62 41 8 52 5 25 66 98 86 29 100 63 85 40 45 57 57 62 67 16 36 84 41 38 65 29 21 16 38 12 70 95 35 63 66
1 17 45 2 11 45 0 87 91 34 44 76 59 41 49 7 89 26 72 56 80 7 86 8 42 37 83 69 42 92 76 16 15 21 3 1 64 23 68 34 50 77 38 47 41 62 54 30 19 57 68 74 2 37 25 37 1 92 54 21 79 55 83 18 68 84 63 14 100 24 75 78 62 61 2 26 50 56
25 47 67 69 36 3 81 0 4 38 93 2 61 41 41 33 96 38 19 4 94 92 72 50 24 55 44 62 97 12 8 33 31 65 22 32 3 100 46 99 42 13 32 90 13 96 69 99 33 52 37 19 92 35 58 42 20 23 42 14 53 90 30 48 7 73 87 15 22 63 100 2 1 2 54 84 27 92
88 86 69 9 42 94 97 31 0 24 52 91 46 25 59 54 18 15 17 79 8 22 7 78 50 96 48 14 78 99 33 95 73 31 15 71 65 4 25 89 57 83 4 39 74 93 16 66 85 37 22 52 15 95 13 92 28 95 6 93 11 3 56 1 43 93 72 72 96 69 74 65 5 39 93 22 43 42
86 95 22 68 45 86 67 70 48 0 62 26 16 24 62 71 79 21 26 41 2 22 71 50 19 44 32 59 83 5 57 3 1 100 97 82 25 87 13 69 31 16 46 16 64 30 97 45 21 17 33 100 20 65 34 52 9 92 46 62 44 6 84 55 88 75 98 77 43 36 76 83 71 66 56 30 91 40
53 33 78 92 34 55 4 41 3 65 0 58 4 24 82 41 21 95 44 16 94 56 6 35 8 40 67 84 77 30 7 56 94 67 7 35 96 26 63 69 2 27 45 60 87 36 17 35 35 25 57 74 61 46 42 89 99 61 20 39 74 42 32 79 59 27 4 38 95 63 44 88 8 30 52 70 22 52
37 5 94 99 42 80 89 53 9 48 96 0 35 2 100 28 51 36 85 97 28 62 76 85 12 22 48 58 88 26 71 48 4 31 52 71 57 63 95 85 52 70 96 61 2 17 84 19 46 48 86 62 88 75 78 73 14 88 7 30 76 91 61 38 30 90 31 26 71 52 32 42 27 98 43 24 41 66
45 96 13 52 61 56 57 18 42 55 59 19 0 41 19 12 84 75 27 88 83 23 31 93 66 89 19 74 17 78 27 65 43 24 6 14 3 75 69 36 31 34 40 98 10 3 84 2 23 25 63 45 86 24 61 10 59 80 76 14 66 3 56 38 26 10 2 41 6 47 74 36 98 40 75 71 70 60
78 50 38 27 71 14 26 73 74 55 25 23 6 0 69 98 82 69 16 14 57 91 92 77 1 95 91 75 70 48 42 83 5 5 30 40 45 91 25 16 54 61 40 63 96 4 6 40 2 40 62 39 43 41 29 83 67 8 19 55 46 40 64 12 42 46 40 61 15 13 12 84 36 45 93 97 90 3
10 78 64 66 57 25 42 93 39 37 18 93 97 88 0 50 42 80 98 90 19 46 78 53 63 19 21 31 3 65 11 68 46 39 85 87 3 17 93 32 74 39 23 1 62 57 52 49 79 46 89 21 13 5 53 71 69 100 25 94 76 53 38 4 1 88 48 92 83 34 49 39 13 27 12 22 71 15
98 26 94 31 49 56 39 60 24 49 70 93 73 41 38 0 70 8 1 89 77 37 75 29 32 11 65 73 37 61 97 75 30 66 23 100 58 73 51 31 30 86 51 18 37 47 61 94 89 3 82 41 47 37 2 11 2 82 76 62 81 14 83 32 15 89 83 84 55 65 49 36 70 43 97 77 72 3
42 60 5 34 49 26 72 72 72 28 37 58 42 37 49 34 0 55 92 6 37 46 70 47 83 55 65 29 99 87 13 75 21 95 60 96 45 73 3 51 25 67 35 61 79 14 10 99 62 74 53 79 12 91 7 20 81 28 100 59 10 18 7 69 20 85 82 55 24 10 40 85 13 47 22 98 69 43
19 38 50 60 81 6 92 8 46 20 27 17 87 91 76 76 89 0 38 93 15 93 38 19 88 10 56 63 25 51 95 65 79 38 70 41 24 49 30 19 40 92 75 39 53 43 75 58 46 42 3 4 74 3 13 11 10 68 3 32 73 11 70 38 77 11 72 12 38 17 72 32 43 16 91 3 65 5
37 19 8 59 3 12 25 86 80 6 22 83 54 28 30 50 81 51 0 17 13 75 11 11 89 56 91 65 70 38 87 76 39 54 90 59 75 46 6 65 80 58 26 79 58 49 30 73 32 57 14 83 96 35 65 75 41 62 21 10 19 63 48 31 90 74 81 97 74 100 58 18 59 20 10 21 66 57
16 53 65 5 18 82 13 69 27 53 21 9 8 98 26 59 6 22 90 0 36 44 11 45 22 55 10 89 10 26 20 14 25 63 34 33 87 68 36 11 68 96 86 9 2 46 61 55 49 29 64 14 25 33 66 68 67 34 72 36 3 94 56 18 26 50 6 88 97 58 28 26 64 74 77 64 13 34
19 83 17 28 77 96 98 85 84 57 79 94 22 69 93 11 45 19 86 91 0 90 21 96 70 34 75 97 51 59 20 42 96 96 22 87 20 62 71 36 73 55 31 78 29 24 40 82 95 72 4 27 27 25 78 20 34 82 62 84 19 71 19 85 80 40 39 63 97 63 2 2 48 49 95 65 16 91
1 47 76 31 13 16 33 100 58 88 64 76 73 15 67 10 50 93 78 43 14 0 22 54 3 79 54 2 88 79 27 86 47 43 48 5 39 15 34 90 58 4 73 95 84 7 73 15 91 30 7 59 86 24 3 48 46 88 6 51 78 14 68 5 35 36 24 62 28 93 20 46 5 81 84 91 26 9
23 11 43 9 7 29 3 76 7 86 69 70 60 67 9 57 73 30 96 27 24 91 0 30 84 14 88 29 93 22 65 6 69 31 82 38 64 89 66 79 54 49 10 84 37 28 63 100 87 17 16 85 91 32 72 86 55 84 5 39 80 6 27 69 18 88 37 78 39 32 13 46 27 53 65 42 33 36
69 58 77 48 21 59 58 20 66 94 31 99 97 2 31 66 75 65 21 30 83 26 10 0 61 66 69 22 79 2 16 58 42 91 29 62 7 90 53 62 48 8 39 23 90 47 59 87 60 24 87 45 10 97 100 40 24 1 86 44 7 23 97 20 15 24 48 2 84 2 80 36 95 77 2 51 53 32
22 91 94 82 7 51 47 83 100 71 53 3 38 24 78 5 26 23 15 76 94 86 65 91 0 59 84 35 3 61 24 92 36 78 78 36 97 2 26 57 76 95 66 32 46 50 58 35 23 82 63 78 39 9 61 46 26 35 82 42 98 57 41 60 54 47 24 76 25 6 82 92 1 25 44 68 52 96
79 15 94 66 15 67 58 96 88 53 66 63 70 36 36 23 83 20 23 67 88 20 63 76 96 0 9 82 29 15 14 28 74 10 60 74 37 1 20 11 87 50 28 32 32 64 23 2 9 57 28 63 67 36 45 25 17 63 11 83 72 93 86 6 66 68 100 79 88 51 51 36 54 31 14 52 65 60
13 41 25 27 73 45 21 94 23 17 27 100 10 51 69 35 20 22 2 24 30 52 39 86 24 68 0 77 72 16 1 7 65 83 68 37 62 90 10 61 15 70 6 99 6 55 90 41 37 16 8 8 39 47 10 49 91 21 15 4 20 92 4 22 69 69 90 23 5 39 9 34 3 10 52 50 17 45
58 23 59 29 9 62 92 34 88 58 80 12 1 27 24 52 49 49 78 59 90 90 73 88 84 45 98 0 54 19 98 90 48 49 60 65 16 11 30 75 3 99 7 34 46 98 98 71 8 31 64 62 60 45 89 17 82 9 85 48 59 44 13 1 64 55 95 35 37 60 26 61 34 67 72 69 87 78
5 1 34 3 80 3 62 96 50 69 56 52 99 5 37 57 89 88 30 6 49 45 31 83 77 61 32 99 0 64 69 11 94 44 99 52 53 85 42 35 92 68 54 30 86 39 69 11 52 8 73 81 4 49 18 44 40 71 55 16 44 40 57 54 45 39 69 49 88 94 11 67 47 46 71 65 47 44
28 63 80 41 96 53 57 36 4 86 44 75 84 78 94 83 35 31 47 30 17 37 57 96 86 36 27 54 57 0 28 31 14 21 11 41 55 100 31 87 34 97 58 53 67 92 38 60 53 1 43 68 45 77 89 16 66 27 72 71 87 19 87 5 86 2 64 67 80 25 97 76 90 75 32 93 94 81
65 7 40 45 50 56 80 97 64 80 77 58 5 31 33 85 58 10 55 33 81 94 43 4 82 24 24 100 3 74 0 100 2 18 39 37 69 55 63 39 16 70 90 68 11 8 32 3 84 26 69 26 24 56 19 23 60 47 17 17 45 33 18 69 56 86 71 95 27 80 42 59 34 4 42 12 25 12
8 19 44 22 87 19 49 75 56 10 9 78 44 29 42 100 24 96 1 95 80 8 5 63 16 6 64 25 87 52 10 0 28 49 56 19 38 52 33 77 35 75 83 28 26 72 27 31 89 16 79 96 39 6 52 64 57 41 49 93 81 50 21 48 87 94 86 79 79 92 81 52 92 35 98 48 75 83
95 68 51 71 69 22 45 72 16 68 26 73 21 5 40 75 42 29 86 38 53 36 99 22 14 94 58 52 59 86 45 2 0 43 1 84 55 6 82 74 63 47 73 17 32 88 93 35 13 56 67 13 20 25 29 52 50 92 79 48 62 66 57 49 93 44 66 98 38 66 5 80 19 26 19 15 42 55
56 73 17 35 99 55 13 34 94 50 26 77 3 63 30 70 54 78 7 40 14 42 75 81 22 65 31 5 65 28 28 59 83 0 86 62 18 65 50 98 96 48 99 36 62 29 19 70 13 68 68 41 59 39 76 66 84 73 13 24 79 81 8 20 66 5 70 73 29 21 32 32 63 2 33 13 62 51
20 60 90 31 72 38 96 39 47 83 65 71 34 5 32 41 43 12 66 51 2 94 77 87 98 14 16 84 40 76 42 3 81 79 0 77 92 21 60 84 43 1 58 53 75 6 40 1 7 40 11 25 76 53 81 42 67 76 87 29 67 18 82 93 47 84 91 78 62 91 100 95 8 24 20 76 18 36
66 10 33 92 53 41 64 11 21 67 20 29 73 27 71 97 71 29 73 83 40 26 13 11 25 95 32 49 67 22 3 53 86 38 4 0 67 66 93 84 21 19 13 92 95 84 70 34 12 22 78 98 59 43 55 70 19 81 43 48 39 41 95 7 19 22 10 80 29 79 44 67 82 38 71 46 52 78
26 30 55 84 21 58 59 14 30 17 17 13 21 20 60 5 16 100 92 15 97 90 50 42 12 14 98 23 57 61 100 40 12 15 55 89 0 33 77 89 3 55 1 73 28 65 80 2 99 19 9 36 16 7 88 41 5 56 92 54 38 97 86 1 3 94 48 31 32 55 75 83 85 30 46 61 71 36
7 54 67 97 59 81 55 46 38 83 71 59 73 20 23 80 89 78 46 93 37 15 78 11 36 94 31 27 72 71 6 90 63 88 50 35 20 0 13 49 84 78 60 40 31 78 62 13 45 35 78 85 98 47 43 95 40 28 98 92 35 4 34 93 70 59 11 10 47 60 23 57 81 3 60 24 23 82
60 80 58 94 62 40 39 53 4 10 47 46 74 33 64 58 79 47 16 22 69 17 3 54 3 1 50 80 18 36 39 58 80 46 95 83 29 87 0 62 36 61 92 3 76 44 99 67 4 48 60 6 13 96 54 5 74 66 54 62 43 79 66 67 1 76 9 85 1 81 95 21 75 39 45 16 96 86
39 73 61 55 82 29 73 61 61 55 65 31 31 30 50 63 20 82 59 71 82 55 18 88 54 26 6 16 8 59 72 25 44 32 70 40 47 71 84 0 76 30 71 98 10 45 97 79 30 5 86 97 78 72 26 85 11 18 91 98 50 86 56 94 68 98 38 53 17 72 32 59 32 33 51 17 4 32
68 40 8 73 10 6 3 96 26 81 50 2 50 6 56 47 86 91 97 9 89 30 88 40 27 38 70 15 25 23 84 24 99 82 76 8 54 51 88 94 0 86 96 93 54 25 55 3 10 42 95 86 29 2 92 16 8 49 13 67 14 7 35 98 96 73 41 59 26 62 3 81 89 22 84 36 6 54
24 85 84 59 38 72 70 94 39 46 12 61 76 40 100 100 90 14 72 46 5 61 72 46 42 40 26 87 14 6 71 80 33 40 12 38 88 83 5 72 87 0 20 23 32 75 52 84 23 87 37 46 8 74 34 72 62 9 35 81 61 95 72 7 34 23 56 47 3 17 27 49 99 38 40 18 66 93
13 46 22 99 90 44 76 59 73 32 58 35 65 29 67 73 22 36 6 37 23 53 49 80 59 13 65 29 74 5 78 12 25 46 84 81 53 34 12 10 88 43 0 91 41 74 35 14 33 3 77 35 52 19 86 12 99 20 59 72 14 20 47 52 22 98 41 76 69 54 14 60 10 73 93 67 42 3
67 29 67 93 22 41 91 47 29 45 20 90 71 86 32 4 45 61 21 28 25 16 52 50 90 3 98 37 30 31 83 55 72 61 26 94 51 92 10 95 83 11 25 0 49 99 62 80 33 87 100 19 85 12 51 33 84 82 14 79 83 67 11 22 82 71 17 8 87 12 43 66 64 95 87 64 32 64
60 49 95 80 90 29 79 5 13 89 72 40 44 90 61 50 43 6 9 20 74 28 3 18 76 83 5 50 65 98 29 79 51 3 51 61 7 99 87 20 38 83 19 18 0 22 65 97 33 32 32 95 98 35 17 52 79 2 15 22 4 32 8 18 27 21 31 32 49 6 57 97 5 66 7 56 48 51
1 64 39 28 7 32 2 45 9 20 77 13 72 8 13 9 8 15 24 49 21 70 62 48 79 65 97 5 18 63 16 52 26 81 40 88 96 4 71 3 46 16 19 53 78 0 14 68 79 35 34 70 31 23 98 26 4 9 62 98 63 91 72 44 97 68 90 80 13 5 84 67 94 89 8 9 46 24
16 30 19 96 77 41 55 39 15 57 63 38 86 58 60 79 88 84 57 23 17 55 53 77 95 28 6 90 88 43 68 82 78 10 44 77 42 25 41 89 33 40 76 52 59 56 0 100 41 46 85 40 26 15 42 54 49 69 98 22 58 75 94 91 17 49 49 46 17 39 39 93 12 100 11 39 98 85
20 15 21 50 15 75 23 84 32 66 80 46 14 54 95 22 56 35 32 92 55 39 39 32 50 75 36 21 94 94 27 54 2 45 44 81 34 50 93 84 68 47 95 47 12 39 85 0 37 67 21 71 75 67 45 17 63 18 39 90 78 8 19 100 44 86 10 17 38 49 96 71 62 84 59 45 79 64
33 94 60 62 31 23 38 58 72 73 18 99 81 77 62 54 78 18 24 17 82 97 53 73 21 22 79 95 96 34 38 61 59 61 10 65 86 20 98 44 77 69 86 17 89 2 22 91 0 4 11 74 41 58 11 98 30 42 67 99 86 24 15 37 84 25 77 1 60 26 72 66 20 99 35 19 52 83
56 88 36 16 24 10 76 8 95 54 55 15 12 82 67 57 95 67 84 33 36 55 47 39 77 19 39 71 88 77 33 3 39 31 33 47 33 23 5 45 90 64 25 11 66 88 16 14 70 0 4 38 84 20 81 91 22 95 51 89 48 40 27 62 57 8 15 34 45 14 7 80 78 91 16 15 99 85
20 27 30 57 33 2 72 27 34 27 69 1 40 13 7 83 26 41 97 14 5 30 33 66 88 13 53 23 7 18 18 81 55 22 39 16 28 63 89 67 16 46 45 59 65 96 48 33 58 65 0 56 2 72 26 47 15 55 17 47 53 80 78 61 69 49 56 24 66 91 87 71 49 49 10 3 22 59
30 50 45 51 34 80 7 80 45 32 12 39 90 73 97 39 15 83 95 18 66 49 35 54 39 28 41 2 98 57 45 64 94 18 77 57 85 10 13 41 20 12 92 2 10 93 44 92 96 37 58 0 69 90 73 19 35 26 91 79 55 99 21 89 58 77 47 79 55 72 47 13 8 99 70 8 10 100
65 34 88 37 39 53 95 37 42 55 16 62 98 95 39 27 9 25 41 59 89 45 66 81 89 14 56 97 2 73 68 64 59 61 2 40 40 57 52 40 39 19 12 32 9 73 27 20 79 77 3 63 0 46 21 98 42 49 9 77 71 42 93 99 54 93 59 26 15 88 3 36 34 80 30 12 99 53
100 52 29 93 90 82 54 7 32 51 29 64 5 64 81 91 89 33 38 77 88 77 3 56 25 63 75 37 80 30 12 37 50 16 37 45 51 17 44 18 27 92 93 24 78 80 66 24 29 32 25 53 31 0 77 15 47 92 12 11 22 26 56 43 22 81 91 67 21 57 41 64 31 76 3 43 91 29
1 35 58 33 25 9 79 60 28 24 62 100 16 18 15 99 86 71 36 87 59 60 99 91 9 95 50 88 46 13 31 93 83 44 4 93 92 44 1 44 54 90 17 1 19 65 4 27 30 25 98 14 26 5 0 34 77 29 76 61 43 37 25 66 43 35 40 100 72 41 81 86 42 9 12 95 3 33
11 69 91 14 97 57 79 37 39 53 100 65 81 91 32 22 85 46 74 36 12 58 16 99 84 81 82 51 91 13 10 45 75 18 10 69 10 20 94 28 88 74 59 9 35 10 21 67 63 21 46 58 44 43 84 0 91 9 48 17 51 95 30 5 5 83 31 41 35 33 43 51 54 38 16 43 6 37
66 61 25 94 90 44 70 27 30 51 73 69 46 87 62 47 3 54 39 50 100 7 29 30 84 10 77 40 19 11 63 17 12 83 76 18 52 71 54 18 36 86 17 46 67 86 95 20 91 43 91 33 70 60 22 4 0 40 55 7 58 35 75 5 64 56 89 76 64 41 64 17 17 61 42 43 50 59
1 38 46 15 74 11 58 87 57 10 96 14 38 29 81 11 80 10 89 65 9 77 78 48 50 80 39 96 9 50 84 53 41 3 28 54 13 53 82 92 6 26 54 67 46 58 91 45 22 60 42 31 40 18 82 37 14 0 45 1 1 12 63 84 27 56 83 35 1 85 83 86 29 13 29 17 86 29
96 94 36 23 47 72 11 66 96 30 39 71 39 59 57 47 50 82 72 82 61 79 15 70 75 81 31 24 75 38 5 13 17 8 92 61 1 98 57 23 27 4 64 41 2 96 72 62 70 35 96 29 37 35 65 56 97 51 0 32 99 32 84 24 43 38 63 17 76 92 74 64 55 62 48 55 77 42
25 57 93 49 81 35 7 23 48 86 35 23 28 69 89 73 52 48 24 43 95 83 95 31 41 49 50 39 28 80 86 16 1 37 27 21 18 45 24 44 14 11 7 7 37 39 42 97 62 8 62 68 26 18 42 2 10 55 76 0 28 69 35 40 71 66 3 86 59 49 58 79 31 28 84 80 34 12
96 67 60 50 13 82 52 69 2 2 2 6 7 36 78 44 40 92 23 82 56 60 11 42 10 92 72 23 88 17 52 67 82 67 54 51 87 80 8 81 75 86 94 41 84 44 9 24 79 38 49 37 87 55 41 81 38 20 32 51 0 95 52 21 53 63 90 4 30 17 48 92 28 42 78 90 18 51
47 72 52 80 4 48 88 21 5 100 70 56 43 90 95 10 83 20 34 61 97 25 50 11 6 92 60 53 55 31 50 7 76 1 82 27 60 32 83 77 47 85 66 33 55 78 20 49 35 66 10 58 40 81 89 59 25 79 100 69 77 0 95 9 25 8 50 86 72 66 38 54 36 50 100 31 69 34
20 13 87 13 15 37 68 70 17 44 82 31 31 73 66 98 20 98 88 83 88 54 75 93 4 12 49 52 65 59 60 92 25 99 97 59 7 11 46 95 32 86 22 94 94 69 56 60 38 50 97 97 22 95 92 81 32 46 33 90 79 69 0 67 11 40 22 70 10 78 41 71 19 34 49 95 48 85
41 64 47 27 45 28 42 78 70 95 67 2 27 16 87 79 25 12 26 45 70 67 66 11 86 9 87 32 70 36 87 39 94 16 22 81 6 56 78 70 10 89 46 76 28 69 53 17 19 100 26 13 30 39 35 23 86 87 59 52 16 18 100 0 26 79 21 25 96 22 93 1 51 43 12 63 72 29
28 19 93 36 12 57 6 99 19 8 74 5 68 81 60 12 100 91 72 60 44 13 62 37 32 95 89 33 29 81 1 1 22 76 95 34 46 43 7 100 90 19 8 15 30 100 48 2 15 72 62 93 39 53 89 22 5 24 99 36 8 76 28 73 0 75 10 46 43 16 63 9 22 73 51 32 96 96
57 54 14 71 43 32 82 44 94 80 18 3 3 59 33 98 29 19 81 14 15 75 90 88 41 6 61 51 3 79 73 6 50 96 55 46 8 37 40 25 71 83 53 54 34 19 50 25 7 89 93 64 17 18 95 3 94 93 80 41 65 85 68 60 55 0 1 17 59 19 39 17 92 24 55 82 16 87
64 21 6 27 35 64 32 42 99 82 22 89 58 85 75 71 66 51 94 58 42 6 68 44 80 67 63 34 34 54 70 71 65 5 30 96 94 34 47 19 73 27 80 18 93 89 72 26 70 89 68 34 9 80 45 90 57 49 32 96 95 57 51 50 28 62 0 31 74 59 89 72 36 62 7 24 26 47
23 100 66 8 58 58 44 4 24 99 35 21 67 13 3 47 22 96 72 19 8 11 38 81 59 24 81 40 76 60 97 79 37 64 35 69 43 32 50 87 17 50 1 18 81 72 6 76 30 12 25 67 20 44 31 89 60 34 50 28 84 78 9 29 60 8 1 0 17 50 58 8 28 92 9 13 74 64
72 5 17 52 88 93 28 68 64 98 73 98 95 14 81 78 44 48 30 35 43 76 64 25 84 93 81 97 24 91 54 38 92 49 82 66 35 84 57 6 62 2 7 55 98 71 77 62 65 22 29 63 57 44 85 63 38 45 65 35 57 8 78 89 30 17 72 89 0 27 66 80 77 97 96 79 27 32
60 54 52 69 98 2 100 87 76 5 79 24 73 84 11 45 2 49 84 81 74 17 44 96 18 95 41 67 62 91 12 45 32 1 21 63 92 42 21 77 62 20 76 14 76 99 65 42 57 49 87 65 43 88 45 23 50 31 54 58 47 53 4 72 28 54 95 13 25 0 79 59 86 80 2 23 56 38
1 96 80 23 92 2 13 5 14 1 36 24 96 28 84 36 72 3 93 29 72 92 26 80 16 26 11 24 31 21 23 84 58 89 30 59 47 17 23 66 65 71 70 58 57 100 68 67 28 15 45 13 92 71 26 30 10 77 39 36 62 95 61 49 67 71 65 73 14 45 0 54 13 68 45 49 18 91
52 14 68 74 18 8 57 63 96 41 22 66 17 51 73 28 11 51 74 55 28 81 72 64 40 90 15 11 56 18 93 50 74 61 6 45 32 53 37 82 39 7 12 37 78 39 51 57 71 9 58 54 46 28 74 6 72 19 22 34 67 89 83 90 65 87 45 57 46 64 13 0 92 33 40 37 46 99
97 6 97 38 4 86 80 53 37 69 48 96 49 78 86 24 97 88 39 65 43 58 7 44 74 57 20 68 48 56 14 89 96 46 40 80 6 13 66 70 54 98 82 40 4 2 78 88 23 68 52 3 81 40 22 42 71 100 17 42 87 2 84 15 62 67 65 14 57 23 63 25 0 83 77 76 4 12
98 23 46 74 18 74 93 17 24 46 83 62 88 4 90 5 38 4 51 99 89 77 42 79 57 51 30 37 82 85 61 65 39 87 43 19 60 29 69 91 100 83 80 16 11 57 76 2 80 62 87 72 99 4 2 97 94 46 52 72 53 62 21 23 68 96 79 45 29 21 9 7 55 0 38 76 72 15
55 32 62 85 67 39 65 23 54 13 52 14 41 16 59 86 3 6 30 25 17 1 21 100 62 59 73 35 45 45 63 6 63 26 41 72 49 52 77 23 74 79 63 18 71 13 34 49 32 75 3 95 55 42 22 59 59 74 17 88 55 8 93 57 90 99 11 6 95 30 16 25 73 44 0 9 66 32
89 70 38 17 64 48 38 17 22 65 92 37 74 51 54 53 12 68 8 62 77 81 74 2 45 40 11 39 40 48 36 69 37 43 12 77 37 74 72 31 81 49 44 8 80 23 58 53 91 99 52 27 94 13 36 68 60 10 58 32 56 34 98 97 84 52 69 85 94 21 4 97 10 75 31 0 76 26
65 100 94 62 12 74 95 9 68 89 12 56 72 30 51 90 9 48 24 52 6 75 97 36 42 63 92 17 59 25 52 98 58 10 40 100 43 41 84 6 94 28 10 72 50 59 6 24 12 69 91 42 60 75 68 78 95 15 91 92 56 46 53 63 64 55 68 91 33 12 51 65 4 26 82 21 0 35
1 35 25 70 97 52 33 91 34 76 51 89 55 66 1 66 70 91 37 32 44 5 72 54 79 4 59 72 74 29 87 28 16 43 73 29 69 41 98 62 42 43 85 53 60 33 32 70 1 62 56 90 91 19 42 85 65 78 50 48 32 18 78 65 67 41 88 84 24 26 37 2 100 2 7 29 73 0
