92 73
307 719 300 137 354 145 312 115 182 991 372 435 479 964 960 783 350 824 607 542 992 479 113 399 471 451 610 607 955 950 912 837 935 904 922 612 320 961 579 981 977 467 382 21 601 935 340 250 534 379 808 518 403 149 532 430 229 567 300 177 595 455 568 872 179 825 432 319 314 763 768 213 483
205 874 989 633 595 34 697 536 640 293 752 845 8 59 965 949 602 403 980 187 505 901 816 548 454 539 742 804 76 385 920 395 263 52 15 354 809 783 984 351 363 656 697 169 28 505 625 477 97 130 673 246 33 667 851 339 148 471 973 371 672 821 882 220 967 440 470 552 496 414 147 744 280
870 348 931 237 434 942 175 951 84 238 169 235 453 243 431 685 553 449 554 338 46 535 153 64 435 502 352 730 196 758 128 131 364 702 999 30 284 880 400 448 111 711 342 155 480 477 74 95 171 574 565 791 736 491 607 358 183 763 157 916 61 268 216 448 108 418 418 780 472 394 188 368 902
350 787 420 535 333 554 453 218 182 928 427 648 993 754 117 969 706 387 425 892 347 903 468 443 997 575 66 613 10 279 323 205 122 684 602 887 687 209 875 571 119 816 257 354 615 5 673 53 823 958 126 926 69 127 18 150 457 275 373 877 83 284 605 384 492 723 547 868 855 667 190 448 357
16 294 697 295 397 966 648 636 19 679 622 48 93 422 423 941 352 425 644 672 913 595 634 194 462 673 953 249 742 336 111 707 764 933 146 919 95 817 588 808 965 71 408 6 485 212 524 754 12 673 15 918 448 160 33 360 440 729 810 337 700 967 786 485 633 900 624 769 668 309 974 284 528
683 786 348 843 304 199 455 3 147 417 858 397 559 928 856 358 334 380 323 514 605 175 768 42 669 536 634 443 438 83 566 737 535 301 526 179 182 782 501 751 208 207 150 878 510 475 465 258 325 34 314 524 824 944 119 291 564 565 199 263 168 485 962 891 655 592 344 696 771 947 410 102 551
773 303 925 992 630 604 474 426 177 564 262 811 915 871 640 278 132 618 563 679 330 659 170 446 236 470 511 721 444 593 307 650 390 345 839 218 157 271 634 184 349 955 579 419 955 451 782 119 752 384 740 687 644 85 906 712 792 180 420 406 356 119 210 198 62 104 920 638 108 918 20 180 993
212 753 898 27 24 600 331 222 837 6 69 153 605 432 387 581 846 370 69 518 623 912 886 339 288 364 578 839 20 998 442 378 244 946 117 473 896 970 85 705 148 540 372 948 574 943 321 258 640 335 106 768 198 456 999 886 653 719 793 794 125 899 301 659 317 426 817 808 410 905 602 830 419
188 575 80 140 755 670 177 349 829 97 453 911 238 525 805 546 36 303 121 926 512 938 616 20 607 881 572 647 440 645 504 781 800 812 827 868 945 696 302 467 129 895 425 230 310 779 868 725 640 912 817 826 679 69 887 701 947 225 992 165 51 740 36 317 717 23 999 289 660 616 758 260 951
942 591 856 645 790 862 544 759 296 588 997 726 137 993 43 404 477 106 248 574 760 566 809 246 402 986 96 352 717 21 485 714 948 541 160 294 82 680 185 380 75 7 636 360 835 397 12 724 441 989 235 710 896 209 771 689 434 599 388 977 561 758 602 216 308 950 554 214 146 213 546 13 158
326 650 274 423 636 859 359 186 333 970 974 854 569 968 896 124 186 25 228 513 845 279 51 418 134 835 223 203 642 64 908 716 526 844 111 248 141 867 339 379 950 378 178 511 796 92 192 107 310 740 380 609 607 48 392 34 553 327 39 481 418 15 318 488 545 645 595 195 426 682 810 895 212
454 63 806 171 451 365 259 345 649 709 844 8 897 994 337 755 57 793 63 810 683 791 608 580 922 562 739 255 666 137 972 475 442 863 64 140 769 75 240 574 114 339 55 771 662 191 521 920 509 274 90 678 16 90 512 916 285 801 286 121 792 612 277 383 19 329 521 515 754 741 238 209 13
307 566 269 411 889 616 548 815 244 525 865 498 860 74 875 357 19 461 699 672 182 583 804 12 558 149 987 722 680 186 142 870 592 428 817 979 669 713 987 44 949 390 879 749 41 315 662 532 636 935 442 246 741 708 406 130 52 983 601 100 480 230 273 928 534 190 852 740 183 776 569 408 233
39 317 156 13 848 562 342 984 246 794 894 75 306 105 688 397 340 528 470 681 792 982 983 106 383 865 872 298 161 122 566 602 780 207 125 916 540 433 911 812 623 838 36 677 971 209 123 480 55 29 651 343 467 865 968 975 764 757 685 308 824 554 850 558 778 520 114 457 107 161 484 547 182
34 748 679 197 730 966 662 389 139 622 749 291 758 998 721 161 355 861 655 129 110 104 160 533 716 480 954 441 565 921 738 686 868 34 180 3 801 253 325 66 303 324 520 300 9 414 141 18 464 629 712 401 176 221 565 817 752 572 985 458 40 560 971 284 45 761 114 705 792 749 672 329 789
217 860 410 742 227 405 362 207 393 202 75 397 997 447 777 120 976 210 219 424 407 732 211 555 383 147 716 948 249 411 79 288 313 396 762 385 673 719 710 717 45 971 187 225 795 748 794 759 913 987 142 399 458 256 600 330 302 364 774 481 293 539 80 356 744 30 382 287 525 663 337 710 685
509 333 961 123 248 559 186 483 142 737 203 388 340 127 301 804 560 325 660 478 51 895 334 786 796 148 554 450 847 600 461 21 237 629 399 666 925 205 956 114 256 255 39 457 370 59 937 923 37 156 175 952 703 489 865 603 963 991 855 669 909 975 966 232 967 775 968 227 985 712 642 161 101
436 735 774 904 386 353 512 525 295 391 29 516 314 379 687 327 939 442 585 644 977 446 700 583 64 713 594 719 252 143 358 233 420 814 590 522 749 850 207 501 874 633 236 860 61 333 890 499 349 320 602 761 972 553 419 368 323 468 796 851 980 104 116 447 636 458 846 466 115 247 460 745 137
999 758 589 847 781 391 693 671 155 157 199 97 994 467 975 324 647 628 202 597 185 622 277 78 174 153 214 942 421 179 524 473 519 441 267 764 471 852 439 471 168 341 234 199 790 502 504 367 340 95 127 466 861 554 517 752 414 211 105 683 104 671 675 588 827 784 216 863 542 851 622 976 228
447 334 296 720 321 631 384 201 656 854 800 952 466 683 149 550 537 808 845 531 494 123 360 537 184 194 397 303 385 222 821 921 102 559 40 573 152 327 515 344 276 76 643 919 211 205 593 738 510 773 321 242 659 829 528 187 420 468 769 133 722 650 277 965 862 770 845 528 647 38 445 159 501
788 142 829 737 837 736 958 975 582 99 250 209 488 416 719 497 115 465 101 370 519 825 218 212 858 993 526 210 910 488 952 234 90 806 263 96 168 398 422 383 407 366 951 933 455 332 456 138 481 38 130 221 873 766 870 19 660 889 106 541 315 106 913 117 530 991 425 948 106 615 270 731 530
759 236 852 661 568 681 300 220 15 585 991 92 177 115 936 778 472 601 700 187 38 981 490 465 77 838 329 231 848 634 869 877 410 629 600 719 969 544 25 488 566 517 892 260 52 47 606 386 883 206 275 825 216 312 741 962 395 955 747 58 172 990 132 651 322 456 774 169 986 848 560 191 152
219 896 908 885 588 745 696 886 758 757 448 724 133 331 961 269 515 357 1 743 766 737 41 660 734 986 102 822 821 986 983 57 847 934 169 535 272 638 406 596 501 392 349 927 306 271 34 217 483 765 942 301 702 938 865 716 405 176 340 11 178 941 539 884 940 44 119 702 6 376 122 970 389
230 139 603 514 462 162 17 958 789 214 778 818 59 457 973 689 468 221 669 349 853 583 78 718 388 250 767 865 980 687 835 389 588 768 70 569 595 236 777 721 27 76 523 671 735 428 316 421 857 414 590 161 845 496 570 330 636 413 692 807 277 193 93 823 726 646 123 699 915 804 335 175 321
118 698 271 826 967 684 414 277 282 323 634 873 665 509 116 750 430 299 179 592 373 866 496 800 882 686 75 137 727 941 501 564 398 117 703 289 373 411 664 955 271 81 124 878 590 595 175 247 815 895 209 432 494 654 331 982 160 451 15 281 72 343 742 336 49 655 700 183 530 467 709 38 439
387 387 55 100 367 7 571 932 980 349 929 640 254 780 796 908 871 786 16 683 986 103 297 434 116 392 64 802 632 660 163 775 749 347 368 598 583 105 118 451 606 298 40 664 566 344 438 985 140 200 153 284 770 587 179 231 424 64 977 682 335 255 511 419 475 208 662 312 244 561 196 799 865
14 496 649 930 619 792 13 832 109 769 904 579 791 882 730 391 97 646 453 4 706 116 383 865 550 660 110 301 330 872 939 625 268 109 159 589 344 189 642 222 797 771 130 904 743 466 232 350 965 873 551 35 522 655 54 140 657 439 245 900 217 56 76 99 488 532 406 92 444 923 44 562 109
35 390 758 78 358 829 639 602 536 812 495 643 964 549 206 829 562 848 998 809 983 973 10 38 721 979 171 602 684 233 104 935 342 473 161 896 532 645 736 642 319 785 869 544 143 88 109 870 394 947 766 783 64 924 593 594 150 713 93 295 278 299 68 736 343 366 84 378 878 987 700 35 465
209 296 725 635 867 796 320 650 754 889 454 905 483 143 552 89 308 15 894 443 487 546 12 163 113 564 376 330 252 855 351 778 393 206 463 894 769 903 863 86 658 179 923 732 463 437 180 974 144 636 636 952 369 223 271 733 30 156 45 234 332 845 644 839 459 440 874 891 408 578 16 299 894
559 482 478 804 720 746 896 954 857 717 985 837 974 189 817 418 138 526 235 647 923 356 987 197 485 721 525 2 489 157 828 867 298 134 499 462 453 319 971 765 666 84 554 326 819 675 716 520 879 366 297 697 444 541 635 370 15 481 162 516 169 139 573 907 328 83 831 8 534 557 692 925 690
173 23 746 922 307 417 204 266 458 232 517 227 722 362 799 659 21 300 649 76 423 611 628 572 462 678 768 25 641 510 991 447 989 28 507 887 554 613 723 805 957 428 600 958 711 732 974 548 370 728 791 520 603 914 545 475 307 956 144 745 655 942 46 66 720 972 262 342 549 275 304 261 660
489 494 336 127 614 613 559 155 754 808 240 820 188 391 777 197 253 4 186 475 311 830 738 401 445 574 636 990 448 63 685 882 146 907 493 520 275 800 696 485 326 57 792 799 960 897 137 256 492 794 432 450 605 299 961 172 505 409 60 427 135 156 786 572 717 506 50 189 744 601 219 443 880
750 893 470 951 547 304 817 887 644 264 950 437 514 236 174 894 257 890 734 812 548 176 37 660 392 25 906 480 278 267 730 964 2 433 879 415 41 650 444 720 143 44 588 58 678 790 683 646 27 602 437 148 666 659 314 981 857 320 43 831 778 172 974 814 315 938 724 4 727 82 860 421 471
554 953 369 619 276 646 798 162 552 746 178 378 214 687 306 169 10 356 874 954 268 74 538 195 42 131 696 858 325 758 576 712 773 783 797 590 802 164 498 988 240 459 338 857 150 846 472 404 491 953 204 232 789 274 603 623 415 54 570 181 982 341 590 125 33 708 466 578 451 736 38 227 927
682 233 761 710 318 363 429 791 29 522 250 812 619 583 138 516 971 267 453 619 750 819 948 530 786 237 347 268 143 462 452 591 533 514 256 555 465 495 457 746 606 351 996 452 433 368 994 278 501 721 597 270 444 347 151 557 671 921 157 841 332 686 299 246 903 482 106 641 60 264 340 89 160
199 560 986 183 419 57 31 607 760 545 675 780 114 378 500 741 187 989 349 420 194 964 831 843 740 137 675 138 122 786 766 957 263 292 474 129 892 540 708 439 130 893 831 825 812 603 453 578 694 558 805 570 949 226 222 23 53 307 214 359 881 318 583 994 386 187 583 540 263 535 178 448 950
309 78 16 484 788 883 337 935 892 165 283 533 938 767 910 832 612 854 176 297 750 295 691 581 290 46 748 960 557 428 797 269 982 156 477 360 35 786 53 288 476 984 155 140 856 695 915 361 62 894 577 965 156 226 428 971 315 554 828 659 772 958 644 181 299 572 811 570 137 30 684 376 881
131 749 456 472 936 212 357 751 747 749 19 716 84 841 1 764 273 121 772 942 484 56 226 33 627 94 512 869 235 297 568 559 914 997 795 302 120 324 855 34 985 433 261 652 594 366 418 368 157 614 767 48 498 973 335 458 876 931 444 618 254 591 743 306 504 304 418 413 850 743 547 859 723
376 624 22 990 840 650 28 58 520 160 757 437 935 840 404 844 174 27 563 130 164 302 351 18 826 57 114 634 745 446 343 534 831 360 328 726 289 534 211 878 178 858 211 520 554 18 515 991 2 450 749 250 211 851 521 300 566 724 641 508 806 884 417 158 562 441 676 573 542 673 473 907 633
66 124 270 514 640 329 929 611 83 156 148 624 561 924 529 241 679 430 309 162 488 557 742 835 399 286 767 28 687 626 517 705 189 853 877 907 6 876 485 614 899 203 675 7 5 948 254 902 918 964 583 209 774 583 771 929 894 380 128 869 373 323 985 916 701 18 696 153 153 431 367 511 541
608 884 67 682 646 710 497 285 856 912 455 26 300 337 262 794 288 108 158 174 343 827 385 319 735 612 144 372 494 325 649 327 133 689 58 69 381 919 968 807 278 403 368 313 503 635 510 39 711 816 596 31 650 103 154 487 575 707 436 668 934 609 721 196 527 720 239 193 397 362 796 786 202
468 312 847 124 862 182 592 493 319 713 75 448 232 491 105 79 203 905 580 586 640 98 775 114 467 206 842 115 502 748 680 584 903 787 903 392 389 818 843 430 516 171 871 654 595 985 985 475 294 563 73 542 565 57 622 921 512 75 301 994 757 537 527 595 952 109 365 942 878 285 554 765 461
988 94 127 531 304 547 823 498 670 310 671 21 321 459 2 162 642 717 478 788 266 969 968 491 338 13 426 426 659 435 719 77 386 348 504 477 643 131 367 66 470 791 639 492 367 892 511 997 751 294 396 430 25 523 571 677 703 436 776 16 666 624 536 441 728 534 955 797 303 660 494 850 224
321 173 869 343 227 405 294 823 117 494 449 858 881 504 177 214 686 133 930 571 318 676 347 961 647 86 159 247 572 369 719 750 39 642 613 988 957 7 999 52 854 898 478 658 79 426 459 780 374 260 765 660 721 583 905 867 76 460 958 328 93 820 459 437 989 171 112 930 814 955 886 827 739
532 436 356 537 702 311 974 584 273 533 977 853 484 653 449 88 378 119 69 732 138 604 242 344 205 881 222 482 843 606 592 683 814 581 461 962 832 881 774 689 617 645 701 910 120 357 134 111 650 461 243 470 249 93 615 516 940 781 420 69 12 275 503 111 438 230 481 480 588 781 729 148 351
585 685 480 911 196 584 502 370 389 709 677 83 378 777 275 274 368 679 402 978 609 13 237 951 530 691 382 958 528 796 229 335 871 381 902 349 647 674 808 990 443 512 998 621 551 101 524 573 501 563 679 112 532 708 657 126 294 552 991 625 285 129 585 965 289 519 782 421 224 72 818 912 818
127 997 899 560 301 488 56 497 517 638 508 153 25 533 950 374 651 745 962 535 22 43 270 948 186 403 372 789 117 567 750 160 207 766 216 561 391 93 535 592 585 629 792 42 513 488 123 557 760 14 317 45 789 904 557 731 400 592 494 784 759 907 867 318 347 260 74 247 85 871 839 781 18
422 889 997 78 107 49 712 717 811 998 648 396 99 902 563 685 490 383 391 33 203 220 331 296 989 659 69 621 648 227 789 557 750 562 45 677 236 980 987 3 756 17 613 973 561 469 600 446 413 211 725 247 642 19 657 18 259 248 87 377 175 903 708 357 242 73 990 339 943 601 370 625 221
769 480 598 213 151 62 87 30 941 950 525 693 230 100 772 484 28 601 559 349 55 413 815 596 208 796 682 670 411 248 624 386 883 710 849 187 687 696 883 519 450 382 239 271 113 234 234 338 77 279 90 336 752 653 294 289 316 212 424 608 255 329 783 527 355 514 924 704 218 994 598 45 278
394 857 420 134 501 281 627 997 197 509 156 69 263 623 277 641 936 672 758 759 859 479 104 684 496 234 655 962 818 909 435 245 293 975 705 635 585 629 169 529 432 326 875 258 56 365 227 730 918 557 358 49 360 975 544 764 884 318 796 573 642 812 191 570 666 525 393 507 292 617 465 765 731
536 156 612 76 117 105 669 65 13 756 721 860 505 69 173 346 782 868 374 454 246 220 507 167 760 665 275 504 666 255 628 217 190 392 661 399 211 522 564 509 530 43 665 237 145 913 116 735 541 395 922 276 296 253 362 927 706 780 653 601 467 447 20 824 486 397 780 132 682 257 676 46 418
391 287 909 196 594 357 837 503 875 396 734 69 528 907 727 864 382 287 605 905 237 815 516 139 143 298 904 590 380 337 296 984 789 158 896 982 218 667 2 264 10 720 152 42 903 604 777 558 892 484 534 895 4 346 647 393 41 549 830 772 293 918 408 975 536 587 819 762 246 812 401 475 20
810 104 730 247 727 443 936 738 73 272 178 402 569 246 668 471 16 43 424 145 240 352 541 436 272 370 876 130 986 886 470 420 254 64 290 613 610 575 387 842 201 984 213 809 63 246 376 718 55 995 525 588 675 62 93 510 411 25 833 218 666 893 484 526 361 700 925 859 966 251 377 82 16
106 325 335 593 930 137 41 78 306 95 826 451 749 211 586 647 227 37 946 687 698 25 7 399 746 800 942 266 194 231 110 234 186 821 886 515 982 811 156 250 459 700 439 76 233 763 522 473 757 923 958 199 962 673 290 202 852 830 538 961 176 922 441 940 635 138 195 969 454 634 852 166 691
613 15 649 230 105 964 772 627 160 906 788 976 248 948 864 550 148 978 518 106 500 319 569 938 424 691 567 574 114 68 415 541 56 558 719 761 273 316 516 568 71 953 539 144 298 824 604 973 446 636 670 514 843 325 477 995 34 840 456 346 975 705 343 894 385 183 970 276 311 653 253 233 477
665 264 389 11 786 18 789 231 747 53 310 681 982 100 921 636 991 233 767 29 246 116 570 939 112 326 445 295 915 692 41 941 948 846 462 96 927 343 546 315 962 823 577 356 999 939 169 115 980 878 184 40 576 641 572 259 484 183 655 733 219 892 797 604 679 987 92 379 34 373 879 327 119
903 415 502 99 781 566 675 530 651 497 644 330 419 425 13 638 592 526 829 856 793 897 717 847 537 292 729 512 883 889 991 788 322 404 349 766 215 381 615 775 548 278 245 368 149 813 475 107 574 958 547 823 887 953 5 854 53 803 46 276 986 156 430 806 68 460 115 781 563 138 844 30 420
435 800 23 963 883 428 311 605 260 411 867 859 64 487 105 826 140 574 394 880 907 817 713 681 739 966 171 871 569 949 522 64 204 519 410 713 520 122 78 657 274 105 528 440 507 424 452 838 571 286 295 304 547 243 745 884 694 193 620 958 77 990 24 860 630 927 333 884 744 385 332 877 758
585 51 290 13 372 515 595 676 584 239 542 95 385 626 435 104 399 405 821 707 869 661 436 779 429 29 615 302 670 29 766 362 271 175 614 171 118 921 318 795 25 948 742 156 222 208 768 573 822 138 158 606 227 747 531 929 987 726 590 703 773 669 288 204 584 208 519 65 618 12 699 692 62
988 365 462 439 559 808 57 465 982 247 587 991 103 942 3 94 578 797 199 609 112 703 632 558 627 929 35 517 927 429 52 561 523 822 521 103 419 222 840 132 85 828 958 563 677 905 685 131 776 393 785 606 322 295 168 622 252 648 84 315 693 658 318 888 524 318 896 451 527 8 446 162 19
799 82 235 657 672 564 492 777 901 578 745 710 451 305 876 62 401 352 583 52 324 997 461 787 455 367 526 785 648 928 65 309 638 396 388 63 62 762 167 203 757 558 734 890 288 584 109 477 951 421 958 742 904 439 229 565 287 428 53 339 307 384 964 391 396 800 769 475 673 957 782 674 782
744 16 64 402 520 851 333 790 605 291 8 258 776 565 413 666 233 628 690 117 100 479 532 942 617 639 888 299 767 991 648 163 741 916 309 389 653 468 972 91 29 283 326 477 98 536 375 906 19 438 483 922 727 70 128 134 117 274 708 313 406 844 756 664 65 669 973 436 259 98 963 689 816
865 756 966 634 193 312 997 565 895 256 877 621 389 495 834 709 813 217 183 125 283 879 529 135 944 596 628 886 467 768 36 227 418 998 858 29 774 211 470 292 964 350 859 283 112 502 382 8 468 837 552 976 134 735 483 644 544 486 729 90 9 510 832 674 737 944 82 510 433 829 57 756 881
601 136 891 299 457 892 264 892 450 393 540 411 800 905 107 898 815 919 292 514 554 458 752 187 766 189 345 248 369 827 256 385 596 328 59 530 259 802 905 441 389 422 851 637 836 919 682 81 371 714 759 912 31 957 378 603 555 573 874 230 900 103 13 584 77 742 622 569 568 523 865 950 322
363 891 952 722 658 754 90 830 653 486 217 817 821 884 382 965 232 845 15 809 641 751 684 247 407 591 804 53 868 706 408 797 940 327 247 459 861 266 777 443 245 559 328 389 103 697 559 470 800 439 678 476 462 385 694 117 607 853 215 837 119 432 546 98 476 227 64 957 692 804 497 320 198
758 152 86 606 726 947 212 761 410 521 914 288 48 365 877 634 777 63 324 226 152 865 349 352 971 662 940 963 669 718 807 204 405 895 185 534 230 38 289 129 236 755 454 237 992 386 585 340 416 214 335 640 478 96 746 884 427 597 563 927 8 285 542 842 57 600 377 979 567 75 98 698 360
496 405 353 532 468 543 848 375 433 561 278 670 820 812 764 328 417 982 587 499 810 7 78 671 270 891 218 235 655 715 649 386 84 570 206 281 444 393 11 608 12 391 535 627 504 601 699 724 638 754 523 519 904 167 186 778 487 777 382 574 917 264 682 910 171 217 698 715 145 436 897 905 68
940 311 866 473 563 431 421 712 2 884 931 187 146 387 86 766 250 867 174 433 205 425 704 433 967 104 381 645 788 558 237 715 213 146 399 706 368 114 598 627 474 888 49 249 684 372 679 247 72 781 276 96 326 321 301 938 239 85 388 36 45 70 737 782 469 13 597 272 34 448 467 979 87
854 630 323 457 259 401 126 647 353 663 478 878 383 760 714 157 291 588 883 442 668 119 178 960 923 201 775 606 527 361 844 988 783 533 575 300 66 784 935 979 82 601 654 715 295 892 749 14 528 984 725 577 861 508 609 747 784 534 418 368 761 906 122 702 369 507 153 651 454 865 694 569 925
495 909 400 693 135 303 6 568 541 791 213 469 5 905 545 184 290 989 668 196 580 809 328 855 708 436 817 691 191 319 124 852 661 438 840 485 5 244 8 573 327 997 705 991 229 444 990 16 222 93 398 250 697 317 935 941 875 765 369 228 662 958 265 981 518 878 544 826 720 160 384 309 129
802 107 777 144 672 175 267 585 6 842 71 895 370 654 863 653 768 113 46 730 471 747 315 79 760 693 841 245 383 483 883 280 411 53 645 746 831 672 230 709 499 715 801 825 76 25 626 566 351 891 533 559 598 327 227 315 217 721 702 905 734 868 812 599 771 460 16 791 599 275 355 511 216
575 442 859 392 229 281 489 705 140 613 305 919 736 143 599 21 241 693 823 695 887 154 83 30 468 254 852 251 607 232 370 555 528 463 10 168 381 376 19 720 520 706 469 854 410 269 727 279 713 393 883 847 569 251 584 626 490 698 595 6 21 208 228 445 500 484 336 73 605 916 448 200 587
47 437 583 922 273 831 243 509 496 401 82 613 363 658 232 95 730 986 558 67 136 886 53 261 805 443 559 986 952 227 70 769 490 679 399 163 597 354 814 912 684 429 77 360 852 332 815 586 760 228 606 269 818 351 964 664 725 54 999 776 168 97 254 398 309 14 992 938 335 436 468 736 905
883 250 853 500 523 608 710 257 869 97 509 228 73 593 178 889 677 515 242 857 646 739 270 844 238 879 10 650 843 640 704 597 728 927 824 726 18 426 47 808 1 69 266 258 417 181 493 885 292 41 180 829 533 1 204 333 68 632 39 187 705 54 99 410 95 686 182 815 278 487 24 755 268
781 157 870 794 615 566 461 535 659 898 130 907 686 430 554 602 968 902 29 275 987 406 486 867 916 66 457 395 867 599 804 915 917 220 566 313 129 544 757 906 879 33 628 76 235 22 40 998 513 730 164 916 771 934 875 442 206 649 314 53 475 790 496 865 673 147 949 210 991 425 392 770 247
21 53 315 118 818 155 602 376 336 684 921 345 245 677 304 638 374 173 223 402 195 723 209 557 724 16 976 566 892 867 434 433 512 387 45 667 972 663 820 986 763 193 622 458 928 50 423 170 774 71 749 101 984 448 193 133 582 489 272 401 236 338 206 111 449 113 438 269 401 72 567 785 519
600 510 689 467 148 828 21 316 955 557 416 418 653 125 829 146 582 998 405 111 889 50 559 905 452 633 401 629 449 624 963 641 172 710 587 986 888 52 794 812 661 321 774 789 308 743 929 670 691 741 398 119 123 866 403 878 886 907 674 996 311 465 274 620 922 458 683 377 290 394 207 523 377
894 363 749 394 92 685 286 682 90 287 129 773 498 545 268 77 687 245 330 814 640 436 741 604 45 510 780 582 602 895 340 292 951 412 494 723 553 317 549 657 505 493 426 163 591 12 558 477 707 534 387 185 143 835 759 344 604 551 390 703 128 293 259 153 337 565 851 378 913 669 887 411 277
123 340 393 468 96 104 920 576 7 754 406 820 109 46 42 59 843 789 754 560 431 933 716 392 769 410 204 600 569 776 909 235 509 724 675 748 832 894 628 741 519 357 775 58 277 727 476 973 806 187 899 167 440 30 33 215 741 662 445 66 845 822 217 183 201 734 92 749 650 197 364 796 816
294 137 381 742 686 12 919 539 494 918 375 260 632 237 323 996 890 361 571 877 210 397 308 496 269 273 267 9 513 933 242 550 171 527 930 910 509 53 685 478 296 510 550 78 730 443 480 515 851 180 823 270 130 612 991 257 431 558 144 729 765 73 250 406 814 183 19 16 546 284 594 332 774
545 815 668 93 391 625 381 774 209 371 410 561 83 804 845 815 7 225 86 149 822 922 836 484 843 350 576 121 475 539 377 68 817 934 89 727 854 91 183 37 565 34 94 620 965 614 51 936 143 35 300 518 847 91 211 250 784 461 289 341 560 252 512 278 699 719 601 171 835 450 92 525 708
720 686 390 774 954 85 144 188 657 663 531 249 444 176 2 554 966 561 66 846 752 254 680 890 902 704 726 482 945 985 362 258 353 455 140 738 772 967 601 320 527 483 880 463 767 118 193 661 621 347 637 274 332 726 54 580 536 906 715 496 21 202 560 954 889 571 896 934 95 526 520 192 425
428 338 501 161 361 618 684 804 747 241 983 715 180 747 187 264 43 839 895 81 162 403 898 556 512 649 757 96 5 705 119 843 38 580 831 445 143 851 452 320 629 802 457 995 926 741 332 305 847 509 637 235 85 206 652 775 8 440 643 458 121 697 115 441 637 75 410 760 825 143 345 790 701
213 684 557 485 447 923 425 194 569 238 85 992 55 613 300 400 668 732 978 318 337 710 936 61 802 481 182 958 329 255 456 559 270 5 848 56 620 467 612 824 648 892 987 31 504 16 49 893 454 581 652 695 776 453 19 26 742 640 418 455 967 729 788 351 63 511 782 8 545 434 980 982 5
309 226 621 23 619 201 153 876 889 740 673 1 419 62 536 490 483 521 35 707 125 421 193 839 782 628 820 738 442 502 414 605 740 894 870 398 776 520 338 377 869 517 327 456 582 965 59 586 479 679 12 19 829 600 553 431 934 245 918 164 728 847 813 331 613 931 679 882 380 826 179 978 963
876 109 432 136 268 856 379 111 488 758 385 254 383 667 229 4 863 194 785 552 858 855 132 421 740 948 600 251 108 719 266 817 76 1000 63 206 463 17 600 136 783 230 146 955 279 291 532 235 675 381 870 837 683 329 898 615 94 232 338 440 600 652 590 818 530 636 919 748 387 955 773 996 8
391 690 650 125 486 561 463 800 962 278 444 838 917 796 943 780 40 13 585 268 413 89 595 682 868 918 774 642 122 743 169 609 358 709 581 204 310 327 533 176 966 911 265 495 368 155 610 427 983 869 168 619 821 167 214 976 301 942 127 754 251 162 554 788 255 511 673 856 384 859 496 472 221
380 136 778 967 765 115 367 90 829 890 849 666 805 209 735 18 252 692 870 48 673 908 997 29 323 682 621 304 120 860 163 82 248 333 340 500 246 862 900 636 755 594 970 519 70 192 612 176 76 745 378 599 56 914 849 628 319 595 279 739 690 677 94 922 553 995 408 660 465 23 21 306 962
654 99 512 7 997 298 675 42 274 666 626 787 1000 756 730 741 810 835 323 198 904 509 496 961 207 1 812 522 891 607 927 957 448 190 753 779 70 214 789 514 371 723 814 487 330 586 752 219 73 875 773 271 968 787 960 198 285 973 430 534 949 877 128 721 469 585 461 950 374 756 733 752 423
360 528 376 764 454 500 715 557 933 374 906 73 486 120 994 553 512 912 152 489 92 865 555 817 351 338 613 306 519 45 271 675 868 755 24 531 829 498 962 473 740 568 634 824 375 193 842 974 580 700 12 780 344 981 189 911 732 651 483 908 436 377 397 755 173 42 894 162 715 765 645 99 204
465 108 712 845 889 442 146 62 544 271 240 932 232 156 949 692 908 533 666 535 830 348 699 654 659 387 254 667 658 62 469 97 259 18 333 762 700 542 159 843 311 773 875 21 639 196 333 267 953 958 840 259 256 58 814 763 336 637 674 722 724 730 892 872 276 491 227 234 22 530 754 294 524
712 897 991 62 921 444 830 830 90 264 413 2 465 225 369 55 400 170 100 272 981 892 667 518 752 687 667 329 305 934 403 741 878 420 774 696 983 29 231 295 462 976 425 921 62 312 834 707 791 442 396 898 34 41 560 727 151 540 399 180 17 169 142 717 275 186 477 202 34 934 268 632 942
0 59 74 76 37 83 32 35 18 90 79 56 79 54 46 69 24 46 74 25 69 1 99 19 90 19 84 95 53 57 48 6 28 50 37 63 38 78 94 17 25 23 24 41 15 60 85 78 70 86 82 48 100 63 39 49 39 57 17 67 2 95 39 47 30 7 10 32 89 36 36 76 13 28 24 59 69 79 49 61 81 95 37 10 35 71 64 30 7 10 2 84
55 0 16 9 52 88 28 28 48 62 62 86 76 26 18 59 26 15 79 46 17 78 93 87 75 43 100 88 74 5 57 99 43 10 4 23 21 77 92 36 86 9 16 64 93 23 23 9 39 47 95 17 40 88 16 9 86 34 31 22 25 86 50 62 23 17 98 27 58 37 92 94 63 89 66 87 87 64 33 29 74 6 77 64 45 99 49 19 23 57 17 98
99 81 0 70 21 46 41 19 71 72 85 7 17 22 32 44 65 38 66 68 96 30 64 39 41 8 96 87 25 79 36 83 52 72 22 44 20 56 46 99 86 77 84 85 42 76 72 73 12 21 92 38 49 56 69 1 15 72 58 14 62 86 7 100 28 72 54 52 40 2 8 74 60 82 98 50 40 72 70 14 31 22 58 17 33 23 77 25 34 67 22 70
51 79 86 0 83 19 43 80 50 93 47 43 83 73 20 88 55 65 76 23 51 26 80 5 68 76 11 12 41 15 92 27 12 40 63 60 51 48 37 45 43 71 48 39 76 29 77 46 43 67 92 85 63 57 4 9 99 33 6 70 27 36 3 42 31 84 9 87 97 6 74 100 2 65 25 72 71 1 19 74 30 10 77 5 56 77 92 48 83 77 65 62
17 74 96 14 0 8 88 2 73 89 95 58 5 95 96 77 93 21 59 88 14 36 87 11 15 32 44 69 60 83 84 35 2 71 62 59 55 65 99 77 16 34 79 93 65 23 52 100 52 89 21 74 2 90 66 61 67 64 88 7 53 59 66 77 20 27 3 28 98 32 70 99 18 37 28 83 7 45 36 7 27 29 42 67 21 15 43 71 93 92 28 42
58 72 6 78 70 0 95 21 31 94 84 5 83 28 63 31 44 80 73 37 34 7 23 66 85 51 64 21 42 12 3 12 10 83 73 100 36 26 60 100 20 79 38 32 66 35 49 61 44 3 63 98 60 25 20 26 18 61 27 5 22 2 82 60 15 17 94 90 31 77 10 57 35 66 60 18 47 97 14 33 100 48 4 65 18 79 92 88 80 74 30 66
90 57 49 5 98 31 0 63 38 16 87 21 70 69 87 92 100 7 87 73 71 10 48 19 63 3 86 34 66 90 3 8 69 71 99 28 61 65 66 73 72 30 16 32 33 64 37 2 53 30 52 41 51 51 42 64 91 31 98 83 26 75 47 30 82 72 30 35 90 17 92 38 62 70 16 16 49 53 68 8 94 55 46 3 69 48 27 40 59 52 95 32
94 73 14 90 73 2 59 0 49 79 3 88 93 54 36 75 37 86 80 48 20 59 38 36 79 13 47 6 86 56 47 20 50 21 23 1 98 69 84 38 32 20 61 96 71 4 7 37 59 88 77 62 65 16 80 65 68 36 49 59 54 69 39 23 32 96 29 83 50 94 63 79 34 65 37 92 42 54 76 78 2 59 61 78 16 48 33 63 88 69 67 31
64 15 2 39 17 65 98 49 0 64 6 42 14 27 18 37 44 29 62 38 97 73 12 78 7 64 83 52 84 13 71 35 54 81 42 44 27 92 97 60 18 94 59 98 83 41 59 74 77 60 44 53 28 77 21 97 29 37 99 46 10 48 60 75 58 72 30 34 77 98 69 70 94 83 54 75 50 74 1 85 71 84 33 2 1 74 68 75 56 23 90 14
87 45 40 41 73 41 66 79 79 0 79 24 12 34 80 18 60 55 99 87 25 25 48 77 69 25 24 12 74 69 82 5 21 4 7 21 75 15 8 71 84 82 46 62 14 29 75 40 37 53 56 9 69 55 32 56 81 92 50 17 12 96 59 15 78 29 59 52 44 35 30 52 45 26 5 63 64 48 30 8 27 26 77 75 23 97 84 65 51 78 54 55
51 44 89 65 98 74 9 74 83 41 0 94 94 49 99 30 75 14 62 37 49 90 28 5 45 29 4 69 81 46 67 70 62 85 89 9 59 20 19 57 46 34 82 97 41 56 65 42 95 60 19 18 24 33 24 54 67 1 48 30 56 99 91 78 23 52 84 10 4 37 19 23 44 15 13 93 64 8 76 8 57 42 4 95 9 76 46 90 82 42 52 35
77 54 30 88 1 2 28 27 29 8 20 0 38 28 12 14 36 12 6 64 26 79 80 84 19 7 60 43 21 21 47 96 13 1 42 68 38 12 81 49 63 30 78 45 39 34 84 78 77 53 60 80 42 96 34 64 3 23 81 1 13 31 42 100 75 75 7 76 25 84 39 40 47 50 14 57 50 35 91 97 13 2 18 62 41 12 36 19 17 73 98 12
36 94 42 14 41 64 6 56 81 1 87 72 0 57 86 73 89 27 21 1 17 39 88 15 16 83 99 55 14 3 84 36 58 72 70 15 99 91 16 42 86 98 99 25 18 88 78 15 94 50 54 1 49 11 3 96 28 8 94 77 87 80 37 2 90 30 69 53 25 78 47 100 88 96 95 96 57 5 33 47 50 6 97 53 98 9 34 60 64 71 51 39
49 69 64 45 84 81 84 48 27 45 100 100 68 0 26 3 26 57 54 76 37 66 36 6 36 86 86 50 40 69 81 52 53 45 89 72 36 67 100 68 35 14 32 32 57 47 81 1 62 3 65 26 39 30 72 45 42 61 4 55 83 31 86 12 36 38 84 22 28 65 14 28 32 21 79 66 96 81 37 72 48 63 13 13 30 82 82 86 27 81 46 92
30 74 26 35 98 57 90 45 57 24 36 36 54 4 0 51 35 92 74 5 4 24 87 47 22 32 78 1 58 27 52 85 74 49 70 32 41 76 60 44 59 58 69 86 84 57 48 35 75 66 66 51 13 97 45 62 60 33 33 38 84 58 82 71 61 59 95 90 67 71 70 5 65 71 8 91 52 21 97 88 17 77 76 93 68 69 13 14 73 88 81 49
31 80 34 7 20 8 89 10 43 33 68 89 2 29 41 0 33 96 23 61 68 98 1 26 8 47 67 18 39 66 26 12 50 37 77 52 77 16 45 11 40 59 8 61 52 32 12 80 34 77 77 6 69 22 8 99 16 88 71 4 66 27 38 16 81 62 65 89 2 48 50 3 14 45 26 14 59 84 39 29 23 14 64 88 27 37 92 90 72 34 65 20
18 23 73 7 29 84 17 57 52 78 46 47 19 43 45 90 0 29 66 50 12 92 87 4 90 84 50 21 53 94 57 89 89 27 79 50 14 91 64 15 10 22 23 29 81 2 81 99 77 59 53 6 65 44 100 97 64 90 37 12 18 92 85 23 20 85 26 94 93 43 87 52 30 49 62 80 3 60 9 46 8 59 82 63 91 28 53 51 7 36 24 32
18 27 54 68 72 45 1 89 48 9 52 36 29 91 9 95 50 0 56 36 9 66 91 28 40 8 5 34 3 50 34 29 98 37 30 17 6 33 14 60 38 47 20 63 35 41 51 85 33 94 68 59 87 96 10 88 14 14 8 96 3 70 97 100 61 55 7 81 10 36 52 79 57 70 98 16 14 69 61 74 51 27 70 57 10 85 85 86 88 58 92 61
56 38 40 63 66 80 92 85 40 44 16 81 71 69 57 83 75 78 0 29 11 48 13 51 73 77 5 6 45 43 65 12 87 79 26 91 44 69 20 30 75 16 90 93 3 40 8 33 36 35 70 4 12 49 60 47 30 31 89 19 87 18 17 99 21 90 91 78 79 57 35 81 63 7 49 39 80 87 14 100 76 7 97 41 95 97 91 34 45 10 100 16
81 78 11 14 87 42 36 22 26 47 48 88 27 71 45 14 81 12 1 0 32 46 69 6 33 74 25 68 11 3 97 86 19 34 98 31 100 9 40 81 2 23 78 65 64 48 85 95 3 42 12 55 83 57 39 25 18 2 61 93 64 53 100 40 2 76 43 33 19 68 18 83 78 62 26 60 98 3 6 98 57 18 63 9 94 47 23 75 70 54 32 8
67 53 51 30 48 83 57 80 13 90 86 94 47 33 73 83 88 71 24 7 0 4 86 40 72 24 44 99 35 21 79 22 43 44 37 26 47 30 9 6 86 27 21 22 21 40 93 44 12 74 4 16 21 81 94 28 74 12 14 93 9 1 5 80 55 49 68 17 71 38 24 33 34 49 32 28 48 57 81 97 44 70 22 67 56 91 85 70 44 97 26 55
78 68 84 13 92 76 50 36 99 38 9 48 3 47 63 51 71 54 7 32 71 0 26 61 51 13 30 60 27 54 92 89 88 82 57 3 2 78 11 96 55 42 62 63 3 26 92 46 42 75 56 36 57 49 99 45 86 47 42 3 54 24 1 50 95 83 64 50 39 85 55 40 10 88 28 31 92 28 70 14 99 76 22 24 6 50 13 63 46 87 80 9
40 9 40 89 18 83 2 19 83 5 83 60 37 34 18 73 24 39 27 93 93 17 0 96 38 2 6 51 25 89 24 11 75 72 43 56 58 64 6 46 84 3 38 38 42 44 83 3 92 49 48 64 77 19 82 51 55 75 48 63 73 46 34 27 89 11 68 98 1 36 23 88 29 30 16 95 20 83 52 44 13 31 91 96 45 3 24 66 70 1 66 3
62 32 26 85 22 97 18 90 3 12 62 45 100 97 86 75 33 90 56 87 100 77 60 0 33 93 56 22 9 60 5 22 56 44 65 75 12 39 97 31 56 50 3 16 15 7 35 38 66 18 5 11 30 52 88 51 57 25 98 72 44 73 10 2 29 92 48 22 48 8 47 77 23 68 25 52 48 50 61 38 47 89 13 82 40 78 87 55 29 1 89 19
100 41 14 96 12 56 72 70 37 48 96 10 73 20 54 55 60 95 74 15 88 68 20 77 0 42 9 27 6 100 94 5 54 48 35 62 73 99 70 79 92 20 72 76 87 80 46 38 8 97 28 91 93 19 73 3 82 51 23 35 87 32 58 41 42 56 12 52 2 99 45 40 83 12 48 74 8 9 2 37 91 17 41 35 24 97 14 30 35 23 94 28
45 43 3 7 10 9 75 68 37 88 85 39 27 97 79 46 69 75 36 30 53 63 28 23 76 0 2 74 14 96 70 94 13 17 46 80 94 78 82 65 17 23 58 30 96 13 47 50 26 97 20 81 3 69 48 83 54 73 45 13 97 48 81 88 67 100 73 17 30 39 43 74 32 19 4 100 67 100 7 8 59 94 30 60 84 28 27 22 81 75 87 60
97 59 39 8 50 100 96 86 23 81 16 82 76 11 71 11 48 44 68 75 12 55 14 24 79 25 0 48 58 60 34 69 61 100 62 24 54 33 62 10 44 25 66 6 20 74 18 19 4 7 82 35 84 34 7 20 15 45 64 83 95 18 57 32 86 60 48 96 41 80 26 48 65 41 4 4 60 37 43 16 30 64 50 46 54 100 20 19 81 74 14 24
25 87 26 7 86 43 82 72 86 40 40 78 67 65 23 82 68 18 48 30 73 3 86 95 95 15 76 0 65 76 50 38 32 95 36 23 12 89 83 74 71 48 81 63 92 45 50 30 36 2 4 23 16 21 24 8 81 84 82 68 76 41 73 73 82 86 93 74 45 19 26 47 10 53 34 1 41 15 60 89 71 10 96 53 55 94 43 68 33 41 43 20
5 29 67 74 71 46 73 1 40 8 98 15 27 6 56 29 31 77 11 25 2 26 29 15 63 12 68 41 0 1 5 86 76 67 27 85 69 77 42 53 57 37 61 37 42 84 66 74 22 52 68 36 45 45 12 12 99 24 8 27 35 28 84 72 92 12 83 57 71 10 19 40 82 90 60 81 24 72 47 49 62 85 42 85 90 89 17 33 6 41 60 24
51 31 84 20 80 42 17 44 3 34 32 99 44 1 59 97 2 72 58 48 27 61 93 67 99 69 4 63 44 0 7 98 43 28 15 19 19 84 94 41 27 82 79 74 69 35 91 85 12 40 82 66 8 62 54 4 11 8 69 66 86 85 82 61 37 83 61 62 57 68 16 7 40 67 67 21 83 79 52 74 68 76 4 60 60 27 46 35 27 58 26 98
31 4 14 77 4 55 16 52 9 23 84 80 16 58 77 53 84 15 28 38 84 29 86 100 13 94 6 90 76 96 0 74 58 10 15 55 11 13 96 41 66 52 51 77 22 48 72 78 65 49 73 22 65 28 28 70 18 94 47 86 21 3 74 15 100 82 72 12 25 4 91 83 88 93 14 12 3 82 13 4 1 37 52 4 76 36 55 62 53 28 50 65
20 22 41 53 20 67 41 50 49 86 39 74 82 60 45 61 90 76 51 97 7 21 83 72 34 16 70 53 41 38 15 0 72 32 19 49 50 100 79 32 41 69 77 93 2 87 74 5 24 92 64 36 28 81 85 35 22 10 43 12 100 88 93 73 60 12 92 33 32 42 3 90 1 39 27 96 87 87 19 64 16 87 24 92 58 92 47 16 32 42 15 29
61 92 73 74 6 20 27 57 82 66 62 12 13 46 30 76 66 80 50 59 83 24 82 38 6 15 58 83 80 18 83 57 0 14 97 9 4 1 88 59 53 33 97 13 52 26 39 32 46 54 52 48 14 79 84 60 14 68 23 64 90 99 24 75 21 47 13 65 57 84 20 51 62 31 55 31 79 52 44 23 53 12 55 65 84 97 18 81 29 56 36 14
1 61 85 83 17 42 54 98 19 2 48 37 56 18 92 89 53 47 10 17 86 75 99 55 71 44 62 48 94 55 49 15 6 0 90 78 83 32 53 85 92 59 72 89 4 30 74 79 2 9 11 6 28 32 50 38 17 46 14 16 7 45 20 99 27 68 10 78 20 14 35 9 18 13 22 13 7 76 29 5 32 13 43 3 26 100 40 24 5 8 21 44
53 51 7 10 35 39 68 61 96 20 13 91 45 93 15 30 64 67 97 45 11 16 88 89 94 29 86 55 99 11 70 99 26 8 0 8 49 75 22 53 63 48 77 65 30 52 3 29 15 90 22 9 17 64 97 34 96 55 67 86 37 60 89 36 75 85 59 48 85 54 39 25 100 92 65 69 32 44 43 42 20 57 41 26 50 55 90 33 88 15 46 31
42 80 31 97 58 76 64 78 66 37 32 95 64 8 49 52 59 32 41 51 62 93 21 66 31 23 45 36 14 73 12 18 48 70 62 0 3 83 94 95 14 15 51 86 25 56 33 4 51 31 5 80 31 55 9 73 91 86 12 43 73 29 80 58 33 84 2 80 7 22 3 73 9 13 25 46 17 91 49 83 45 30 22 94 20 13 15 90 16 12 87 92
54 32 34 22 54 93 81 90 53 35 35 34 86 84 35 78 72 24 33 13 18 25 84 1 12 3 62 15 82 64 12 92 92 13 18 15 0 28 45 63 40 33 6 98 28 61 43 47 91 94 81 1 59 22 59 2 71 60 61 22 48 84 87 54 31 2 19 72 86 72 97 15 77 34 24 72 74 43 59 16 48 70 18 2 96 6 74 21 22 100 19 95
14 94 49 82 21 50 35 60 54 93 81 74 79 14 72 53 17 66 80 12 51 25 9 74 60 97 79 89 99 84 33 13 13 56 70 43 66 0 42 75 74 32 27 64 91 57 71 49 89 99 36 5 19 43 19 31 87 56 3 2 5 86 15 79 60 27 99 57 82 77 15 53 22 23 10 51 63 14 29 45 72 56 69 99 18 40 68 41 55 75 100 2
89 3 66 54 33 86 14 78 86 76 68 39 68 91 15 65 77 96 22 67 10 90 3 38 81 1 100 14 84 5 69 16 94 82 45 77 38 6 0 33 7 40 25 75 27 92 73 9 52 18 93 12 100 7 92 92 85 87 52 94 26 84 83 49 91 88 19 28 67 64 38 9 82 23 62 18 12 62 56 28 65 1 66 28 18 84 95 15 17 80 11 92
57 69 69 37 76 62 77 98 15 47 78 20 100 4 61 86 31 78 52 96 51 63 3 90 3 91 57 41 33 82 7 7 71 25 41 11 39 37 98 0 65 70 55 3 76 96 54 35 39 30 8 74 38 84 71 24 94 38 77 34 28 38 26 68 42 29 70 14 53 44 32 17 79 81 69 68 1 3 6 88 5 90 76 78 81 5 70 77 40 23 94 41
58 84 46 86 16 13 67 97 98 62 67 89 17 13 91 42 81 5 60 80 23 68 18 90 73 33 8 46 59 58 43 38 94 31 94 53 44 5 83 64 0 7 22 52 71 70 84 34 4 30 89 91 15 79 87 99 57 27 9 68 67 48 51 38 17 53 54 17 89 79 68 68 38 2 11 48 71 20 64 51 74 7 88 35 25 43 87 97 92 82 17 38
40 3 98 84 64 42 82 44 22 45 18 17 84 1 74 14 74 93 84 80 53 21 50 89 46 87 24 5 73 42 89 23 28 39 84 30 52 73 34 91 60 0 54 19 86 41 72 91 27 14 50 32 50 48 79 58 89 74 13 10 87 96 31 92 55 9 38 43 42 35 62 23 48 42 45 12 74 46 41 1 90 32 91 52 98 59 25 65 42 60 7 38
12 39 74 86 77 17 62 17 46 56 54 13 42 6 63 7 95 42 14 37 65 87 3 97 22 7 19 62 89 6 6 50 34 69 50 37 46 81 52 57 92 64 0 16 8 11 78 72 70 44 41 98 31 32 41 44 41 28 56 1 95 45 30 42 56 6 59 63 19 5 58 43 60 86 50 32 31 71 51 28 28 37 64 50 71 92 33 60 62 42 37 8
98 38 37 39 59 45 71 94 93 15 6 13 80 50 18 95 82 83 90 67 45 34 83 16 8 85 30 56 11 78 26 72 59 30 67 4 75 65 9 62 86 15 10 0 100 46 90 57 59 39 15 89 96 1 71 4 42 94 38 62 87 20 19 7 59 95 14 36 7 76 80 20 71 59 38 98 93 75 52 27 95 44 10 89 80 12 44 33 96 27 7 87
47 77 88 41 59 66 13 20 14 95 4 16 69 60 51 53 64 74 22 94 40 34 48 98 7 7 93 46 76 21 41 98 38 67 7 32 3 52 1 63 97 2 95 9 0 33 52 15 69 49 99 31 57 63 32 10 35 81 68 38 86 28 36 64 44 33 8 83 43 27 16 74 93 14 27 23 12 74 20 53 45 79 50 99 81 25 71 80 26 49 9 67
17 7 98 11 51 76 50 23 50 83 35 49 14 3 29 98 33 16 28 94 92 15 71 69 60 98 7 61 94 73 17 24 11 10 1 71 12 66 96 1 10 32 1 93 29 0 46 96 19 59 56 63 37 68 37 95 55 65 24 51 30 90 95 28 62 74 19 13 75 31 89 54 28 58 29 1 3 80 57 36 73 86 17 22 11 7 65 72 4 21 5 20
94 60 36 42 63 19 48 28 8 3 11 36 36 18 99 84 11 37 32 21 70 3 15 13 36 62 7 20 48 43 16 90 42 66 31 44 12 88 4 92 97 46 1 22 69 55 0 13 21 28 70 25 48 13 21 58 43 71 66 78 38 51 72 89 20 1 54 22 12 17 36 48 1 39 87 51 73 78 24 90 25 22 9 82 55 66 76 99 49 100 9 51
50 96 75 45 79 92 78 71 72 83 52 39 16 5 53 8 23 85 66 53 68 46 95 60 92 4 65 81 34 21 52 74 72 37 68 31 95 70 63 59 39 84 79 49 89 12 34 0 33 2 85 56 59 89 28 76 95 86 13 100 40 60 63 30 19 32 65 76 7 47 80 5 13 73 45 1 34 68 43 20 58 93 30 50 50 74 15 68 19 49 56 55
40 97 64 61 57 87 52 30 45 4 5 60 75 42 75 63 23 8 39 100 67 32 52 21 1 92 48 91 99 37 5 36 22 33 20 96 45 84 66 99 14 29 58 51 27 30 80 85 0 99 66 68 3 24 27 51 53 4 90 74 52 100 79 96 79 29 77 46 47 71 74 51 46 93 92 83 72 34 46 69 57 54 42 76 51 32 27 99 72 64 82 42
13 70 61 85 75 98 33 15 49 19 63 80 55 10 59 91 82 84 88 19 6 56 19 74 81 48 2 84 92 92 73 87 97 29 41 72 32 39 61 98 67 25 18 83 87 10 6 62 20 0 33 66 24 5 58 86 88 8 52 38 27 89 92 62 54 75 48 14 97 63 62 20 92 94 48 12 33 77 56 10 25 100 64 67 70 32 83 6 15 62 92 86
54 82 93 14 94 13 21 52 40 91 58 35 96 56 21 63 70 78 96 71 4 24 2 75 92 14 20 40 82 58 80 14 70 67 58 5 64 29 38 59 37 61 12 49 19 42 16 37 30 65 0 78 73 6 77 23 7 45 60 55 100 5 99 11 34 51 93 99 46 51 68 44 76 20 92 22 59 89 52 1 77 9 98 67 39 8 55 39 25 15 1 6
42 66 75 94 67 30 31 20 34 92 38 90 81 57 52 31 21 5 70 11 83 24 58 22 14 37 99 18 75 100 94 60 17 22 12 25 35 61 54 18 65 19 7 50 64 21 74 72 7 23 44 0 51 99 25 24 19 41 62 22 35 23 70 2 78 14 3 92 63 100 61 97 95 82 39 15 38 12 54 25 82 56 92 50 13 89 9 25 27 17 18 11
99 27 48 29 10 24 77 25 22 68 2 36 2 46 24 10 75 13 69 41 26 5 88 67 81 97 53 96 1 6 98 97 74 90 30 92 14 28 95 68 16 1 69 48 80 33 7 72 93 15 98 51 0 27 57 66 29 3 32 71 2 57 44 69 56 12 88 15 70 42 6 86 21 42 35 96 24 83 94 28 32 35 78 10 23 34 5 86 83 42 68 57
1 15 94 68 27 40 18 81 76 16 93 6 16 84 56 69 89 54 6 66 84 59 90 95 44 14 69 57 80 3 19 13 4 96 25 10 32 59 42 75 37 2 94 30 61 73 89 18 93 21 37 10 58 0 7 64 58 70 7 40 91 41 82 80 93 56 59 36 80 85 89 86 25 33 43 21 70 4 83 99 73 91 73 86 7 24 60 83 40 18 1 23
31 14 91 43 19 51 8 56 46 8 86 85 43 41 8 25 87 48 100 89 88 81 17 50 5 96 93 67 75 31 44 30 42 88 6 45 61 9 91 93 43 51 90 47 5 28 39 99 52 63 93 11 13 67 0 45 64 26 99 20 60 49 17 13 52 71 49 98 8 5 97 57 66 31 63 12 92 83 87 26 83 74 27 69 1 70 1 29 74 75 9 31
22 44 25 7 58 27 65 32 38 73 15 65 68 27 4 53 28 89 77 65 93 25 2 18 47 1 97 10 9 51 2 23 97 2 98 27 28 29 50 44 58 68 68 44 31 23 66 93 96 15 22 54 76 16 30 0 82 85 17 52 75 64 12 54 88 34 21 1 52 53 58 75 37 96 45 99 12 51 94 57 64 42 25 95 79 24 96 40 30 48 41 72
80 25 6 81 17 84 39 89 66 94 49 76 73 20 6 85 43 31 72 52 73 28 3 48 15 15 32 44 14 22 95 84 14 89 30 14 36 50 46 78 81 95 79 60 50 6 42 53 44 39 15 85 82 1 41 31 0 47 55 16 10 10 13 98 1 96 44 63 63 91 74 20 93 5 79 88 41 5 22 32 79 20 69 8 15 81 65 47 2 73 16 58
34 93 68 66 42 18 41 54 70 27 60 56 33 59 55 55 45 50 89 82 88 18 67 90 45 38 56 33 85 7 7 91 12 64 67 39 27 88 69 79 1 12 30 65 23 42 55 52 33 4 6 95 19 46 17 46 12 0 99 11 84 7 48 48 46 84 47 59 80 61 43 71 93 18 93 45 65 54 91 50 64 45 97 53 15 96 68 53 39 57 30 48
86 32 49 43 52 25 42 14 83 59 22 32 20 14 23 90 83 31 80 17 11 10 95 10 42 16 37 61 98 46 37 5 56 5 9 15 12 97 96 90 31 34 65 28 77 2 46 60 23 73 47 48 12 81 7 53 4 35 0 87 1 38 12 26 61 35 49 4 77 88 54 78 90 68 13 72 71 28 20 62 87 20 68 19 34 99 37 60 18 73 79 89
58 9 23 81 28 97 96 62 69 68 62 36 50 26 77 80 56 32 61 51 51 64 37 81 88 2 5 4 30 21 7 36 76 99 27 88 94 63 71 100 38 9 67 86 22 65 20 44 3 22 48 28 44 86 39 12 89 6 53 0 41 67 36 32 54 75 93 68 77 3 62 53 21 25 26 26 48 18 65 77 13 62 29 43 3 7 74 2 32 19 65 48
72 35 62 64 2 70 66 81 61 4 40 95 73 85 92 99 65 18 26 89 29 35 30 93 21 14 24 31 37 12 3 44 41 65 51 3 40 58 91 68 28 52 39 16 68 56 79 86 63 31 36 75 42 95 84 69 21 11 84 97 0 48 52 56 23 75 41 7 83 81 15 28 87 10 94 45 9 55 59 18 31 87 60 32 92 92 9 20 1 50 61 46
57 80 92 6 27 68 80 26 63 11 96 32 92 82 32 72 1 1 65 13 38 92 96 28 94 93 38 89 27 59 68 6 42 33 60 68 90 90 4 20 28 61 18 92 9 89 25 26 16 3 28 2 22 13 45 1 4 11 30 16 56 0 25 56 40 97 19 32 92 49 62 75 10 96 24 24 19 31 63 34 81 7 19 25 70 45 69 39 83 55 77 4
80 9 68 25 44 21 39 59 46 84 7 92 86 99 82 100 61 59 8 41 95 45 11 95 39 93 57 24 14 62 35 49 42 40 8 52 35 66 48 98 59 99 47 26 37 8 38 51 16 31 36 12 6 51 90 60 85 12 97 45 95 14 0 2 57 98 70 28 75 67 37 86 44 26 62 32 68 68 31 44 52 45 28 14 54 29 52 25 37 79 48 41
59 60 30 45 11 15 31 25 92 69 93 82 82 88 29 47 91 49 13 37 49 51 1 7 78 68 56 18 13 18 66 32 25 94 58 8 84 73 15 47 10 37 15 79 80 29 59 52 48 37 9 35 63 63 28 43 82 70 44 71 82 33 38 0 63 87 26 27 91 64 21 57 86 69 91 6 89 41 84 90 67 36 69 39 64 45 84 92 18 58 29 63
84 61 77 24 94 33 6 28 95 46 79 11 10 86 8 18 56 18 21 92 27 17 55 48 24 84 12 37 75 72 56 18 91 65 29 92 41 3 16 74 83 71 74 59 34 51 50 24 49 27 90 83 69 89 89 23 65 92 87 10 19 94 75 88 0 86 51 62 46 72 58 18 76 19 63 71 55 47 58 82 35 79 68 32 61 81 51 65 77 61 85 62
8 58 66 58 1 8 91 96 18 10 100 74 46 96 9 21 69 73 18 21 88 38 100 17 67 39 47 85 37 96 38 88 76 40 94 13 46 54 92 22 60 20 19 14 69 13 98 21 66 24 26 33 74 3 79 89 17 10 2 11 48 88 52 94 52 0 45 29 75 18 30 11 80 51 74 82 20 96 86 53 30 55 7 16 20 73 69 91 87 87 88 38
69 76 43 66 16 21 36 99 10 14 22 60 75 57 76 33 14 76 3 20 97 66 23 40 84 10 100 46 68 37 47 61 97 44 72 61 69 67 78 57 97 61 34 10 23 88 41 60 54 80 69 41 13 16 44 12 99 80 8 80 27 99 31 18 77 97 0 11 41 77 66 87 61 84 7 12 74 83 89 46 24 87 32 95 52 51 13 10 18 55 20 46
11 45 29 2 17 84 62 93 5 93 98 15 81 80 73 58 8 47 57 47 19 64 93 69 46 42 52 97 84 2 89 29 93 94 83 82 50 53 32 17 18 77 91 13 83 11 70 75 23 49 86 92 79 63 70 32 23 35 95 92 72 74 52 21 38 73 64 0 5 81 78 49 39 92 8 36 34 89 22 47 52 24 2 13 65 63 7 44 71 55 1 45
12 33 69 15 11 96 94 38 1 26 10 8 92 30 15 35 54 74 29 35 15 11 72 25 33 27 16 42 90 77 13 93 9 67 42 73 26 9 62 71 58 30 49 54 30 93 37 58 33 67 76 83 46 3 27 60 57 19 38 52 81 66 19 41 19 19 21 95 0 14 73 28 72 54 36 35 74 63 61 91 51 59 14 43 29 48 21 14 81 69 67 60
35 69 61 46 3 70 63 21 31 51 6 74 37 11 56 87 49 95 69 92 100 15 85 55 68 30 1 26 52 5 8 16 94 21 3 50 64 9 85 92 65 58 2 41 74 42 38 75 14 76 50 13 26 38 30 90 65 95 22 83 16 56 80 57 22 69 56 40 12 0 57 40 73 68 18 29 39 31 47 30 54 93 100 44 1 65 100 59 49 3 39 41
7 39 36 69 19 82 6 84 88 71 14 16 44 68 23 88 84 20 50 72 80 83 50 58 37 9 29 43 65 19 70 66 21 3 47 70 26 39 39 82 45 57 3 29 25 54 85 71 19 29 14 29 73 39 63 53 45 86 49 90 72 51 65 24 79 57 29 59 62 83 0 12 98 16 86 74 51 59 61 41 30 49 82 25 7 41 94 30 33 52 8 23
65 71 50 55 72 65 41 100 64 39 21 93 66 36 22 17 54 32 81 50 100 45 98 49 80 32 19 63 97 46 98 48 22 51 57 64 53 8 87 26 2 89 78 35 64 86 92 73 7 87 99 37 30 4 43 14 59 30 50 6 54 32 94 60 67 66 99 56 88 64 59 0 93 19 100 1 33 65 81 22 74 45 72 71 36 59 57 19 82 4 16 24
11 7 86 75 99 7 46 5 40 73 52 73 99 57 25 43 23 80 10 78 43 11 27 15 85 73 97 4 75 84 56 80 3 82 59 68 24 62 85 86 99 60 52 53 52 99 66 22 77 58 48 26 77 100 24 94 67 25 75 88 86 85 87 67 57 84 79 78 36 12 13 66 0 42 28 41 59 38 49 76 97 24 95 64 56 77 65 23 73 79 66 68
56 23 17 13 60 74 12 99 98 63 85 73 26 71 62 7 58 43 59 99 65 27 6 57 13 24 15 41 54 32 30 7 52 6 51 78 35 20 80 3 78 93 37 100 41 100 61 81 28 100 17 75 49 86 100 92 45 45 91 88 37 14 54 81 60 74 30 43 73 53 9 42 3 0 69 57 64 67 84 94 36 75 29 96 13 26 54 53 49 72 35 87
9 24 85 49 94 4 25 1 58 85 69 67 97 65 89 52 39 17 60 5 59 65 70 55 55 23 70 68 87 54 45 69 68 85 77 72 9 64 69 5 84 100 86 89 7 24 11 50 3 23 94 42 11 4 86 9 10 76 98 62 18 83 100 64 93 64 35 3 94 27 79 15 50 9 0 94 91 77 47 72 95 11 48 100 60 71 77 82 96 47 34 43
15 31 87 83 68 1 60 66 34 90 87 90 16 14 65 52 67 6 24 47 3 51 28 42 36 40 100 82 72 36 64 83 6 6 46 32 13 70 85 71 56 1 26 48 74 18 58 93 67 99 98 34 74 67 79 78 49 9 21 10 79 3 39 60 20 46 63 61 52 45 60 37 14 42 18 0 7 23 32 87 19 24 31 84 79 85 66 6 90 44 63 36
14 18 50 98 34 69 64 24 92 7 39 76 16 99 14 93 88 74 57 93 76 61 7 64 75 6 10 5 33 37 62 52 5 98 67 77 71 8 99 39 26 88 10 6 60 16 88 80 22 87 14 11 99 79 35 92 42 23 54 99 92 67 57 27 68 50 12 21 73 6 64 65 6 14 99 61 0 41 37 64 59 3 75 70 74 37 50 22 45 43 35 54
24 49 95 76 36 71 2 55 49 43 3 38 98 75 69 79 70 40 77 96 98 89 76 80 32 17 74 44 43 32 38 62 53 58 85 52 26 42 30 14 74 2 82 38 10 24 5 24 43 48 73 21 45 5 96 62 32 19 94 98 82 27 37 78 9 87 44 73 6 72 26 67 51 36 28 27 13 0 94 63 92 7 2 53 34 44 87 66 70 99 95 26
16 66 21 14 54 28 50 37 14 65 58 22 53 48 39 48 66 35 65 73 13 31 41 84 93 27 47 86 54 96 58 8 9 99 18 23 50 99 25 12 47 65 80 43 43 50 95 79 94 52 80 1 53 13 77 7 30 21 8 72 37 68 99 38 30 5 61 91 86 13 63 52 89 79 70 75 79 60 0 10 5 44 44 41 66 43 69 90 86 50 20 71
44 59 30 86 60 70 27 79 22 10 39 13 90 12 59 68 44 40 59 10 66 47 6 58 92 98 30 60 16 60 86 60 14 47 22 43 76 69 55 24 16 51 4 49 42 55 77 9 61 98 46 18 17 36 28 84 31 44 32 92 22 13 65 71 67 51 33 99 36 97 19 32 9 79 48 81 59 3 53 0 66 58 12 93 31 47 55 36 14 3 12 28
41 84 73 71 80 38 50 62 21 96 75 25 79 13 79 92 84 2 43 26 7 100 48 45 67 31 79 96 46 65 81 81 92 53 91 41 46 91 84 13 77 86 2 43 100 1 55 32 31 79 12 90 48 93 77 53 92 46 20 26 14 52 21 39 71 78 55 11 10 90 49 43 24 64 20 2 56 8 60 26 0 1 97 65 68 64 19 19 26 89 76 3
91 95 91 99 35 72 82 98 69 100 15 25 8 77 26 33 30 19 17 52 80 70 45 75 27 53 1 62 67 15 73 96 39 89 84 51 12 14 11 88 7 36 74 4 43 100 42 78 39 5 70 24 18 90 30 62 64 61 54 62 57 5 64 10 10 96 86 77 47 6 15 68 61 81 20 10 72 86 22 94 33 0 62 7 73 99 58 42 61 32 89 85
35 46 59 6 46 8 35 18 33 71 3 54 31 19 92 51 71 19 53 34 78 40 73 70 77 27 9 39 52 89 88 39 25 85 77 98 27 88 27 30 55 9 17 97 44 40 33 17 35 85 31 95 6 12 63 72 66 39 91 29 40 40 92 33 100 55 84 33 10 60 84 44 82 48 12 44 8 54 68 65 78 14 0 68 61 93 20 52 38 10 54 48
57 100 5 35 68 44 47 39 59 46 91 34 98 12 96 57 23 18 63 73 39 52 61 14 92 55 6 79 31 34 48 61 23 61 24 6 15 29 90 90 23 8 40 57 22 45 10 27 25 7 93 87 20 97 74 95 15 65 76 22 99 67 86 81 87 11 28 52 17 56 22 26 90 71 89 84 51 67 49 42 27 94 78 0 71 62 29 77 46 15 23 52
35 10 8 76 57 96 85 23 7 28 47 18 1 36 24 8 32 85 83 21 6 28 4 95 53 31 89 79 92 20 40 16 23 56 72 77 91 71 100 76 57 88 7 7 29 52 19 6 33 97 25 43 4 25 9 4 45 82 19 72 95 65 21 25 2 82 25 53 69 3 31 98 11 75 84 40 30 7 38 75 10 49 5 47 0 75 30 32 5 90 82 4
59 33 55 93 51 79 2 73 8 98 93 15 59 81 50 43 58 6 89 88 75 1 47 11 92 3 91 65 78 69 98 100 80 9 97 32 86 80 38 46 67 51 89 91 29 79 34 34 4 31 5 35 46 60 86 87 86 45 23 21 27 10 95 100 16 84 92 48 2 91 81 47 46 22 43 4 57 84 6 46 34 100 48 51 20 0 28 70 50 1 4 3
27 55 89 70 62 66 41 40 34 99 97 91 44 23 50 94 57 35 94 58 88 81 98 78 1 17 65 59 6 6 4 90 9 56 94 8 68 34 28 1 81 20 89 16 16 37 76 18 35 79 39 58 50 60 84 82 41 28 18 57 100 89 61 5 28 76 16 83 84 85 81 26 59 47 65 36 45 85 97 41 5 17 91 74 58 72 0 42 25 26 91 85
85 48 93 52 48 98 89 72 29 71 34 69 99 64 66 47 52 26 73 98 25 48 77 20 55 50 56 48 95 53 52 64 57 27 62 24 86 47 1 6 21 30 34 71 34 29 31 48 71 7 25 62 63 39 95 64 11 96 96 55 43 65 13 76 83 75 16 13 48 82 69 86 91 3 88 35 89 93 8 8 9 44 75 78 10 11 66 0 60 28 38 65
29 2 27 24 28 70 14 68 96 58 84 93 79 8 64 49 6 45 65 54 58 78 13 74 69 15 64 64 64 13 82 70 77 60 10 54 38 58 90 54 52 99 44 73 91 22 56 60 98 85 49 17 80 94 6 87 70 26 33 67 20 66 46 56 64 20 23 15 32 51 1 53 61 8 59 85 36 55 18 21 22 58 88 57 36 25 95 4 0 24 70 2
25 83 99 76 34 20 95 81 63 55 86 85 81 55 45 100 37 87 78 32 97 63 72 58 50 35 39 40 17 80 96 44 60 59 29 55 36 88 96 61 34 15 37 24 19 71 5 80 85 39 87 25 19 75 30 45 64 24 73 97 9 8 24 83 1 38 58 82 95 16 89 82 88 68 66 96 18 32 49 70 12 62 86 56 43 8 57 34 19 0 73 78
38 16 15 45 46 44 80 36 7 78 84 19 41 12 5 16 27 22 50 25 99 8 10 3 71 38 5 57 91 3 80 98 11 51 30 100 38 1 63 14 69 30 25 77 9 48 31 79 8 96 58 8 51 71 32 58 17 7 95 53 100 91 6 65 12 1 87 5 6 20 41 68 96 98 90 25 47 18 90 79 78 51 99 87 5 27 84 28 98 95 0 92
34 40 17 11 31 90 74 88 31 19 9 75 66 7 62 96 44 23 28 22 16 31 32 5 14 61 30 21 8 29 41 91 60 12 91 91 28 83 95 92 59 40 20 13 24 96 63 74 81 92 80 26 79 10 98 80 52 68 65 81 62 80 46 32 30 75 18 25 97 32 75 56 45 18 20 99 75 30 80 95 78 94 35 72 18 2 69 21 34 86 40 0
