96 90
93 974 157 721 351 410 187 56 744 580 607 900 83 954 469 23 205 475 731 191 418 968 850 428 683 704 414 683 795 342 24 347 593 441 493 259 728 552 631 799 753 568 785 221 978 59 976 240 216 7 197 8 216 104 624 708 4 43 782 742 881 168 170 649 820 586 842 729 548 567 848 222 491 383 201 223 951 266 723 703 525 699 55 815 301 571 133 464 224 771
719 490 230 586 462 542 188 662 913 85 242 867 44 651 147 869 228 588 373 876 136 537 809 315 684 542 277 605 967 563 252 501 196 765 55 448 366 833 868 257 421 476 957 400 133 362 140 488 629 321 674 491 509 97 959 157 208 90 435 698 673 370 107 173 266 57 543 734 712 387 305 718 979 2 880 210 33 262 626 474 609 458 192 269 973 363 915 347 712 15
108 102 719 344 937 542 469 244 828 392 239 906 341 530 222 595 392 293 634 491 905 512 35 402 548 149 843 940 449 226 272 177 372 206 165 585 515 869 568 936 392 666 838 98 470 944 19 547 225 830 686 557 982 309 72 23 657 95 693 223 262 501 851 836 767 124 223 178 611 702 240 418 208 105 915 749 528 454 453 270 46 120 839 689 156 518 635 20 445 671
86 8 325 561 998 596 368 982 882 254 320 396 568 726 776 55 249 42 381 166 577 296 869 246 307 483 823 135 73 220 610 273 689 788 722 66 124 260 356 519 528 82 843 28 677 736 779 602 220 162 603 428 306 564 360 390 797 414 772 723 446 629 981 49 996 431 961 67 753 722 863 275 414 705 290 210 802 860 703 469 183 923 245 5 437 656 796 36 832 590
221 175 85 865 850 180 290 843 319 281 355 224 853 398 288 15 880 593 627 806 710 716 616 921 191 797 734 606 212 194 338 72 713 406 570 653 316 621 647 374 951 536 675 548 874 733 274 785 913 702 766 482 541 980 354 991 966 816 800 555 382 749 918 839 497 718 818 54 616 600 943 252 909 203 184 328 657 882 233 611 985 140 852 371 320 871 305 617 61 353
191 148 268 818 975 511 907 553 49 334 35 889 950 296 942 791 787 593 887 963 167 927 781 257 196 703 210 739 201 340 128 165 424 763 787 820 179 829 802 923 50 938 518 292 87 486 125 184 883 435 704 459 777 699 168 535 816 88 968 291 582 947 100 919 591 629 695 863 597 125 234 529 434 614 992 373 152 43 222 209 274 898 840 286 467 307 943 794 612 364
766 763 60 890 948 940 447 342 188 951 401 721 727 247 188 653 428 417 812 362 469 263 900 242 83 552 314 218 748 471 869 29 560 471 871 966 836 216 757 802 981 800 779 455 942 553 108 461 853 666 135 576 439 37 422 999 132 229 264 268 997 58 774 464 306 35 651 274 672 70 940 556 47 663 63 235 954 778 48 753 232 518 662 448 735 529 796 589 320 114
115 262 557 807 980 281 495 507 556 907 589 379 553 674 830 742 121 424 159 895 577 988 465 456 83 358 361 685 537 855 427 754 309 179 737 225 995 100 892 412 958 636 822 691 847 799 766 339 965 506 442 484 62 420 667 588 651 975 978 685 609 907 176 16 332 464 388 797 798 221 997 337 781 962 519 297 275 662 451 289 623 926 430 172 720 427 627 463 602 198
421 566 889 651 253 570 994 568 770 126 530 312 118 197 301 640 412 43 128 316 536 652 227 559 255 20 878 486 486 467 956 312 814 476 437 172 108 411 485 871 15 194 386 697 299 942 867 274 602 898 251 710 330 824 901 770 106 23 962 297 589 174 277 1000 353 219 512 787 458 840 719 802 816 978 658 955 967 984 449 445 908 221 815 262 701 249 793 634 225 506
336 952 815 83 218 811 163 486 454 658 587 3 934 148 359 13 335 476 439 421 580 492 743 126 1 857 701 724 387 99 410 281 589 799 991 661 965 947 751 26 733 614 506 74 45 809 27 429 253 670 847 642 640 891 437 193 389 651 253 187 607 130 305 511 596 642 504 731 883 807 665 794 374 411 333 287 487 38 853 159 511 846 922 364 82 287 148 940 718 240
378 292 17 914 192 178 746 397 831 846 704 432 398 452 976 901 54 544 290 879 699 462 682 577 630 46 396 708 511 25 896 588 664 442 294 815 941 299 291 844 248 379 97 180 713 137 756 295 514 592 809 335 368 663 337 241 45 100 259 493 691 820 544 186 219 737 664 206 275 521 394 202 998 839 8 895 942 944 585 743 252 828 456 850 360 918 257 67 860 178
660 110 10 419 562 696 95 686 100 3 775 638 180 437 519 588 275 588 281 851 825 240 98 790 90 756 704 135 126 475 79 196 257 627 274 296 993 337 319 931 591 769 739 247 12 919 301 624 596 39 943 343 448 501 22 924 997 90 771 629 258 732 209 735 728 129 487 471 82 464 512 102 459 116 781 279 774 117 517 878 297 549 843 503 251 44 637 920 988 264
693 876 836 28 72 933 43 324 963 917 344 322 350 913 765 505 985 67 384 460 227 282 692 553 129 256 645 591 123 680 275 273 482 410 854 630 974 60 624 558 324 630 1000 908 725 394 106 451 737 887 763 646 866 825 483 799 318 550 667 563 387 671 526 705 271 457 172 517 800 575 241 678 525 318 421 600 992 124 436 894 595 734 533 416 799 549 456 36 324 700
489 836 899 441 97 764 903 317 763 271 649 514 740 285 107 680 236 443 268 188 409 567 946 285 570 542 798 956 793 907 161 312 106 286 565 882 96 488 646 948 223 206 503 721 748 89 441 305 744 9 629 140 619 649 875 328 334 91 107 401 697 657 825 243 402 845 878 591 751 230 793 520 835 528 548 49 908 766 714 581 990 262 23 746 424 169 472 378 955 157
322 376 683 801 198 100 38 45 754 851 242 572 250 486 436 839 13 756 922 551 509 799 961 190 422 672 258 2 239 584 912 207 798 605 717 200 798 173 250 834 988 433 373 549 856 81 941 448 958 936 697 944 515 516 630 844 221 956 991 432 748 406 287 604 229 428 186 801 180 906 401 415 169 599 596 318 436 222 674 143 851 968 733 605 498 103 824 854 473 129
426 720 577 767 84 754 616 73 374 488 893 113 520 474 37 800 396 594 948 248 489 224 527 520 9 139 581 909 236 398 830 467 966 653 628 800 76 3 142 145 828 434 92 412 698 605 708 825 615 837 547 357 75 431 639 876 531 758 761 258 966 82 264 495 361 36 408 117 347 524 834 535 282 74 701 719 828 950 50 516 146 324 253 471 31 239 895 936 374 497
56 58 313 196 850 255 494 696 177 913 76 474 943 199 3 237 884 608 905 679 626 175 153 722 438 674 574 814 27 177 558 368 816 600 529 473 866 361 201 782 180 545 667 143 962 117 403 430 654 825 446 925 921 476 121 36 963 860 543 862 366 169 495 640 901 265 340 357 818 584 5 873 844 993 229 616 399 357 246 393 662 222 102 916 59 425 732 277 431 46
995 501 277 950 597 828 201 824 771 508 735 335 192 789 901 612 766 713 898 139 832 107 608 901 870 720 988 937 815 282 687 271 729 21 956 707 828 112 378 594 884 138 924 693 781 215 124 847 705 381 62 724 245 63 536 815 850 621 48 992 527 422 301 793 347 779 903 20 768 929 707 131 683 635 455 251 840 258 148 693 27 434 624 930 745 754 155 435 61 215
42 123 358 349 191 113 69 820 538 773 253 394 32 590 515 243 698 934 69 178 209 179 671 971 724 667 240 847 988 83 291 546 7 172 513 692 408 715 380 730 896 395 895 976 462 464 657 102 706 283 1000 572 743 837 602 315 774 738 126 154 551 164 409 145 539 689 573 894 989 82 188 530 118 48 530 870 648 797 384 751 242 637 413 443 827 543 95 880 138 123
447 936 601 426 411 930 985 237 228 23 865 219 176 791 832 394 714 217 458 369 229 812 184 151 608 900 127 52 851 76 451 19 183 124 333 624 988 831 735 748 844 708 720 553 132 495 162 540 91 724 345 7 723 199 798 119 301 738 122 497 401 676 998 164 747 755 135 187 608 102 719 90 847 929 782 937 413 5 224 322 993 483 991 219 679 741 41 713 432 186
157 337 214 924 727 580 901 616 883 614 340 649 662 915 595 176 744 847 623 245 229 72 377 27 418 307 253 923 861 327 429 463 206 978 389 224 786 126 522 991 550 879 780 285 304 243 67 344 672 271 837 642 798 770 45 799 366 497 247 267 334 519 144 517 464 853 291 340 234 989 686 437 523 575 371 526 904 511 330 754 405 684 452 513 639 629 98 811 965 97
148 370 511 371 709 745 567 633 828 580 981 240 878 597 254 357 126 432 132 2 302 92 816 883 407 975 732 708 21 900 917 489 502 404 990 753 137 294 320 368 723 380 189 248 932 292 492 763 848 55 934 320 698 418 799 439 851 590 232 18 344 982 193 19 921 324 301 284 62 537 558 183 84 336 374 642 61 461 487 574 998 151 683 261 802 262 189 477 475 843
48 13 656 612 838 147 786 608 616 560 121 181 821 601 500 819 510 667 302 972 678 913 115 107 766 133 889 855 566 961 180 810 152 97 482 970 463 791 621 635 573 497 63 494 217 707 599 451 111 533 985 582 210 874 180 713 637 756 21 30 303 654 577 487 28 40 96 836 320 561 765 896 166 396 418 689 983 665 376 506 559 718 468 166 665 946 829 955 826 223
937 441 779 649 711 78 80 255 328 359 237 613 831 965 768 11 39 897 234 294 396 773 823 9 641 753 902 272 672 567 546 152 153 564 310 918 26 291 487 27 700 871 963 985 638 524 455 996 435 955 990 359 998 512 190 794 814 178 285 990 196 935 73 709 401 721 612 913 789 185 246 415 282 718 540 886 47 106 511 50 600 2 352 504 27 936 143 398 149 726
682 817 35 56 66 113 733 487 370 61 524 790 249 134 748 163 39 195 917 467 651 497 131 962 227 197 438 15 725 119 348 264 250 668 73 686 451 968 265 687 707 310 196 156 548 391 560 159 789 786 557 92 553 109 721 600 99 729 556 754 477 859 829 12 936 508 107 757 158 511 641 791 875 698 993 945 714 627 129 800 20 936 762 39 27 171 565 919 700 576
856 676 11 445 638 879 824 653 845 825 672 712 617 843 607 835 734 95 272 767 914 994 719 401 585 384 277 29 930 676 723 352 271 299 883 953 538 468 495 482 770 486 436 673 237 534 49 13 951 971 42 488 809 448 482 856 989 189 269 185 990 178 787 931 556 298 272 435 196 431 224 424 639 880 952 333 721 420 760 934 169 1 444 680 745 302 986 538 347 873
469 978 571 606 96 765 364 476 311 767 618 789 551 995 487 107 254 415 241 626 293 584 928 85 10 133 53 952 49 74 470 599 355 756 471 730 591 724 66 375 756 129 831 58 281 646 327 730 675 398 113 747 22 263 935 147 375 218 531 579 734 685 371 885 345 291 277 285 418 762 355 917 123 550 655 696 312 134 650 603 579 819 877 891 198 297 555 511 960 739
366 515 658 647 22 861 387 27 512 192 512 123 187 923 703 265 374 254 202 47 325 16 490 931 498 455 185 592 903 365 833 733 474 427 963 996 434 653 143 281 646 97 706 428 189 733 454 718 248 421 739 388 891 822 491 83 42 498 587 240 856 400 430 890 939 119 956 255 740 279 647 159 898 644 374 529 77 864 114 857 336 419 117 730 9 49 611 621 778 617
657 966 609 598 826 64 509 668 865 421 647 800 336 603 840 628 671 310 649 830 496 70 644 363 22 773 954 669 942 479 623 839 246 206 983 369 443 26 364 173 870 841 543 396 550 680 683 325 225 958 834 75 595 289 279 18 9 824 451 806 336 980 779 129 167 500 150 367 187 323 420 974 128 112 921 391 45 946 545 748 272 126 222 293 41 159 693 643 443 280
479 320 428 681 787 673 78 755 105 186 142 266 961 412 834 590 801 213 928 638 973 596 289 858 809 847 956 482 586 707 383 969 251 663 464 136 284 22 913 768 988 143 178 296 567 642 41 142 234 538 68 110 339 857 479 165 694 477 697 88 242 453 433 774 755 703 222 590 832 298 123 135 428 538 265 386 258 477 991 518 993 129 165 944 791 920 590 316 10 458
876 860 305 149 781 844 42 99 451 352 749 969 393 955 269 343 665 45 638 152 322 431 857 216 535 278 773 93 51 122 424 155 496 58 620 616 608 374 916 425 218 89 589 807 486 577 970 842 412 763 903 880 429 440 511 449 189 294 865 354 81 292 893 213 27 231 157 433 924 18 14 131 601 405 166 529 486 188 799 823 838 546 553 232 405 531 910 162 997 627
671 798 68 22 580 898 935 581 321 413 247 122 988 431 698 96 450 90 821 745 641 481 525 877 264 756 677 388 851 149 897 281 139 186 33 116 826 87 865 930 84 415 645 466 137 671 986 278 191 15 456 508 948 342 507 417 225 313 33 433 658 159 606 365 633 500 538 881 539 640 868 312 90 484 857 831 146 160 645 196 63 971 497 449 955 608 397 80 814 122
997 644 830 148 967 897 678 8 453 74 282 937 982 637 312 846 607 893 802 542 574 12 592 27 751 323 43 701 759 311 452 644 478 586 939 1000 794 867 508 264 806 746 827 582 265 684 600 364 875 640 286 677 682 764 13 970 851 967 823 335 973 627 960 281 823 86 62 255 57 118 296 642 543 846 659 731 18 642 495 655 769 667 681 369 918 167 146 788 235 256
444 915 722 295 508 512 908 413 290 709 865 190 126 490 926 594 870 939 277 857 58 509 654 683 168 950 867 121 98 974 930 939 493 173 731 215 901 371 521 698 245 318 142 583 402 875 286 274 247 524 486 71 715 842 173 371 734 655 456 662 907 99 164 76 119 530 292 303 744 830 427 915 848 325 147 381 249 737 12 489 346 608 928 694 896 473 347 520 400 210
152 186 544 232 518 814 581 699 113 891 935 237 541 394 513 344 886 949 693 257 194 851 332 165 912 444 859 694 986 566 945 610 382 954 397 608 243 718 892 319 830 984 112 237 971 659 996 601 521 225 363 758 670 358 465 501 250 372 722 638 760 232 518 58 703 809 694 735 999 672 720 761 374 120 189 754 226 44 548 718 217 207 576 125 204 436 284 149 490 378
327 748 761 459 562 695 471 346 935 586 830 391 195 77 710 801 892 455 877 263 798 961 41 26 270 33 526 978 738 385 147 235 720 924 423 19 682 589 137 891 859 740 373 32 524 782 186 814 751 336 264 832 461 255 703 102 635 63 410 859 190 205 987 553 647 123 304 604 602 577 771 160 592 970 7 775 493 602 142 235 444 673 839 148 766 20 533 711 705 89
947 868 837 637 60 338 778 109 855 177 341 437 367 195 321 143 128 616 658 979 429 220 470 615 791 351 20 948 64 570 878 854 382 105 706 213 627 353 651 180 112 334 264 198 498 697 226 664 717 894 153 438 300 118 704 622 771 149 764 723 852 665 284 215 925 157 250 961 3 314 176 942 216 873 102 311 63 399 168 951 136 621 979 248 207 835 128 545 311 185
361 677 132 90 785 474 774 861 928 317 178 953 324 511 418 236 907 958 364 1000 85 459 416 547 990 155 562 361 409 132 528 960 64 38 894 248 471 787 333 597 145 964 410 498 75 594 50 244 868 574 219 264 118 893 462 962 534 260 409 59 902 539 217 293 445 649 668 303 28 53 468 408 361 428 600 785 744 123 92 220 53 506 945 43 719 459 872 6 486 15
111 357 229 436 590 398 963 564 683 339 883 972 329 659 963 55 935 323 377 407 701 345 833 952 842 981 76 121 913 420 771 415 9 43 361 56 51 844 534 529 255 424 287 557 599 753 315 698 13 155 761 73 576 407 125 498 778 498 529 474 397 624 40 562 515 641 358 557 21 30 67 109 315 203 838 883 498 672 510 841 532 565 156 406 698 425 196 581 44 103
595 290 784 358 362 115 401 116 912 966 39 238 590 349 348 94 499 170 687 994 408 664 521 525 462 601 901 28 571 918 253 223 332 374 879 649 308 525 286 62 467 728 565 17 330 67 110 855 842 343 321 91 268 907 728 855 931 878 879 51 278 311 153 718 137 89 645 46 995 646 928 693 163 254 524 874 107 164 589 617 903 453 732 569 375 134 949 959 727 402
147 836 895 197 892 136 895 199 727 361 395 632 41 28 580 660 486 214 974 572 677 584 846 921 189 813 308 629 171 922 622 464 310 505 61 100 441 961 480 733 383 493 318 520 926 103 250 215 785 481 391 847 969 336 354 598 519 206 799 804 600 586 764 237 290 182 898 823 470 533 921 751 779 63 955 986 346 738 505 379 489 487 593 1000 407 310 73 225 758 270
238 830 494 757 653 212 637 841 834 260 893 257 799 839 686 66 852 242 843 506 669 34 897 115 977 861 80 644 662 5 830 298 106 433 409 510 893 25 779 251 826 990 651 255 412 219 837 44 269 356 187 961 770 778 436 337 546 193 955 280 941 110 380 270 482 775 975 89 24 81 422 699 262 384 219 709 134 927 859 678 867 468 159 189 836 455 953 71 969 175
459 885 962 825 394 725 55 878 530 507 610 335 668 259 793 912 51 654 879 198 636 743 170 22 42 497 935 580 985 343 697 996 451 791 873 449 39 156 456 944 471 486 55 584 24 488 439 296 453 518 413 876 364 289 717 246 570 777 687 829 626 950 695 973 896 946 878 658 516 942 615 34 770 56 788 839 615 270 158 61 342 937 474 542 496 185 881 647 937 369
113 655 591 15 175 556 318 226 638 161 847 640 24 960 775 483 171 816 107 832 495 859 730 196 36 255 338 26 889 759 84 941 415 21 108 447 812 982 665 524 187 218 731 94 984 158 538 509 321 792 130 515 712 958 492 833 734 556 937 26 234 248 935 170 46 916 614 354 690 567 252 139 930 808 564 380 794 728 958 273 114 162 352 466 229 514 817 454 779 544
142 698 567 280 142 787 650 574 784 595 190 67 356 946 39 903 191 925 587 986 160 652 747 963 159 682 593 227 693 590 585 623 151 401 221 537 660 427 752 354 798 239 716 910 813 815 406 499 271 221 807 647 444 712 374 558 485 271 425 205 612 653 147 750 399 145 103 496 774 440 210 442 460 674 495 731 283 262 100 641 328 306 921 117 357 99 121 527 805 469
288 620 74 815 509 920 626 263 738 121 432 69 478 570 199 807 35 728 690 945 923 965 654 478 542 166 49 127 110 371 467 287 427 979 250 809 451 346 485 278 809 992 254 911 918 30 458 331 245 480 733 645 704 882 358 438 721 312 386 922 810 526 436 338 78 136 858 413 720 927 611 995 721 321 148 968 576 579 842 665 505 422 57 599 744 932 563 829 598 525
765 799 458 138 995 865 164 557 428 513 450 115 224 906 549 639 133 94 470 53 721 319 218 199 602 850 821 719 289 88 42 106 981 930 145 341 884 193 809 631 845 488 212 259 856 518 658 136 238 988 174 111 525 95 205 312 964 722 68 128 61 179 473 187 680 944 282 915 564 974 362 51 632 822 738 562 16 300 60 959 955 269 378 101 377 85 277 699 178 843
570 363 730 321 494 636 680 467 731 575 966 19 219 763 450 159 464 357 851 544 198 351 896 591 632 699 306 86 247 861 273 345 657 27 916 735 654 353 234 73 302 949 150 765 695 652 696 703 666 991 413 789 364 38 232 230 770 670 322 390 470 266 189 784 879 972 183 25 549 966 994 165 985 346 672 432 938 658 660 939 252 788 851 40 187 270 985 716 982 50
367 185 343 54 170 253 182 75 128 634 333 567 316 507 79 449 745 407 705 289 498 989 906 977 847 909 567 68 277 543 399 506 365 18 461 973 820 434 364 411 738 647 301 496 91 271 219 750 460 735 472 852 944 131 480 169 176 71 163 940 552 313 617 714 142 830 733 850 630 557 28 24 833 252 327 108 44 445 203 726 509 772 650 25 992 112 794 329 607 411
500 34 704 616 319 559 576 216 915 115 581 713 809 263 18 604 143 761 611 873 698 581 560 649 196 26 631 272 629 236 826 493 157 474 919 343 255 220 598 726 394 90 749 651 169 819 63 300 258 369 988 712 516 197 538 851 785 949 785 471 475 439 980 648 635 776 34 378 76 453 612 697 454 693 450 877 39 705 159 896 516 369 115 109 253 309 502 598 158 820
705 706 297 997 545 97 713 391 253 86 290 927 183 472 324 662 336 364 150 212 179 611 656 125 123 4 416 54 488 509 438 749 933 995 715 362 645 756 260 205 76 517 205 509 242 733 112 674 970 901 756 992 937 690 402 977 721 449 755 982 541 853 438 338 351 608 534 219 205 596 167 173 947 717 801 36 49 53 637 749 469 523 84 826 748 817 959 89 281 456
665 329 464 482 769 72 108 796 228 643 516 102 511 842 757 392 242 551 137 91 575 947 213 538 242 566 568 651 739 289 439 901 318 33 5 55 292 491 280 979 962 166 567 350 543 313 311 444 964 914 5 236 371 360 917 94 450 246 153 901 89 949 526 421 462 797 872 305 370 631 510 737 901 273 432 407 724 559 517 397 403 346 337 308 349 464 299 227 424 305
252 810 254 321 571 10 237 54 662 180 576 792 43 194 767 207 373 6 10 110 722 501 891 579 729 943 704 103 169 917 328 496 300 1000 37 856 778 506 719 218 138 379 146 33 212 323 405 341 937 366 700 587 780 985 712 887 402 744 585 17 292 865 749 865 205 368 51 224 279 232 720 21 776 179 67 352 186 526 52 670 233 164 838 946 253 918 214 548 143 820
643 945 672 274 21 767 396 593 907 827 422 824 77 361 381 832 87 415 540 497 550 815 800 540 821 735 466 326 617 62 404 382 363 797 192 652 675 407 140 37 810 615 810 167 600 893 652 477 411 204 492 815 817 795 298 194 797 493 935 935 453 504 389 435 412 759 745 491 4 20 889 17 923 870 696 559 238 474 953 703 91 41 600 948 712 718 907 97 145 274
935 396 238 998 719 711 51 460 304 35 826 755 600 720 955 629 476 998 883 830 976 137 570 235 554 165 918 541 968 14 934 121 863 546 425 613 549 325 212 257 294 336 234 127 611 184 405 504 834 390 867 77 238 984 37 518 238 84 361 683 667 692 455 37 379 803 696 376 28 698 466 808 754 271 544 652 672 274 382 483 821 13 107 450 78 184 351 983 194 495
979 477 395 736 88 84 695 540 80 716 334 714 537 358 542 858 464 759 3 621 898 954 922 886 397 609 772 629 949 224 280 864 266 710 785 278 711 16 239 410 405 484 929 144 590 23 984 359 878 987 262 771 100 241 773 166 894 622 445 890 618 981 213 5 585 762 955 682 557 646 870 472 444 476 272 793 413 6 274 785 87 301 375 369 616 363 274 455 155 102
572 764 195 284 725 249 660 486 20 455 337 42 770 690 471 409 288 185 25 121 848 20 69 392 569 730 371 310 173 7 598 909 213 622 947 88 284 609 902 861 688 842 669 448 933 228 276 390 635 803 238 363 40 357 613 912 257 787 161 996 409 856 292 302 964 229 63 532 805 911 501 324 548 214 549 212 931 114 45 679 503 820 881 423 228 102 299 530 426 912
349 627 211 184 570 773 454 13 474 766 278 864 108 998 891 608 790 210 282 113 184 113 800 192 438 739 578 845 404 265 296 332 436 333 543 330 386 159 446 562 249 16 305 801 823 7 305 652 707 686 836 387 63 760 736 890 944 825 547 140 362 114 767 965 985 679 489 850 34 951 192 223 616 120 930 941 186 44 26 581 969 108 22 654 760 591 997 983 540 262
894 153 563 136 963 540 425 445 509 285 245 129 449 408 498 480 199 40 169 256 651 704 932 47 812 13 373 330 410 74 149 798 726 831 529 535 385 448 23 571 870 37 238 138 923 283 35 709 994 22 824 856 199 361 359 469 834 508 924 669 444 593 1000 158 750 923 842 612 340 923 752 269 9 952 979 494 260 690 320 939 152 363 467 991 354 923 166 168 267 239
239 13 854 157 624 784 411 527 152 298 929 657 311 815 10 129 94 479 992 2 61 814 77 92 686 929 241 531 198 917 941 35 772 294 324 781 754 64 625 249 177 566 642 888 577 805 12 844 341 179 321 134 165 394 165 427 589 323 134 37 379 40 986 674 350 611 34 739 937 956 755 475 599 771 829 122 505 626 501 413 859 782 693 963 604 962 972 574 596 616
656 628 952 597 566 786 857 240 388 52 866 143 135 315 192 277 886 995 924 860 647 640 972 851 671 317 496 580 61 432 399 349 304 957 746 632 167 238 552 170 615 972 961 316 231 844 734 849 719 601 205 485 463 489 891 886 828 311 810 835 77 885 818 549 124 596 820 381 135 498 913 652 822 262 609 33 8 586 727 787 534 758 161 131 897 469 502 668 719 670
248 154 608 713 898 964 599 460 379 432 196 250 279 690 630 615 942 464 821 786 734 181 294 406 188 312 920 943 864 296 276 982 558 558 681 249 473 791 789 42 698 733 327 162 502 785 961 602 285 375 732 614 871 749 339 182 801 417 786 563 333 495 807 346 144 324 774 431 628 186 346 74 38 128 503 375 106 612 653 132 250 512 71 932 629 7 202 578 12 794
865 221 401 428 429 255 232 382 81 425 751 31 827 351 922 684 679 491 263 424 982 793 376 944 707 110 198 502 518 230 155 527 250 121 616 723 921 105 93 97 783 282 407 732 363 174 923 734 866 124 409 808 950 868 675 795 396 690 709 206 731 381 487 500 400 779 110 713 831 515 641 905 332 406 342 557 855 170 996 171 701 109 140 448 499 427 353 997 422 523
686 500 6 940 254 669 89 736 855 473 75 354 504 850 731 473 905 173 705 809 322 45 740 218 396 429 176 135 483 554 956 510 829 19 170 951 340 974 799 546 287 784 546 329 71 872 433 208 821 624 783 461 105 241 602 543 813 483 377 743 591 230 723 581 830 855 571 65 92 586 71 135 306 889 31 398 513 46 930 205 500 443 332 210 523 579 437 25 235 540
699 101 705 524 199 54 693 509 21 319 971 671 653 186 884 936 622 627 627 930 18 502 420 961 293 45 535 807 47 298 282 230 857 446 956 650 468 451 678 249 541 20 956 663 300 783 809 50 732 468 705 983 349 118 735 111 741 146 991 265 933 448 966 381 127 461 661 34 854 938 45 165 245 885 188 584 866 739 37 842 524 654 166 840 654 176 723 312 568 429
848 141 235 318 883 948 538 7 944 66 24 814 478 48 388 990 198 644 905 40 420 557 730 445 631 978 19 651 938 312 802 313 397 159 460 432 101 823 100 392 375 476 647 436 661 243 539 915 487 648 574 60 155 950 882 741 455 874 710 792 314 356 296 691 530 338 246 826 457 11 627 251 737 373 743 734 830 636 928 55 451 856 228 697 900 561 97 305 242 890
115 20 270 655 868 750 29 300 659 80 361 571 347 805 976 633 475 977 421 78 806 239 725 952 665 581 620 259 402 910 582 87 832 724 761 189 821 367 991 695 591 375 370 452 806 890 584 572 937 962 510 414 489 230 457 812 583 907 687 231 137 775 348 997 79 699 457 867 436 170 238 368 232 986 152 625 706 125 582 866 891 444 885 719 966 521 348 856 227 632
466 602 83 282 347 192 637 741 273 661 671 467 390 52 385 156 272 462 299 283 270 991 878 283 559 894 232 900 930 255 433 894 511 199 714 848 460 171 926 158 964 286 425 845 83 197 869 467 724 768 547 312 235 375 854 491 78 6 843 491 62 79 837 667 139 186 245 160 86 468 14 266 912 730 646 636 159 584 65 874 290 402 560 743 369 661 542 48 111 635
139 793 444 234 562 761 723 200 437 372 778 294 896 341 16 621 371 54 297 713 185 838 932 208 373 573 253 151 748 903 943 730 853 730 937 702 885 822 1 461 40 905 943 996 633 132 784 332 355 245 251 676 96 585 959 127 822 822 195 423 194 346 424 462 868 700 769 973 26 973 307 867 217 682 271 355 829 769 828 627 178 854 297 924 115 409 104 427 416 453
990 67 493 855 7 540 772 681 87 372 397 210 27 832 892 196 870 448 136 778 16 157 588 724 240 943 463 40 194 767 366 791 227 829 304 249 881 167 210 54 48 175 961 690 223 912 277 667 17 237 750 242 160 390 134 996 851 687 277 172 688 807 12 831 69 114 497 796 312 219 489 310 7 482 124 55 74 598 833 730 724 495 818 69 176 738 979 938 695 522
244 1000 32 983 830 811 289 718 850 268 730 13 469 934 193 17 248 423 591 614 891 279 282 746 9 472 724 118 191 577 736 570 943 505 348 956 481 21 314 501 296 70 841 880 354 586 481 848 185 109 756 893 528 363 87 834 527 373 728 62 143 534 809 621 993 161 954 578 608 121 341 299 167 76 435 505 45 229 300 923 549 549 620 182 802 717 272 867 48 498
912 965 805 77 991 37 279 502 325 700 863 700 701 124 219 436 34 603 761 28 693 469 750 611 186 798 23 575 489 601 991 145 272 479 976 841 589 983 373 234 232 518 91 146 591 252 71 841 124 771 690 299 161 436 858 731 204 951 194 821 981 271 122 664 324 985 41 479 807 191 334 267 113 389 382 247 223 894 664 815 340 212 909 653 604 978 795 993 733 464
600 493 513 683 835 242 528 430 566 859 611 913 64 52 179 68 887 510 816 224 186 658 765 154 268 719 153 173 245 18 33 627 995 433 288 95 775 44 728 434 586 600 90 841 565 777 2 719 655 972 70 572 481 870 901 737 670 997 292 815 606 793 227 636 754 181 431 961 25 736 992 298 609 811 443 970 282 175 82 347 132 908 886 519 944 472 199 127 132 530
682 165 936 738 769 63 262 551 105 923 743 644 709 553 679 216 391 954 994 880 815 755 977 443 860 382 477 802 343 317 420 587 511 75 16 993 902 713 572 489 435 738 771 530 913 252 497 722 925 115 859 114 461 580 290 709 619 771 330 682 80 353 409 987 550 285 642 66 222 278 361 575 120 442 418 8 449 446 954 30 535 11 103 151 383 681 115 902 991 315
675 235 520 238 191 144 795 991 490 817 773 96 80 511 909 215 791 169 306 868 319 495 657 172 531 821 587 830 345 945 126 42 406 833 442 721 850 747 460 173 755 451 703 294 478 938 766 901 704 601 966 281 242 923 672 931 683 255 468 1000 959 938 513 220 541 592 482 605 863 227 842 603 123 786 400 609 902 559 725 984 447 277 106 553 713 259 807 965 491 738
271 187 962 31 543 380 702 805 812 991 1 442 612 372 156 652 484 847 28 520 673 940 417 527 603 993 535 982 843 492 142 680 646 353 244 554 841 928 467 514 804 858 844 205 555 230 610 740 743 188 724 210 340 84 666 781 123 644 49 622 832 141 313 47 790 152 611 48 502 747 336 973 894 650 869 984 446 899 283 398 165 650 635 217 930 870 726 90 496 366
674 392 505 596 72 33 459 356 674 252 151 224 171 649 22 372 903 134 838 208 17 719 803 776 491 96 617 676 768 234 252 356 102 896 402 836 575 12 265 120 206 523 739 796 694 818 568 331 566 20 354 146 361 137 11 511 667 660 10 275 853 393 949 914 721 289 857 51 897 435 76 776 122 977 331 148 718 300 384 747 207 901 468 483 919 458 298 373 340 664
155 568 457 563 662 650 408 176 655 84 956 650 416 585 754 945 334 874 135 372 394 545 100 62 488 864 759 684 252 886 148 722 496 637 864 725 314 427 182 712 898 370 914 102 26 310 626 32 494 323 333 44 514 529 627 523 819 925 460 149 781 573 614 611 476 655 118 217 775 710 471 686 534 890 32 185 644 36 111 314 143 675 323 298 84 629 656 120 816 62
332 688 138 470 358 818 892 586 782 925 192 33 15 46 46 425 649 561 675 230 420 490 694 310 294 849 749 780 69 872 100 750 153 410 493 781 680 113 339 386 445 36 336 336 531 35 271 121 555 713 132 104 109 181 383 768 874 757 183 543 800 239 995 403 848 805 60 168 273 421 470 762 199 946 597 869 510 146 196 367 192 301 329 279 398 287 437 292 931 218
455 220 244 795 664 312 220 215 1 768 68 673 640 376 752 275 922 950 708 439 666 863 69 721 992 630 300 83 956 672 861 716 417 751 886 782 544 872 675 690 241 619 398 947 902 951 923 211 875 15 474 846 813 813 22 977 403 905 674 510 754 255 987 487 306 626 65 261 414 41 167 44 529 580 457 940 555 234 477 599 772 707 891 154 167 373 662 170 839 173
740 644 736 668 930 344 204 196 841 379 710 461 917 648 227 288 619 443 340 999 114 778 40 399 691 15 39 939 811 774 937 574 519 320 236 956 846 738 477 494 354 117 237 361 1000 586 421 802 696 730 429 112 726 983 125 77 54 763 791 266 167 651 227 15 614 647 362 940 635 497 63 246 336 679 7 657 278 151 97 870 570 950 817 890 405 332 630 796 993 544
91 80 431 492 539 228 741 597 349 470 316 321 631 616 64 948 591 457 329 169 349 649 911 258 220 113 602 533 287 837 623 843 136 751 30 645 636 249 248 205 586 263 727 118 410 607 165 537 602 845 430 254 892 799 658 715 555 785 802 180 756 206 372 279 954 117 930 434 185 76 916 908 228 387 30 652 58 919 460 10 811 473 945 529 249 810 647 749 682 150
105 910 489 723 965 129 556 180 933 744 24 742 508 949 360 974 309 72 741 324 823 586 383 433 294 406 482 177 603 675 140 212 99 8 186 495 341 717 242 841 364 561 580 525 68 517 522 532 458 749 70 515 508 726 818 344 208 417 354 901 265 786 630 639 107 221 667 646 280 654 514 864 595 83 408 212 689 544 244 480 15 719 952 288 63 250 175 668 636 574
988 868 293 846 651 42 839 809 577 476 922 177 77 165 301 665 130 200 190 586 309 992 138 306 721 662 890 281 250 471 806 601 246 241 843 98 535 883 129 672 910 823 216 978 929 100 920 151 237 364 327 886 487 406 628 50 404 409 707 80 328 591 178 287 67 849 440 387 120 452 309 710 319 440 669 724 474 17 478 993 837 348 448 649 878 304 748 411 684 742
861 347 700 486 260 595 183 191 703 437 735 483 969 391 352 813 693 964 251 456 220 339 86 685 382 142 735 280 29 961 599 888 972 709 356 785 311 880 854 416 21 355 379 722 279 128 5 761 644 701 281 20 69 138 796 274 124 586 358 363 570 337 384 347 197 851 25 636 152 829 268 935 892 130 141 654 69 396 859 881 231 133 88 379 183 224 970 160 462 889
350 205 400 510 539 276 811 657 105 43 731 67 429 472 402 54 988 75 813 718 396 192 265 646 562 919 932 651 798 90 345 743 428 730 851 948 507 439 474 586 400 546 220 503 189 752 474 546 274 461 723 340 389 802 951 556 46 254 681 998 699 244 183 511 755 910 54 895 574 510 55 51 569 701 686 766 176 914 201 907 75 248 293 410 115 652 347 236 598 434
346 405 125 803 551 310 71 421 567 499 263 191 837 743 105 607 646 346 626 331 897 413 852 256 157 18 448 402 483 442 190 480 507 868 824 755 922 863 702 411 296 413 122 910 584 20 419 422 432 681 591 334 696 931 625 265 600 530 738 102 882 626 91 156 431 976 969 6 702 623 57 684 318 519 603 742 156 643 756 973 440 582 219 455 458 458 893 438 970 876
739 183 445 799 761 762 59 723 522 907 293 314 911 235 885 503 510 331 702 883 807 359 602 661 650 579 809 245 548 717 311 902 257 398 855 86 699 878 11 827 288 491 214 19 977 614 432 952 471 210 272 262 617 121 793 163 336 549 731 610 939 424 34 99 326 745 468 658 101 12 203 299 551 140 138 415 510 95 429 118 162 934 17 17 725 520 538 618 89 338
339 499 94 773 160 263 808 395 544 993 764 367 910 575 875 241 751 10 200 459 518 397 851 508 682 616 8 30 281 672 977 485 326 108 224 822 709 838 873 593 552 692 556 109 426 19 776 983 472 119 795 47 856 113 158 271 753 574 517 640 490 839 469 874 62 74 445 632 605 477 903 278 519 410 320 577 345 107 627 505 929 963 676 709 742 783 375 947 545 927
737 914 864 269 719 654 137 473 427 983 28 230 629 263 865 725 869 630 688 748 894 996 239 738 494 42 446 682 59 525 750 169 472 784 712 493 460 380 611 933 659 711 221 71 278 135 58 898 294 481 282 800 726 91 989 103 422 570 322 133 364 520 309 430 37 109 446 828 681 953 166 553 12 652 973 747 432 418 679 580 664 838 237 693 184 810 199 519 408 800
775 862 879 369 305 779 268 447 654 820 88 592 928 642 735 218 736 742 358 869 83 160 390 466 67 222 206 910 209 366 503 586 217 360 496 387 134 59 114 161 756 699 702 30 356 963 163 988 898 388 932 803 994 954 205 535 689 983 5 306 504 191 143 651 219 264 500 434 344 251 875 870 771 699 600 613 326 97 26 456 142 250 221 841 289 494 472 98 11 285
898 971 927 223 390 590 851 912 29 275 44 431 322 411 728 970 192 332 587 608 944 448 273 266 63 458 595 199 164 814 668 506 23 716 651 362 285 169 75 694 704 345 685 379 932 21 479 131 772 764 934 323 834 42 479 802 301 714 956 905 509 225 82 364 522 577 366 659 66 790 224 389 402 737 823 658 236 974 212 522 422 292 931 591 3 928 580 453 499 846
848 666 206 854 415 901 285 383 638 239 249 786 885 648 117 662 791 584 582 731 315 516 12 821 351 776 352 975 900 535 765 865 260 276 243 40 968 571 54 849 70 930 509 305 512 662 167 188 48 259 536 848 935 995 144 605 933 674 669 763 586 556 543 248 235 259 817 901 952 281 920 340 747 447 979 424 91 824 826 680 502 413 164 561 949 717 488 743 89 856
29 328 331 960 741 54 609 117 612 887 757 404 46 155 79 659 318 969 355 19 772 933 509 690 318 602 273 725 175 720 279 950 476 458 763 96 347 711 83 364 183 659 761 694 390 538 224 977 979 160 532 484 735 368 26 152 619 759 174 814 760 387 404 850 735 493 478 622 637 360 76 556 886 854 713 301 579 454 370 719 134 851 633 461 73 676 960 785 206 483
394 535 425 757 203 726 34 565 39 88 855 973 864 219 430 922 825 315 960 306 127 238 129 693 160 92 12 877 675 201 68 892 799 993 325 761 448 215 256 398 787 129 373 32 555 459 915 516 76 302 235 499 261 205 683 73 875 260 590 424 824 566 376 516 258 849 368 171 143 240 22 715 687 709 27 583 50 320 736 240 184 201 831 348 647 70 302 589 535 505
674 656 498 354 343 689 751 820 773 616 685 286 983 578 500 224 582 246 784 400 442 593 831 136 344 353 737 494 262 563 208 896 435 770 709 345 901 85 881 661 538 35 509 845 48 141 657 999 312 248 345 325 44 453 806 488 482 487 664 320 592 457 601 427 799 489 485 745 733 845 502 255 274 712 867 200 228 161 32 292 422 425 857 907 227 871 217 459 424 177
0 71 42 28 1 3 80 1 30 95 75 99 13 12 61 25 92 72 12 60 86 31 1 44 34 5 68 38 10 55 75 76 80 2 33 17 84 54 34 97 32 78 18 92 89 95 16 43 51 79 68 95 76 35 69 99 34 36 9 86 76 25 62 1 15 18 60 96 78 82 17 15 39 22 20 52 65 17 89 100 63 48 94 74 91 43 44 93 33 3 45 99 11 43 10 83
87 0 18 9 68 83 7 97 46 32 47 42 10 13 1 93 100 59 27 24 13 11 78 54 99 12 88 98 36 84 41 82 30 54 26 1 1 87 56 62 4 70 6 24 31 56 38 46 31 60 21 42 19 32 99 55 94 43 21 13 97 51 35 35 54 59 62 63 33 98 66 88 20 81 74 97 98 8 9 2 25 96 25 30 84 82 19 64 44 96 9 6 7 69 56 91
35 87 0 99 48 29 59 93 100 18 6 47 18 84 76 98 52 42 27 55 57 41 76 26 15 55 53 85 44 21 3 53 44 22 45 60 52 76 28 85 25 82 12 66 30 80 35 60 84 78 67 96 38 2 28 12 54 1 38 52 44 73 20 90 84 9 54 73 82 99 11 90 75 68 32 18 11 95 74 85 39 41 83 27 75 66 8 12 44 28 10 98 89 48 63 23
69 53 40 0 38 71 85 66 59 94 8 81 99 50 12 69 23 59 92 44 80 33 9 10 3 5 46 37 15 56 80 40 80 30 22 66 20 47 20 67 9 2 34 76 10 14 88 9 39 42 65 32 75 80 32 56 89 90 29 20 80 73 45 74 4 51 68 69 86 49 28 35 100 35 15 92 13 69 39 52 92 66 5 15 81 15 95 67 70 21 64 42 96 32 54 15
20 97 52 32 0 41 38 98 30 80 70 21 37 78 12 68 55 96 57 24 80 61 39 77 79 45 28 94 36 35 28 20 45 96 2 24 72 51 70 73 56 16 33 73 36 29 18 39 13 93 94 35 79 31 59 91 100 92 33 85 61 9 22 54 2 84 76 17 60 94 44 66 33 65 70 91 48 28 20 97 80 16 70 84 77 28 80 100 86 73 38 72 49 75 5 89
48 59 58 4 100 0 25 41 17 73 51 24 31 10 25 18 70 95 57 39 92 17 15 86 77 5 45 82 10 77 68 94 48 20 86 80 35 97 65 61 73 32 22 87 54 21 35 68 61 85 39 75 24 51 100 49 69 48 19 21 97 88 44 45 12 58 89 50 27 30 80 99 31 69 54 63 30 29 23 65 14 52 92 60 66 64 11 36 5 17 25 40 68 95 68 73
8 6 80 36 73 68 0 17 4 34 22 58 97 60 91 88 33 70 42 50 32 92 27 65 56 5 75 1 93 19 89 27 7 33 76 14 3 71 34 61 44 74 37 75 12 93 58 86 74 17 89 42 70 24 49 49 20 87 85 8 22 10 74 93 3 50 48 45 21 79 28 93 54 36 76 9 75 75 39 53 10 46 63 52 22 100 93 91 21 22 16 86 94 41 19 2
73 80 53 95 72 95 23 0 46 15 4 21 68 68 55 57 81 2 66 1 35 57 18 100 12 71 92 84 83 29 60 55 87 32 51 93 97 75 25 90 83 47 29 65 79 30 2 8 87 57 8 63 48 13 96 32 42 97 33 14 26 95 83 27 71 84 46 30 90 10 88 42 85 73 16 44 23 46 94 89 18 100 25 33 59 52 9 60 27 12 2 16 56 88 70 70
26 43 17 74 24 5 43 98 0 59 30 52 38 32 34 65 51 75 95 76 15 68 1 88 73 63 24 63 67 69 85 89 36 33 91 1 35 41 36 72 78 65 73 30 95 70 19 73 91 16 77 10 36 87 87 99 6 48 36 91 90 57 68 48 26 11 4 82 30 10 80 6 15 3 88 38 11 13 30 72 20 15 87 38 30 95 93 33 48 76 37 27 75 15 3 15
23 92 4 59 51 15 80 28 40 0 21 88 7 22 8 70 57 51 20 65 49 12 78 20 77 97 3 7 10 61 4 1 42 68 72 45 41 70 84 12 32 90 84 76 25 63 60 87 19 86 89 94 71 73 78 81 45 4 39 45 29 67 4 2 61 32 8 63 59 91 96 72 73 92 55 54 57 40 73 25 20 56 56 59 19 38 83 25 88 26 70 100 23 79 99 58
40 20 35 64 74 62 84 68 91 18 0 59 67 34 67 11 80 71 66 64 48 89 92 87 3 10 2 15 16 9 19 97 6 40 26 77 34 49 39 20 60 46 57 38 66 37 9 41 69 39 46 13 16 42 85 16 94 87 29 46 88 34 92 65 60 79 21 46 77 17 13 36 28 89 72 6 57 62 51 33 27 54 8 92 68 86 94 47 24 11 54 4 81 11 63 80
42 34 38 63 22 13 46 39 81 78 72 0 71 53 28 63 81 53 87 43 24 63 44 75 84 61 41 17 84 59 51 42 62 75 17 52 23 73 46 4 70 86 48 100 23 85 20 2 98 37 98 91 89 67 12 56 75 39 15 75 46 33 11 26 87 27 77 88 43 70 7 52 26 47 3 65 8 91 9 4 19 86 87 61 68 22 76 25 83 56 68 11 6 64 70 27
99 2 24 40 93 20 33 23 92 8 11 69 0 29 76 12 57 98 29 62 92 4 48 93 21 21 74 40 22 69 20 65 68 69 32 96 11 67 40 80 55 15 45 44 91 46 11 8 72 81 76 82 80 37 90 97 18 57 67 48 51 58 72 76 23 30 42 79 62 76 90 99 85 81 79 46 48 28 77 49 35 45 49 49 58 23 20 20 34 99 14 62 6 65 65 2
95 42 35 22 96 89 29 70 53 80 96 98 83 0 74 30 1 53 70 78 74 78 7 98 21 75 63 83 87 56 39 39 99 75 40 58 26 74 49 2 90 51 10 26 38 77 96 77 90 89 55 13 5 95 24 31 5 23 100 78 83 8 27 77 48 69 78 5 49 91 84 28 59 99 59 80 99 64 75 43 100 24 33 33 19 13 30 56 28 63 11 56 18 99 89 40
45 51 66 27 53 35 42 72 76 4 41 42 1 59 0 69 12 48 79 72 54 70 68 45 56 97 40 84 20 40 76 37 3 57 46 85 97 17 27 64 18 46 4 98 24 40 15 65 24 5 48 28 73 23 49 78 92 76 36 55 81 82 55 52 59 21 90 3 17 28 70 97 78 80 93 15 86 9 79 52 66 44 44 37 40 78 20 60 100 54 36 87 85 54 41 33
68 44 15 75 45 4 81 29 55 11 77 100 49 46 68 0 63 82 32 75 54 89 27 7 63 76 94 3 98 83 97 93 72 46 43 97 47 12 44 66 76 33 6 6 21 27 76 9 31 6 46 45 29 95 6 37 88 75 89 71 78 84 31 16 66 92 45 56 9 89 35 84 39 30 85 5 53 78 72 54 8 60 94 74 92 74 83 67 62 70 31 63 15 22 29 1
85 87 83 8 98 22 79 5 97 24 6 70 5 81 12 36 0 56 96 95 65 59 34 95 95 29 64 67 14 31 14 9 33 100 54 84 61 41 47 43 61 98 40 31 57 93 64 61 62 49 99 86 60 12 95 4 88 45 94 1 98 88 57 17 3 4 30 57 62 56 34 79 88 67 13 20 98 25 60 36 69 38 17 62 82 37 70 11 55 7 72 75 77 80 74 39
95 47 99 97 9 49 57 99 55 7 68 22 49 13 79 59 16 0 91 14 3 50 43 25 9 39 90 93 14 65 45 17 33 5 68 37 1 96 97 38 82 94 90 5 20 78 80 51 44 31 45 53 7 81 46 26 56 85 26 82 92 80 51 2 89 59 27 67 28 16 48 31 58 60 68 27 23 69 3 54 1 7 15 43 59 60 10 36 10 96 36 75 9 35 20 98
37 50 56 29 67 78 13 11 74 85 34 15 31 81 86 82 4 87 0 29 80 9 65 78 51 41 69 43 15 40 82 94 11 59 16 92 65 34 40 38 70 66 94 59 77 35 64 29 94 100 100 35 83 9 33 8 11 35 98 11 55 50 45 26 11 89 20 78 61 40 43 1 61 94 26 11 17 91 32 87 35 100 61 50 85 7 96 82 21 34 66 92 63 26 56 92
64 62 83 7 42 94 43 3 94 66 77 19 78 36 46 53 59 54 38 0 53 26 57 26 81 51 24 14 19 74 29 18 32 96 53 32 89 51 7 44 75 39 66 20 10 36 58 46 99 23 1 96 20 81 42 7 80 79 55 92 87 77 63 93 13 23 16 12 42 21 95 81 31 78 91 26 40 37 28 53 29 84 68 18 44 11 52 50 73 20 45 80 44 64 99 96
64 3 74 58 65 72 39 12 89 13 79 64 57 18 87 17 55 37 81 45 0 59 87 75 93 42 54 40 97 23 26 41 66 1 5 91 66 39 3 75 95 38 15 99 1 90 94 82 26 60 46 83 32 28 42 12 90 72 81 50 87 11 32 38 20 8 70 50 93 7 63 98 32 18 49 83 97 34 3 10 26 61 3 58 43 12 40 19 91 66 81 74 83 44 66 25
47 100 5 29 98 77 80 17 9 57 73 75 33 69 34 14 48 54 12 70 7 0 85 21 59 10 90 3 20 44 58 19 71 49 27 89 3 9 13 89 39 80 58 13 7 33 51 63 95 24 83 34 94 43 30 84 64 32 34 45 67 90 30 56 56 91 23 24 72 95 99 47 25 15 98 75 8 35 5 5 12 93 19 20 84 76 95 74 7 53 35 33 5 90 79 49
7 69 57 18 56 40 28 30 83 27 81 73 80 37 90 53 50 41 16 85 11 53 0 60 6 40 65 29 74 25 55 41 13 57 95 92 25 3 95 76 13 51 36 51 94 12 15 99 51 32 98 96 59 43 99 86 13 30 80 64 24 87 38 72 57 69 69 82 43 85 68 45 13 4 90 7 78 65 84 6 26 55 53 39 69 60 41 8 11 74 82 43 59 95 74 17
64 72 46 89 26 94 99 97 21 32 32 79 50 73 56 29 3 51 74 55 24 94 47 0 3 51 63 83 71 84 89 52 3 24 29 96 62 84 30 21 7 83 35 72 97 44 54 100 47 13 35 29 31 42 61 54 41 26 66 51 32 25 1 15 54 59 1 57 73 36 33 58 47 93 2 53 42 86 2 11 33 46 31 66 82 73 17 53 68 76 6 49 82 76 71 23
79 21 99 95 37 42 15 49 98 7 9 86 81 39 43 58 34 51 28 5 85 83 55 100 0 35 1 80 31 56 68 83 73 81 43 96 40 52 22 36 70 42 14 47 57 16 31 47 47 82 75 62 86 43 50 77 20 75 48 3 55 56 41 17 24 88 29 95 85 20 13 29 37 30 14 52 64 89 6 36 45 41 92 80 65 98 13 12 44 7 85 96 74 44 7 1
13 9 19 89 14 26 26 8 87 75 15 94 88 97 8 36 74 88 87 42 33 28 28 48 57 0 39 90 54 9 61 83 47 46 2 52 57 88 30 8 82 8 35 84 54 65 56 81 97 70 66 67 86 32 74 52 65 98 19 61 14 18 18 47 39 26 33 81 60 12 31 97 71 87 65 30 50 24 29 22 6 61 3 26 37 76 64 99 40 48 56 62 88 6 97 1
37 47 34 53 26 65 14 56 52 16 93 56 74 2 62 26 94 64 79 5 50 34 22 55 87 14 0 5 87 95 65 80 4 93 73 55 89 78 54 15 34 7 56 91 40 5 82 5 41 15 39 55 35 6 79 67 91 39 16 26 90 35 6 40 12 96 100 18 65 52 79 10 93 69 14 52 43 48 75 27 75 4 16 66 82 20 21 40 51 97 35 91 59 33 39 9
93 4 1 62 4 57 83 99 6 67 82 19 72 46 89 3 56 5 94 20 31 65 69 85 87 23 26 0 89 48 85 71 54 3 70 76 44 79 89 56 77 82 43 81 17 17 12 27 27 44 41 94 58 61 68 43 98 3 19 14 47 87 22 5 33 26 59 64 23 14 67 16 25 52 63 70 44 67 42 7 69 92 38 90 75 77 99 87 35 68 75 62 77 68 32 95
56 79 45 9 11 89 32 12 91 92 9 14 54 93 87 51 6 62 47 2 43 15 86 100 35 68 13 54 0 32 12 53 91 40 81 9 71 44 7 15 49 63 42 83 60 55 36 23 77 82 96 28 48 6 46 54 68 55 1 11 15 71 47 54 30 44 40 20 3 86 12 32 9 60 83 43 77 1 52 23 71 12 41 29 35 25 43 55 2 67 34 7 32 66 25 54
76 74 64 96 69 42 22 81 37 8 41 95 4 50 72 6 86 50 61 10 84 35 58 64 37 71 15 35 26 0 81 89 34 10 48 5 83 84 91 47 11 41 81 58 77 13 53 90 70 22 98 81 31 5 60 18 65 82 66 56 49 24 65 56 21 58 83 63 87 80 66 39 21 73 20 92 83 73 26 31 88 71 57 51 92 66 97 60 71 94 33 9 80 58 25 26
16 64 23 15 18 18 21 24 57 64 32 29 92 31 94 62 86 53 30 33 53 30 45 88 54 83 40 67 19 53 0 29 58 66 46 84 40 74 53 2 12 87 44 7 25 79 7 68 97 40 59 91 90 94 73 48 9 29 98 47 1 40 12 82 37 5 87 33 77 53 49 13 87 48 19 15 98 50 86 52 20 37 43 54 14 35 12 62 28 1 55 86 90 54 44 47
86 41 14 27 40 54 71 76 79 99 83 81 41 76 40 63 65 90 60 4 73 40 86 60 13 53 30 40 68 45 12 0 4 2 35 33 70 1 32 38 49 22 45 30 17 87 25 35 59 18 34 69 33 95 58 75 61 31 1 7 98 23 89 88 61 97 51 22 94 78 81 35 71 80 86 54 62 59 89 29 62 67 34 19 73 20 11 68 9 91 91 33 64 13 57 9
87 87 60 95 54 56 4 21 82 63 21 53 65 44 4 50 88 82 45 3 47 97 52 64 24 33 73 30 86 27 51 26 0 57 47 54 74 95 60 29 97 11 77 86 72 15 28 25 9 75 81 100 91 28 21 57 24 99 40 51 69 87 82 22 48 63 82 38 84 86 97 11 25 33 94 38 43 29 63 34 2 81 92 22 48 96 3 27 47 65 73 10 37 73 37 74
90 98 31 4 41 76 3 76 8 56 59 73 66 86 39 94 42 9 37 20 62 95 9 88 14 63 20 41 79 82 8 95 25 0 92 47 47 29 16 82 99 59 25 76 2 40 56 2 65 88 12 22 33 13 72 79 50 100 27 56 21 92 79 67 77 12 80 50 68 76 52 26 28 93 55 81 14 31 45 66 43 93 28 91 82 5 97 75 7 37 23 94 37 14 23 6
68 91 75 91 98 38 30 84 91 3 14 85 12 54 23 73 60 48 91 45 63 81 100 6 48 22 54 25 94 34 92 57 100 79 0 7 67 46 66 32 50 44 11 66 97 25 8 63 2 29 9 73 68 83 75 14 29 18 62 13 46 88 60 68 81 13 91 31 34 71 66 78 30 11 8 100 100 40 71 68 57 68 65 48 60 66 53 74 31 71 9 15 1 22 84 88
53 100 83 59 16 18 32 34 11 16 55 47 24 22 13 23 82 46 23 46 4 81 85 26 32 93 44 12 90 1 61 20 61 91 80 0 31 12 10 98 50 85 91 31 23 26 2 23 17 46 3 56 70 61 96 37 80 72 58 91 96 36 40 89 67 65 19 1 96 62 44 38 79 24 40 45 32 93 77 85 79 36 71 55 9 62 98 34 33 79 52 32 92 52 35 15
30 17 16 95 1 12 23 49 33 24 23 100 59 63 27 67 76 91 98 100 5 33 92 69 1 98 34 18 11 25 71 62 45 33 54 53 0 58 56 16 27 88 2 56 48 7 1 54 5 35 41 9 84 84 8 85 4 31 67 7 2 77 72 56 8 56 82 46 92 76 6 63 76 39 28 75 74 88 82 85 75 43 77 62 99 74 67 70 36 12 56 45 34 2 29 93
83 27 18 54 67 86 56 51 60 95 60 1 1 15 75 42 13 73 92 62 35 33 43 50 57 49 44 11 93 19 64 59 4 61 47 63 94 0 76 20 48 91 8 93 36 86 19 88 85 87 29 36 50 86 43 68 86 62 27 67 33 44 35 20 5 35 20 24 6 66 43 54 11 65 66 75 69 40 44 57 16 44 74 42 60 72 35 57 9 17 57 49 30 18 78 18
88 92 66 89 93 58 49 64 20 5 57 95 44 23 66 17 44 34 82 95 50 60 29 88 12 13 50 46 96 96 77 25 24 19 19 23 10 3 0 16 96 70 1 100 71 38 20 22 89 43 31 11 38 98 58 34 90 70 89 29 47 74 25 23 2 87 52 21 8 63 40 64 54 34 67 100 25 13 50 67 68 41 8 98 75 26 15 85 70 68 46 55 15 40 33 12
1 76 63 62 58 46 25 23 4 67 1 57 91 23 58 17 71 13 54 43 86 88 74 50 6 74 61 68 38 86 25 36 49 9 35 23 79 93 87 0 19 67 93 77 27 31 90 63 85 86 12 19 57 12 34 99 74 7 15 52 15 88 60 97 96 91 10 74 84 33 66 33 15 34 38 88 1 68 47 21 18 76 33 80 85 67 34 55 92 28 47 52 54 65 46 91
95 59 72 94 81 7 27 92 24 63 27 58 56 79 39 85 84 54 93 33 11 65 38 85 88 2 27 77 99 69 60 9 89 36 31 53 93 98 90 19 0 28 31 47 51 85 10 44 14 3 84 23 85 35 24 45 82 98 37 75 43 87 48 90 3 47 27 2 93 34 100 58 90 29 86 28 35 77 11 48 97 24 65 32 98 13 34 46 81 95 8 2 86 85 71 32
3 56 8 18 39 54 6 78 50 7 99 98 50 79 8 50 21 46 62 35 11 52 54 39 47 34 92 68 42 11 29 94 16 64 74 66 15 9 65 24 98 0 32 11 66 96 77 87 17 58 1 83 53 75 49 81 59 39 91 69 55 62 23 70 80 67 51 82 90 49 89 40 43 83 22 37 87 88 36 43 67 81 14 31 26 72 24 21 89 17 86 94 68 92 38 10
54 42 46 36 36 97 64 95 59 40 80 10 10 28 72 80 51 14 72 39 45 76 17 20 27 38 60 20 61 42 32 5 76 61 4 11 13 79 39 22 44 77 0 83 82 31 66 81 11 52 3 39 79 2 24 20 20 92 21 4 31 38 70 84 35 7 91 49 28 52 7 14 37 25 55 49 77 5 11 47 22 20 34 67 18 58 17 24 75 76 19 2 6 18 98 84
21 17 28 81 63 22 32 29 29 84 25 64 26 64 24 61 63 38 59 1 33 73 17 62 64 95 98 15 70 90 3 82 14 35 21 69 59 54 52 48 69 24 52 0 79 26 65 43 12 33 74 5 88 27 10 41 90 88 85 93 26 23 70 37 19 74 5 45 40 73 10 5 14 28 81 95 59 24 28 61 4 55 95 84 24 62 57 17 32 29 86 50 79 76 57 8
87 57 100 8 87 68 70 97 80 68 63 35 75 29 40 82 24 48 91 93 57 72 60 44 75 45 90 45 94 50 39 16 17 55 26 59 24 6 19 70 74 60 78 43 0 23 41 38 66 50 65 53 39 80 69 72 92 4 14 1 62 48 85 37 29 59 84 89 26 77 17 32 81 3 89 38 47 11 51 73 12 12 7 97 46 76 74 35 64 47 22 87 78 48 60 22
19 79 81 51 51 37 33 22 90 17 5 99 64 100 89 14 98 35 3 59 87 6 19 61 71 68 8 32 1 79 32 99 41 1 92 10 77 33 47 37 61 6 94 29 5 0 17 8 40 67 31 76 99 54 100 44 37 43 55 32 16 34 75 32 12 33 23 83 96 5 60 23 24 46 11 86 29 42 42 91 64 54 35 17 81 33 88 64 8 86 7 22 63 89 74 18
92 77 68 29 67 13 54 49 27 65 48 51 1 24 99 24 93 56 49 44 41 7 85 72 98 37 93 87 25 11 3 96 4 62 55 74 1 100 51 84 63 5 72 72 90 82 0 69 51 84 74 43 37 55 21 12 27 93 12 77 93 7 75 78 54 35 53 73 34 92 87 36 97 84 56 100 5 76 41 7 66 16 18 89 78 91 41 27 10 44 99 19 30 39 17 100
57 93 36 17 62 58 49 52 91 5 77 97 35 67 68 54 91 26 21 73 29 97 94 52 21 73 42 66 81 6 58 76 97 48 60 69 96 77 91 83 91 35 51 12 84 68 88 0 76 27 98 23 94 96 34 73 35 4 32 73 96 74 4 61 46 66 17 77 95 42 12 16 89 1 57 15 44 42 37 76 55 37 19 68 67 85 88 81 14 2 26 44 59 97 6 63
75 83 10 27 44 67 38 40 39 69 72 22 11 4 71 8 66 90 57 56 21 43 36 59 95 44 7 43 19 47 66 67 46 33 67 41 4 91 77 36 24 94 39 42 87 98 75 61 0 90 41 13 14 32 98 46 26 97 5 94 9 6 34 74 89 35 75 36 81 67 38 28 83 60 68 79 84 46 52 15 54 38 76 43 88 55 90 55 66 21 70 43 52 46 68 100
14 30 54 63 30 44 77 3 46 72 77 23 24 68 38 9 48 30 93 74 85 55 24 49 40 98 39 4 46 16 12 45 21 8 78 79 39 1 34 66 12 15 67 28 73 19 60 91 74 0 58 44 43 84 73 82 33 7 48 3 78 88 88 62 18 59 4 10 82 82 80 31 65 41 21 43 82 77 33 11 11 84 2 11 97 66 82 78 84 64 67 27 99 39 14 86
78 95 54 64 4 89 93 63 79 46 98 20 32 11 99 18 27 35 11 52 96 100 69 27 36 74 39 71 39 65 78 4 12 54 63 69 62 61 70 82 10 78 43 3 98 70 45 93 17 14 0 12 27 90 48 53 29 79 1 69 90 21 23 39 17 14 39 9 52 68 6 53 36 17 74 55 76 13 48 83 24 31 82 70 41 84 71 9 92 15 6 28 17 46 37 78
76 94 98 66 59 65 96 64 53 20 97 22 18 45 39 64 43 35 98 72 66 53 21 94 25 38 45 33 68 61 22 35 56 58 60 18 18 45 67 8 42 51 51 5 86 89 69 70 6 8 46 0 78 78 19 26 32 42 18 56 38 98 63 56 69 71 13 24 31 91 85 71 60 25 38 9 43 8 65 76 75 6 61 67 88 92 34 98 90 97 53 33 21 8 40 94
86 88 22 62 79 48 9 80 27 44 22 71 52 47 7 1 16 22 8 20 10 93 47 100 10 5 41 68 98 66 23 15 48 80 63 83 30 58 56 41 36 54 93 99 100 100 24 76 36 69 96 70 0 73 60 41 38 58 18 56 16 11 75 12 93 12 41 75 59 58 20 15 80 32 27 16 39 84 39 54 89 76 45 81 92 72 11 81 90 95 72 49 73 94 4 60
26 30 25 94 52 5 39 29 11 67 55 63 27 63 79 25 87 45 58 38 46 12 59 71 38 76 35 99 28 46 17 26 91 37 54 8 64 98 83 67 88 4 63 86 26 5 81 76 44 33 34 53 93 0 83 71 70 20 99 52 56 4 48 65 7 29 15 10 24 39 53 19 92 69 33 57 74 48 98 49 28 39 60 14 85 4 39 65 86 85 94 53 3 73 26 85
19 70 66 68 64 28 63 60 69 23 80 95 9 6 59 10 56 35 16 43 90 68 56 18 100 81 6 44 80 4 62 93 57 15 31 41 31 67 7 65 89 38 30 52 32 11 67 57 85 22 31 64 40 12 0 84 17 84 76 83 36 91 80 51 44 26 59 21 59 81 9 33 64 17 38 15 76 12 79 39 57 11 6 94 29 15 41 1 55 1 30 41 17 39 14 10
43 25 48 74 99 98 69 85 27 13 87 34 23 3 47 29 40 49 76 1 22 43 58 78 48 44 39 75 68 18 65 74 9 67 53 44 58 42 84 52 66 31 61 12 17 22 58 83 39 35 53 40 31 96 51 0 79 64 60 39 42 3 79 66 55 8 43 62 60 27 21 77 21 35 90 56 37 83 66 25 52 61 22 63 18 84 54 61 13 38 62 26 38 28 94 56
25 70 81 38 10 62 39 84 60 87 16 3 17 12 73 95 13 72 38 11 32 42 73 7 91 18 17 31 19 53 55 43 25 79 99 63 53 39 37 94 74 69 5 92 96 59 17 37 49 45 94 68 6 8 5 57 0 33 14 86 20 29 32 18 76 38 16 35 71 55 74 53 94 26 95 75 25 65 10 64 46 52 40 58 60 48 30 87 100 48 88 92 51 47 8 75
42 96 49 45 91 94 28 48 77 72 50 63 4 42 68 56 70 62 28 67 54 5 28 17 96 18 73 68 45 10 29 82 53 99 38 74 75 59 99 98 58 80 14 35 75 49 54 43 86 36 69 61 33 47 22 24 67 0 74 40 57 71 90 28 60 10 4 86 73 15 45 41 75 62 71 70 79 71 98 78 59 13 69 69 11 87 8 16 60 31 97 74 76 47 67 67
91 81 50 66 15 15 6 45 20 99 40 55 98 68 43 94 3 80 69 38 2 46 29 55 22 40 29 47 45 98 32 92 60 88 89 21 96 7 100 31 67 28 63 52 21 66 70 40 78 14 100 85 77 4 85 65 64 5 0 56 26 71 84 50 14 79 38 10 4 31 7 40 47 13 6 21 50 83 5 4 90 78 35 87 69 81 91 50 88 43 86 13 64 42 40 13
93 44 68 96 43 44 10 50 42 75 11 9 73 29 97 81 47 66 44 17 79 65 28 98 31 44 68 29 97 43 28 25 49 56 84 55 93 100 54 98 2 51 79 71 1 50 89 9 52 22 96 10 11 34 71 98 22 41 78 0 22 80 70 51 97 70 41 14 31 11 75 46 67 33 74 29 67 85 31 55 95 35 30 4 51 97 67 12 38 34 84 73 31 42 66 84
31 61 56 4 65 65 72 57 90 18 69 33 66 38 79 53 81 25 77 63 71 60 21 39 93 93 27 4 84 10 56 17 37 32 94 37 96 27 88 100 7 5 82 64 11 19 27 73 29 59 85 93 6 36 12 16 24 81 96 39 0 70 78 59 60 60 65 5 78 28 40 50 63 10 10 83 77 22 53 59 53 63 92 73 27 88 63 30 2 84 60 57 23 76 16 92
18 44 51 38 49 26 68 70 15 50 85 47 80 75 84 46 10 37 72 41 96 82 31 30 83 18 92 16 55 6 88 58 67 36 74 94 98 61 89 74 42 89 31 37 90 7 27 40 76 65 43 29 53 35 21 54 21 65 28 59 44 0 44 75 22 56 45 74 83 64 21 93 31 36 93 39 31 22 49 39 94 27 64 77 17 37 43 32 79 94 36 96 4 73 95 25
15 15 79 32 67 63 38 80 76 23 34 52 43 69 90 40 4 63 54 47 25 84 19 9 8 12 18 13 14 54 94 82 86 32 38 38 48 15 41 40 19 90 6 16 95 58 60 17 85 48 47 92 69 71 18 8 21 64 96 33 56 44 0 69 37 34 85 50 22 28 82 89 99 96 97 8 10 22 94 65 71 94 82 27 3 21 13 88 60 31 54 82 82 48 34 37
47 76 45 46 3 34 97 54 61 84 55 55 47 88 52 20 30 22 9 89 6 17 87 49 18 38 22 7 23 73 73 97 95 99 47 35 33 1 74 57 20 10 70 28 9 44 36 82 30 1 28 90 36 66 60 78 10 93 28 77 4 35 48 0 53 7 8 5 17 44 83 96 93 54 19 12 34 22 68 35 50 58 97 49 98 82 6 57 54 75 77 88 90 45 5 95
49 49 91 61 88 68 55 64 58 7 19 42 43 96 15 4 100 94 19 70 48 14 34 8 53 50 9 86 15 2 81 87 14 53 99 45 3 10 12 57 80 1 9 36 53 93 61 100 96 35 2 80 70 37 54 12 67 42 86 21 39 76 2 92 0 83 72 76 27 68 48 48 47 28 62 41 91 41 48 86 30 79 9 67 35 2 24 7 14 21 53 15 23 24 37 80
92 20 34 15 16 25 92 22 3 81 46 24 29 63 90 6 98 31 20 1 7 69 18 31 89 14 37 97 22 16 3 23 45 77 2 12 96 3 57 26 13 51 94 2 14 7 57 53 33 27 91 62 76 70 23 43 18 47 54 72 80 44 89 35 11 0 95 38 82 31 33 3 84 59 34 6 6 36 48 98 95 62 48 87 10 70 27 63 100 7 30 81 70 67 96 91
8 41 45 3 54 49 29 50 36 39 79 50 81 58 8 94 8 94 48 68 10 17 66 79 80 31 97 90 62 68 84 10 38 55 60 24 99 66 97 79 25 53 81 57 50 95 93 48 88 20 74 41 1 81 92 37 4 95 67 93 66 67 71 52 25 82 0 50 31 90 93 58 36 5 80 93 100 78 17 15 36 7 28 78 47 64 17 33 91 77 66 29 13 62 64 86
22 65 81 85 41 70 44 91 71 7 24 25 86 88 42 40 10 77 55 5 78 67 59 21 84 93 9 78 15 11 39 37 97 14 72 80 81 72 61 90 11 79 98 87 97 97 88 34 34 94 88 57 33 41 29 55 72 42 51 62 10 21 64 52 16 85 12 0 52 20 55 10 53 80 22 85 38 50 16 69 34 21 82 84 89 69 79 29 88 31 27 8 97 72 87 38
66 39 96 13 48 10 64 25 21 58 70 70 67 48 22 62 84 73 94 78 26 77 44 41 12 85 59 37 28 30 6 83 41 58 20 61 32 34 22 83 6 29 48 60 92 97 99 11 56 52 36 42 74 2 32 82 3 66 32 21 10 75 81 9 67 10 53 46 0 92 73 66 76 20 66 28 39 43 22 37 32 50 21 17 9 40 4 13 8 17 99 76 32 87 33 53
98 17 9 36 12 61 99 68 12 86 12 70 28 40 2 15 93 93 100 5 94 88 91 96 59 1 67 37 87 55 9 49 32 30 37 71 86 98 23 83 15 10 94 58 6 21 79 75 22 2 53 21 46 82 54 72 67 52 50 70 94 95 46 38 28 24 33 27 28 0 99 58 99 1 82 90 68 78 76 66 97 22 93 89 47 92 47 86 66 72 38 52 35 92 10 61
35 50 65 97 25 95 68 60 61 58 74 68 73 55 12 78 10 67 73 34 96 100 58 78 93 57 71 77 95 77 36 34 61 38 10 61 39 50 86 80 81 89 96 78 55 29 82 81 42 11 64 34 13 55 60 63 95 72 46 85 12 89 34 80 63 100 83 53 59 18 0 80 63 42 40 18 29 79 9 93 40 76 68 40 64 96 84 75 49 88 88 16 9 89 5 27
81 82 52 63 33 63 34 22 49 85 1 17 62 38 10 77 38 33 12 54 24 79 8 69 16 69 52 5 7 78 65 63 34 81 14 36 86 93 2 29 17 77 14 41 96 2 93 2 84 52 96 77 38 48 86 66 39 37 97 45 61 87 48 18 82 29 78 84 7 39 31 0 92 36 71 57 90 95 89 61 76 34 70 48 67 98 65 87 24 54 61 15 88 14 72 82
81 91 30 11 36 72 79 52 3 57 2 71 23 87 5 10 12 59 38 20 22 61 69 54 53 55 97 3 69 18 53 60 75 9 71 47 31 97 87 38 30 74 11 84 18 8 80 33 73 48 21 28 35 66 99 47 100 80 44 83 37 98 14 17 4 50 12 88 79 18 85 16 0 10 40 73 52 25 62 88 25 20 65 66 92 54 88 37 87 77 38 70 15 12 44 23
89 5 72 90 71 66 71 68 2 10 98 37 67 60 30 71 7 19 17 26 60 91 53 62 49 97 16 56 17 90 22 84 29 9 99 77 37 77 29 19 33 14 50 70 17 1 70 79 26 76 89 16 92 77 16 89 97 55 75 26 76 18 83 5 88 8 1 32 48 36 19 4 8 0 99 57 41 82 14 12 74 34 83 5 21 75 73 38 24 40 31 95 87 60 98 78
58 23 46 80 76 93 2 12 50 76 8 91 13 65 81 19 2 68 50 76 89 43 75 93 74 82 26 75 56 48 84 14 55 49 92 100 4 96 33 62 5 8 61 15 59 64 80 27 73 71 55 83 71 78 75 91 59 9 10 20 36 38 1 80 4 46 5 7 21 96 59 17 88 32 0 58 82 31 81 39 37 10 24 53 30 99 81 73 86 10 4 77 6 60 72 48
61 94 87 33 95 54 31 13 11 13 13 80 31 40 69 64 23 57 90 29 84 14 100 24 76 17 4 51 36 7 59 35 10 99 23 88 12 8 12 43 65 51 27 58 67 2 33 17 71 13 2 57 46 24 95 13 16 23 91 30 39 82 40 44 21 68 51 71 59 38 82 12 88 18 72 0 8 10 43 23 35 52 60 3 87 55 20 10 4 59 8 60 20 99 40 13
84 68 42 30 57 88 57 59 37 27 62 14 99 31 60 92 62 38 37 1 2 61 22 21 1 7 80 88 80 19 70 63 66 66 83 33 51 91 24 49 58 62 11 29 2 96 51 52 86 29 28 29 51 42 20 100 59 93 99 78 99 80 100 78 60 15 100 47 83 67 8 9 59 65 29 40 0 93 42 52 59 70 29 33 86 97 46 59 3 95 86 49 39 59 30 81
29 44 80 38 56 35 61 89 23 60 4 28 19 88 88 34 52 23 54 80 12 96 66 25 25 45 5 70 46 26 16 9 50 23 83 99 21 62 25 82 87 64 31 36 55 76 92 14 5 17 93 13 96 88 34 50 72 77 62 58 55 56 91 33 56 37 38 41 57 77 22 43 37 28 43 37 63 0 40 19 79 57 52 97 48 54 74 70 37 10 51 89 89 31 43 78
29 30 42 92 94 84 99 41 9 53 76 47 91 91 4 52 66 27 55 70 77 92 45 37 55 25 78 6 76 25 45 98 12 2 85 25 68 43 52 25 60 7 8 87 99 32 56 48 46 76 88 28 16 48 53 40 48 11 35 38 53 78 77 55 10 74 95 45 81 86 88 83 15 75 24 19 87 66 0 77 55 100 5 29 39 73 10 94 98 54 73 18 91 1 17 92
41 64 7 24 84 51 12 4 51 63 52 15 15 32 71 26 60 12 36 23 95 84 9 65 12 64 99 63 3 20 87 88 43 50 49 96 11 92 49 79 85 15 28 26 51 74 73 11 16 8 38 97 89 9 13 93 90 16 57 1 61 74 50 99 26 79 28 15 68 10 73 13 60 39 69 49 24 98 84 0 17 83 95 43 5 67 88 15 78 24 38 7 73 93 28 61
45 5 20 20 24 53 92 21 34 57 81 53 19 20 58 11 95 92 51 35 25 87 77 30 33 33 39 73 87 39 28 25 36 62 96 53 28 53 14 97 59 91 2 70 98 89 87 86 21 8 40 54 86 96 77 11 9 2 71 18 39 24 20 88 38 34 92 27 71 80 83 55 15 87 65 21 72 78 86 62 0 24 31 91 11 24 18 46 37 30 26 61 48 65 22 30
26 70 60 67 62 9 66 97 10 14 93 76 34 78 35 89 58 26 96 64 12 74 74 61 88 68 74 9 5 60 31 19 2 81 38 50 85 5 51 91 39 9 36 83 25 20 52 73 83 45 44 6 60 26 34 11 5 16 86 13 43 37 70 12 76 9 97 93 14 76 32 93 72 31 93 35 78 21 82 95 28 0 21 11 2 42 2 28 26 7 9 97 82 44 44 99
83 81 8 32 78 55 38 52 35 93 4 56 71 68 67 7 65 53 56 96 91 23 99 22 7 19 95 52 6 21 25 10 82 56 65 92 8 37 15 66 13 96 60 57 8 17 80 25 93 7 60 100 90 8 60 10 91 96 43 35 17 54 32 47 59 93 37 45 13 13 7 28 38 80 32 11 86 24 93 83 34 61 0 28 94 38 95 91 71 92 2 64 1 70 11 36
71 84 41 71 38 89 89 57 6 16 90 71 78 4 24 93 21 51 84 77 60 40 37 86 46 52 2 10 11 2 20 50 37 12 20 47 85 1 34 30 82 90 32 65 60 38 2 78 35 26 67 85 52 79 10 74 17 21 99 41 81 48 45 82 100 82 48 13 51 69 16 42 21 73 14 83 71 85 63 18 42 81 90 0 78 34 36 2 27 66 73 74 22 71 33 38
55 82 96 75 22 19 20 98 5 80 7 83 48 27 81 93 90 40 70 50 48 55 78 16 56 39 66 86 20 100 21 58 71 70 93 37 81 39 15 94 70 22 89 47 16 74 61 61 18 15 56 70 97 19 42 74 51 78 94 28 59 48 38 11 24 25 68 1 46 23 9 3 35 31 31 11 55 46 46 95 82 58 63 71 0 79 58 51 55 62 22 20 74 60 80 75
55 63 29 95 39 21 21 23 68 94 95 49 14 50 23 99 39 73 29 86 28 93 15 18 74 34 63 3 51 34 56 70 84 12 28 85 60 71 83 32 31 15 14 71 56 52 95 21 93 96 64 95 33 16 59 39 45 67 34 69 40 69 72 55 20 78 28 94 39 15 65 64 14 100 36 77 74 97 91 83 40 91 91 17 59 0 34 65 9 94 96 37 13 59 69 31
35 44 23 27 30 17 97 61 73 95 75 30 68 91 77 34 66 58 2 3 8 62 41 30 96 42 90 14 95 16 31 42 54 16 73 52 49 65 50 37 17 44 66 19 50 80 33 10 5 94 88 46 40 80 24 46 82 41 65 59 18 10 82 49 67 48 41 40 47 99 9 81 60 86 43 59 16 52 88 4 49 95 14 70 53 51 0 28 25 44 47 69 70 12 85 46
51 87 24 34 61 60 8 30 15 31 49 70 86 27 44 7 60 1 10 32 22 51 43 20 66 36 76 90 78 40 90 35 41 89 48 78 96 36 95 74 69 13 81 9 84 49 91 4 97 98 80 2 6 70 67 44 21 82 44 27 44 46 48 46 23 58 8 23 54 31 81 19 59 19 41 78 53 39 5 77 8 8 35 48 66 90 19 0 20 76 77 19 77 62 6 60
54 80 5 23 26 34 17 5 11 54 25 23 18 26 38 31 29 16 14 20 97 55 71 20 21 57 62 29 56 34 100 96 56 49 62 39 47 88 26 59 78 58 26 54 73 81 52 92 13 15 80 59 78 71 33 9 6 9 40 85 24 62 80 3 98 37 87 6 33 36 46 4 74 51 82 9 11 32 55 92 32 39 91 76 67 16 96 34 0 31 3 76 73 29 88 42
3 74 25 82 26 26 58 1 75 77 64 26 70 67 42 77 4 2 60 27 38 72 37 92 92 16 60 89 55 34 79 54 8 95 33 91 25 84 7 99 21 74 26 38 35 82 55 96 32 27 43 59 91 1 50 66 55 34 68 16 80 48 96 16 74 78 89 51 72 92 97 96 29 14 16 65 89 60 23 47 94 20 20 95 6 69 11 96 9 0 8 94 77 77 83 1
64 86 5 12 73 51 89 46 81 79 99 96 92 60 61 3 61 28 48 87 77 38 53 93 19 89 83 99 23 24 31 59 54 60 67 27 82 74 81 77 36 52 55 16 98 37 73 73 72 90 75 63 82 89 57 86 63 96 5 59 62 26 99 87 2 78 65 77 30 33 6 38 66 95 21 84 88 33 31 39 63 51 37 28 44 25 9 88 89 84 0 32 65 75 75 36
64 93 75 92 91 64 8 5 93 96 1 18 1 89 59 84 16 29 35 39 60 51 7 40 66 43 80 83 58 33 78 2 78 53 56 29 49 36 6 42 47 36 97 17 39 78 30 88 72 76 83 48 17 83 19 11 76 11 5 83 22 22 65 25 65 27 47 79 22 99 9 16 78 31 91 98 9 34 98 83 83 39 42 24 100 14 69 66 34 83 98 0 99 56 23 91
17 73 87 88 51 4 57 51 97 44 58 96 21 65 98 54 96 70 74 53 72 88 67 77 33 52 80 28 11 33 78 55 17 43 98 13 84 100 85 14 15 64 67 72 11 36 85 16 84 7 92 19 91 22 20 91 64 38 35 62 87 13 91 47 90 49 78 25 82 73 71 84 59 74 28 85 19 61 92 90 55 76 3 32 49 34 73 91 42 37 30 36 0 31 99 1
97 64 61 17 29 33 45 77 86 29 34 3 77 61 2 98 98 13 68 94 29 50 67 15 16 56 48 99 55 36 8 65 74 15 10 9 51 85 4 4 40 8 44 38 32 58 36 72 46 94 99 37 45 79 30 45 92 94 43 73 6 65 64 54 90 38 92 39 99 11 76 43 26 41 41 75 25 4 50 26 99 33 13 16 1 35 23 8 62 76 2 3 70 0 91 70
57 10 30 99 12 79 70 27 71 32 89 88 92 52 33 13 19 69 55 58 87 96 2 17 16 29 25 37 35 22 13 11 1 27 87 60 50 14 27 54 99 10 13 88 92 6 37 89 48 72 56 39 62 71 93 9 52 10 86 48 23 82 59 62 19 28 77 57 15 73 13 52 41 16 88 63 42 26 78 77 60 68 12 94 25 96 91 55 97 41 67 76 37 75 0 53
44 54 64 36 84 74 98 19 14 41 45 24 40 12 44 34 6 35 84 62 21 56 6 72 46 38 86 32 67 44 16 43 85 43 3 63 8 98 37 72 4 48 71 87 92 37 53 5 52 50 54 87 91 68 70 52 87 19 61 13 39 64 18 46 69 90 88 67 97 25 29 57 21 9 72 19 9 61 69 13 94 57 33 63 80 75 22 92 58 98 18 89 23 88 80 0
