191
1 2
1 4
1 8
1 10
1 11
1 18
1 19
1 22
1 23
1 25
1 28
1 29
1 37
1 42
1 51
1 52
1 54
1 61
1 66
1 67
1 68
1 70
1 71
1 73
1 76
1 82
1 87
1 88
1 89
1 90
1 92
1 93
1 94
2 2
2 4
2 5
2 7
2 8
2 11
2 12
2 15
2 17
2 26
2 28
2 36
2 37
2 46
2 54
2 60
2 61
2 62
2 64
2 66
2 70
2 75
2 76
2 80
2 81
2 84
2 86
2 87
2 88
3 3
3 6
3 10
3 15
3 23
3 24
3 30
3 34
3 38
3 43
3 45
3 47
3 48
3 57
3 60
3 61
3 64
3 66
3 67
3 70
3 72
3 74
3 75
3 76
3 78
3 81
3 83
3 84
3 85
3 86
3 87
3 90
3 94
4 1
4 5
4 7
4 8
4 10
4 13
4 15
4 17
4 19
4 21
4 23
4 35
4 40
4 48
4 50
4 57
4 58
4 68
4 70
4 72
4 73
4 74
4 79
4 80
4 81
4 82
4 83
4 85
4 86
4 90
4 93
5 8
5 9
5 10
5 14
5 23
5 25
5 26
5 31
5 32
5 35
5 38
5 41
5 43
5 45
5 46
5 47
5 49
5 53
5 57
5 64
5 65
5 66
5 68
5 73
5 74
5 75
5 76
5 79
5 81
5 83
5 84
5 88
5 91
6 1
6 5
6 8
6 9
6 10
6 11
6 17
6 19
6 20
6 21
6 27
6 32
6 42
6 43
6 44
6 45
6 49
6 56
6 61
6 67
6 70
6 74
6 76
6 80
6 84
6 86
6 88
6 92
6 93
6 94
6 95
6 96
