277
1 10
1 13
1 16
1 20
1 23
2 6
2 7
2 16
3 15
3 18
4 3
4 15
5 11
5 12
5 14
5 20
6 10
6 14
6 22
7 3
7 8
7 12
7 14
7 16
8 13
8 23
9 1
9 3
9 14
9 21
10 3
10 12
10 14
10 15
10 21
11 1
11 5
11 9
11 13
11 20
12 9
12 18
13 7
13 8
13 12
13 18
13 19
13 21
14 16
14 19
15 5
15 14
17 2
17 12
17 19
17 23
18 4
18 10
18 14
18 20
18 23
20 3
20 5
20 10
20 11
20 12
20 19
20 21
21 8
21 16
21 17
22 2
22 5
22 7
22 8
22 21
23 6
23 8
23 12
23 13
23 17
24 3
24 6
24 11
24 12
24 13
24 17
25 2
25 3
25 5
25 16
25 20
26 11
26 13
26 20
27 3
27 7
28 5
28 8
29 13
29 21
30 3
30 4
30 17
31 8
31 11
31 15
32 6
32 7
32 10
33 4
33 5
33 7
33 10
33 11
33 16
34 12
34 21
35 8
35 10
36 5
36 10
36 11
37 7
37 9
37 14
38 1
38 18
39 12
39 20
40 11
40 18
41 4
41 9
41 14
41 16
41 17
42 6
42 8
42 21
43 3
43 10
43 12
43 23
44 3
44 5
44 15
44 18
44 19
45 7
45 19
46 10
46 11
46 14
46 17
47 2
47 5
47 6
47 7
47 10
47 19
48 13
50 1
50 8
50 12
50 13
50 17
50 20
51 1
51 3
51 14
51 20
51 22
52 18
53 9
54 1
54 11
54 23
55 2
55 7
55 14
55 23
56 5
56 6
56 7
56 8
56 11
56 12
56 14
56 16
56 18
57 7
57 8
58 2
58 8
58 9
58 12
59 11
59 16
60 2
60 7
60 14
60 15
61 7
61 8
61 15
61 19
62 6
62 8
62 10
62 12
63 2
63 8
63 18
64 9
64 13
65 4
65 5
65 17
65 18
65 22
66 3
66 5
66 22
66 23
67 13
67 19
68 8
68 11
68 12
68 23
69 6
69 8
70 1
70 3
70 6
70 14
70 18
70 23
71 2
71 3
71 5
72 2
72 9
72 10
72 16
73 1
73 2
73 10
73 17
73 23
74 2
74 5
74 15
74 16
74 22
74 23
75 1
75 6
75 10
75 20
75 22
76 1
76 13
76 15
77 12
77 15
77 21
78 15
78 16
78 20
78 22
79 4
79 7
79 17
79 21
80 21
