8 6
67 89 13 10 95 5
74 12 75 73 12 81
65 54 20 61 3 5
45 93 13 88 30 54
84 40 22 15 5 18
67 13 67 41 70 32
49 60 3 78 71 79
64 91 14 22 97 47
88 48
10 13 33 90 93 45 89 71 10 17 18 11 11 43 53 24 81 35 17 13 68 61 68 62 60 32 91 43 50 71 87 39 23 10 44 64 56 48 85 57 55 33 12 32 6 68 3 94
41 97 5 85 26 5 11 88 99 27 81 76 21 61 29 93 36 35 39 53 65 67 32 40 82 72 80 55 92 67 32 45 61 45 42 42 95 69 78 23 11 12 92 56 41 50 96 35
36 22 21 91 55 50 95 4 63 54 1 42 77 90 68 49 22 19 16 40 2 93 23 71 31 62 39 94 91 13 31 39 81 68 87 16 6 82 86 29 49 62 79 16 53 3 30 51
11 51 17 80 82 30 5 36 3 27 37 43 29 81 18 10 42 43 85 29 40 74 53 25 43 69 62 13 22 95 59 44 75 79 82 50 28 2 59 57 33 27 59 77 30 78 67 52
96 82 40 9 35 84 28 44 43 81 53 44 49 74 95 82 27 86 35 53 27 91 2 5 52 50 77 54 6 78 74 97 84 40 15 85 9 33 2 1 51 87 28 8 6 91 73 94
88 36 19 15 18 22 3 41 47 53 74 46 77 55 7 35 44 35 43 95 17 97 87 49 60 84 82 81 3 92 71 81 84 92 91 23 19 42 8 36 84 99 12 45 44 37 28 63
9 43 61 89 10 91 21 85 3 52 36 66 89 96 58 35 43 93 71 21 2 99 56 73 65 58 50 7 64 84 29 44 54 70 88 64 50 75 39 21 66 31 32 12 90 96 32 97
37 94 63 54 68 71 38 7 34 42 37 81 86 78 41 19 34 73 24 93 49 15 59 30 85 50 97 8 6 14 33 89 3 89 22 30 14 34 60 77 58 21 39 14 2 38 34 22
55 16 91 5 25 95 62 29 56 51 66 30 77 1 76 23 37 71 74 73 84 29 21 3 98 50 99 68 80 11 23 78 4 46 28 36 5 6 58 96 51 43 58 5 69 68 90 13
26 20 15 51 2 65 13 15 34 66 74 2 52 38 77 81 96 39 98 12 18 87 60 62 69 24 17 49 75 10 62 87 97 16 2 19 8 91 65 33 69 28 63 26 52 80 58 66
30 10 26 36 97 9 13 91 84 2 49 20 25 45 47 95 62 2 93 84 66 96 24 7 65 2 20 16 69 67 47 89 4 48 93 37 44 37 29 18 44 97 61 7 41 29 21 53
36 12 64 33 55 91 17 78 9 56 7 71 96 24 18 94 84 12 24 3 4 48 49 15 63 15 88 54 50 74 58 44 37 81 76 1 87 43 76 53 72 48 61 45 99 88 62 35
97 34 3 88 34 68 46 56 86 44 43 9 27 91 9 84 34 90 20 41 45 46 93 54 51 48 57 22 41 2 52 87 97 32 17 55 46 29 66 90 30 99 88 21 49 35 93 99
17 66 93 17 13 51 85 48 21 79 49 26 5 19 82 86 71 24 61 31 46 30 51 25 91 9 41 51 7 99 2 69 37 97 92 24 84 77 37 52 83 26 18 37 23 48 61 85
63 50 21 27 37 20 84 72 47 98 29 61 89 72 17 47 48 83 25 2 78 74 18 2 59 1 51 49 89 60 48 96 83 33 77 94 49 67 14 75 13 89 12 5 77 10 75 14
50 77 26 26 95 62 63 45 23 85 18 70 61 67 62 12 60 92 65 66 83 84 25 64 44 72 95 38 84 43 20 14 43 58 77 27 78 6 34 96 45 5 92 95 92 5 80 23
98 2 1 72 25 90 40 27 31 63 1 25 16 47 61 4 65 22 30 78 28 26 87 37 28 39 99 6 87 60 34 47 53 50 24 40 71 80 44 70 65 54 73 99 10 53 93 72
82 47 13 21 11 18 65 86 88 39 6 93 43 39 53 24 11 91 53 50 14 86 86 13 87 97 15 47 81 52 20 37 9 64 13 47 49 41 63 37 32 73 60 66 29 7 77 1
61 95 26 64 46 34 3 36 43 56 40 57 47 82 69 67 73 65 2 44 42 34 54 42 36 48 18 34 73 61 75 87 71 96 59 78 98 58 30 46 30 80 41 96 57 89 80 87
20 14 65 40 90 10 51 88 43 54 96 62 39 61 23 13 18 95 89 64 2 72 49 38 11 88 5 89 68 36 83 25 2 18 40 21 21 72 97 6 50 21 16 50 35 50 4 60
45 18 12 59 27 89 3 45 41 47 68 56 39 6 4 15 40 91 76 26 50 54 61 18 99 69 57 5 16 39 71 99 88 69 48 66 8 90 8 63 41 25 6 54 63 35 17 76
54 68 31 41 56 21 48 11 13 66 52 80 69 58 48 43 16 56 15 84 44 94 72 7 15 73 25 24 63 50 14 11 14 40 74 41 60 71 80 99 81 55 23 81 37 1 35 49
91 23 39 6 5 48 35 89 55 11 43 6 39 83 93 4 55 43 24 52 90 81 20 44 78 70 15 42 28 89 38 7 49 83 65 5 88 20 86 85 12 66 14 51 1 92 50 74
13 75 53 81 28 80 76 13 69 39 61 73 1 72 46 12 89 38 25 59 43 68 95 69 41 33 8 82 40 24 62 7 51 92 26 17 35 52 75 72 69 29 82 53 59 90 14 48
83 74 98 17 23 13 38 51 1 3 7 32 12 4 80 21 2 97 76 82 61 83 26 13 22 47 5 96 21 46 93 12 91 32 90 89 75 59 93 75 68 43 73 64 26 56 28 26
39 84 70 37 5 38 96 80 25 32 39 74 86 82 29 49 66 67 96 7 71 81 3 72 2 22 18 47 64 86 99 25 60 13 66 96 51 39 15 34 80 19 60 9 73 57 34 55
75 82 72 28 73 55 21 55 57 32 68 90 96 89 62 53 60 59 76 60 98 19 8 8 46 56 45 84 50 27 88 57 83 26 61 48 25 98 9 8 36 75 42 21 39 80 80 94
63 21 38 22 57 72 30 11 36 4 10 75 9 79 39 76 60 76 19 35 77 51 95 92 97 29 66 4 7 13 47 81 71 85 42 42 96 32 44 16 63 44 99 39 61 16 63 38
4 95 15 54 16 33 56 84 62 62 27 14 40 13 78 49 26 17 67 70 98 2 48 29 65 67 14 5 2 88 44 42 72 53 46 3 28 84 37 30 51 88 46 67 31 19 85 11
11 39 18 29 16 57 22 9 84 42 99 90 23 69 18 78 73 1 55 54 84 70 94 85 17 25 64 39 50 9 99 91 11 75 64 96 44 24 42 28 89 6 44 79 18 86 34 96
58 18 93 65 93 57 88 70 61 29 89 52 75 15 79 44 4 64 20 70 72 74 87 6 60 79 16 76 65 85 23 94 96 60 92 42 58 58 89 96 46 31 87 11 82 45 98 79
40 97 77 47 87 18 70 49 20 39 78 81 4 45 6 33 56 24 30 11 42 32 72 17 28 23 71 25 11 94 99 2 74 78 2 90 40 27 29 54 50 78 78 9 55 16 16 99
12 28 78 33 24 98 94 34 51 7 68 93 56 64 43 40 82 27 76 42 94 21 49 78 26 77 54 56 88 61 20 61 26 24 18 99 3 72 42 46 70 30 87 3 94 70 97 96
80 7 4 13 77 51 47 87 25 82 17 83 24 76 94 64 5 3 95 56 34 97 38 1 31 60 80 76 88 44 54 40 39 36 49 67 66 89 3 6 19 11 49 89 27 56 23 48
31 57 85 93 98 40 95 91 1 38 61 18 70 96 92 5 42 74 41 96 93 89 47 10 50 53 73 62 80 50 37 74 60 37 50 17 79 79 49 72 60 21 96 67 35 6 32 91
10 21 50 55 81 25 25 96 36 7 74 69 18 18 22 57 4 9 44 51 44 7 44 16 4 64 19 10 60 77 88 94 50 2 97 91 77 45 48 19 39 73 62 69 40 87 53 99
11 8 54 16 22 88 88 48 56 34 92 87 99 98 35 82 40 10 7 97 65 43 73 97 41 26 77 92 44 92 17 24 24 2 24 12 87 34 53 57 99 71 70 50 91 22 32 37
67 92 79 94 23 40 21 55 55 63 22 19 70 3 4 57 13 62 1 32 62 86 72 69 9 44 81 22 82 7 57 57 97 18 28 59 76 16 57 66 25 24 11 88 13 38 71 95
16 25 87 88 28 11 41 43 51 22 75 35 72 76 86 21 62 42 64 80 94 9 84 87 53 48 74 18 79 63 95 10 99 48 5 9 28 6 27 94 9 44 31 60 61 98 88 8
75 41 74 36 84 75 83 60 33 78 15 1 28 88 10 22 88 58 59 20 92 28 29 22 23 74 14 51 52 94 51 13 53 31 7 36 97 53 5 26 63 29 37 15 41 28 45 78
11 7 20 48 59 99 19 70 45 4 9 36 86 63 49 53 20 9 20 93 82 78 60 79 70 54 22 86 98 74 71 89 5 76 43 88 31 1 35 76 6 38 93 78 34 54 81 63
13 42 64 74 65 4 98 97 52 16 84 11 76 51 83 81 54 16 18 31 74 56 88 27 86 56 85 1 43 15 99 90 20 4 8 47 29 48 21 83 70 20 1 36 58 78 20 60
47 32 96 18 61 86 99 11 62 75 23 40 38 42 77 95 15 63 75 29 79 1 31 10 53 25 20 84 93 75 26 1 36 93 10 57 81 37 36 93 36 74 27 89 94 66 31 28
21 93 50 18 46 44 53 59 22 13 36 33 68 16 10 60 83 43 20 3 82 24 79 82 13 45 83 28 33 47 8 31 33 4 92 24 75 58 59 69 58 2 4 8 24 22 46 45
9 9 27 97 55 85 84 59 87 8 46 52 1 43 81 26 22 41 76 54 72 88 75 89 96 96 83 48 80 6 69 98 88 70 42 87 97 79 16 82 62 52 26 19 10 98 42 63
90 43 73 41 9 13 63 63 67 18 40 84 97 64 77 12 54 71 23 67 36 11 71 51 85 33 15 21 69 3 35 4 20 90 83 21 30 4 90 71 19 85 87 83 16 51 82 81
23 42 10 24 4 93 46 48 22 17 96 57 8 40 16 9 82 65 8 44 78 35 35 53 22 29 90 55 75 32 88 95 46 93 98 96 62 9 69 61 9 74 14 53 15 44 64 97
12 20 88 5 97 43 82 44 4 12 42 88 18 21 54 83 14 37 43 48 6 62 42 88 54 28 72 64 82 55 57 88 41 7 59 4 1 84 15 80 62 93 40 94 58 15 36 40
4 18 82 94 32 20 60 32 65 9 42 88 50 35 61 99 52 83 75 83 93 49 37 4 28 58 84 83 77 81 45 67 53 49 23 86 75 34 25 70 97 79 80 32 91 91 21 74
14 87 45 1 29 89 81 63 6 97 48 15 71 42 15 17 2 29 69 20 91 70 47 29 22 47 80 47 30 2 77 3 86 2 69 12 99 4 94 4 45 88 75 67 94 43 7 51
62 99 44 89 10 78 98 50 27 23 9 41 79 4 70 76 60 35 55 50 6 68 31 31 81 79 5 51 11 12 62 48 41 85 83 86 33 57 61 33 72 82 3 88 32 15 8 88
98 86 56 73 43 78 23 26 38 21 89 3 31 56 63 4 29 26 80 84 93 7 1 67 58 80 56 27 40 10 66 43 69 67 62 63 7 10 79 87 9 42 92 80 79 21 10 39
59 39 66 23 64 90 49 46 42 15 84 72 5 62 76 90 16 21 2 85 6 15 90 70 37 18 28 44 42 13 68 95 1 66 29 63 3 21 14 52 12 59 83 87 62 70 55 53
37 44 22 70 90 21 84 50 50 71 23 97 93 8 47 1 70 25 86 1 25 41 47 65 55 29 21 6 9 60 22 14 42 93 39 38 82 12 57 99 1 76 63 15 26 62 68 15
57 37 8 62 29 72 35 43 45 36 33 69 56 37 99 14 4 26 98 44 23 37 68 1 21 48 71 23 30 41 75 93 68 28 67 1 56 96 25 64 20 63 66 75 3 14 76 49
29 32 1 99 60 83 79 86 20 3 79 83 87 2 84 89 41 6 38 20 85 40 36 62 11 59 30 78 93 9 47 26 71 81 93 86 9 79 86 26 59 15 74 84 83 30 98 83
94 67 65 3 38 39 75 39 55 60 52 3 71 36 7 9 20 64 82 62 81 44 14 25 54 46 47 67 17 74 10 38 54 85 12 38 98 99 54 55 88 6 9 22 27 47 7 75
36 14 79 55 86 52 42 99 50 57 17 78 68 60 4 90 60 65 82 65 52 86 75 10 72 91 21 98 25 47 25 84 62 8 33 50 15 31 44 55 55 58 20 57 73 12 91 12
90 45 54 45 59 98 4 52 43 63 5 37 98 58 48 51 23 74 1 30 29 56 64 6 74 47 3 9 62 76 82 3 28 71 23 10 10 72 88 93 4 15 64 48 14 70 67 55
40 59 66 84 77 17 3 5 44 65 72 5 16 89 95 89 47 53 25 70 33 42 66 84 23 89 70 36 43 98 67 3 48 86 97 40 35 73 50 52 50 66 56 3 29 69 44 63
54 76 72 99 48 49 88 33 28 30 57 79 33 5 76 6 28 39 96 45 60 25 65 78 23 74 12 41 51 20 63 61 69 27 99 74 46 99 60 90 94 8 37 22 86 80 97 16
14 5 53 24 96 16 6 54 42 11 80 33 52 14 55 36 82 81 64 6 51 69 58 89 89 38 16 96 81 65 3 96 8 79 10 27 7 27 42 49 71 73 24 67 3 40 81 60
14 38 88 22 8 54 50 47 45 57 24 38 33 25 94 16 62 18 80 15 59 60 34 60 72 85 8 27 71 11 25 32 61 73 48 32 71 78 8 98 44 33 56 15 82 47 76 79
52 80 66 55 94 9 44 81 19 81 93 61 86 9 12 36 77 34 7 87 93 82 72 40 73 73 67 87 6 90 32 34 89 52 27 97 76 35 32 37 92 26 21 14 9 78 69 14
30 34 70 5 49 1 67 21 12 89 33 45 52 59 77 47 57 28 14 97 55 32 57 69 34 79 85 83 17 48 88 55 33 67 43 95 96 37 17 79 20 65 12 14 28 86 86 6
76 12 47 63 83 71 2 63 36 9 58 90 84 56 43 1 20 61 92 25 29 50 95 31 83 40 5 88 84 46 12 2 84 28 55 18 20 83 94 86 1 5 51 30 58 2 37 17
79 45 15 90 14 20 67 51 8 93 22 19 43 32 85 70 23 81 4 45 14 62 71 56 45 64 23 54 60 31 55 49 56 35 21 82 29 80 70 63 48 31 85 52 30 40 10 8
63 21 37 15 44 98 92 30 28 65 75 46 10 2 94 56 91 26 87 22 32 77 29 15 29 41 94 27 73 88 32 15 69 64 56 94 93 78 1 5 8 86 51 45 92 78 92 70
78 56 77 54 95 65 64 37 77 20 92 66 36 35 68 31 70 32 20 90 66 54 97 72 66 43 94 26 34 66 96 48 34 74 64 15 79 77 37 5 75 26 34 53 13 48 61 44
45 49 92 91 86 87 12 61 20 93 60 7 65 74 53 76 9 51 77 73 13 13 64 81 4 7 25 58 12 28 40 63 96 59 33 50 50 7 5 65 91 54 95 49 2 53 93 28
44 53 41 58 50 2 45 52 72 9 89 24 2 19 86 55 79 35 76 3 70 49 49 53 73 96 53 76 6 23 29 79 54 12 69 92 12 23 84 31 44 97 68 50 69 42 48 76
30 17 66 84 90 63 51 66 11 61 44 98 21 6 25 4 78 85 55 34 26 45 50 49 60 48 88 15 17 69 10 33 78 82 65 68 37 77 68 19 47 6 77 74 93 3 96 70
56 57 16 53 68 85 32 85 91 81 20 27 3 60 41 30 29 75 49 50 97 6 95 84 3 33 94 22 33 88 9 52 43 65 86 90 95 12 29 77 57 25 90 27 10 8 51 21
29 21 9 76 14 68 59 16 60 45 68 87 61 46 23 73 69 66 92 38 43 72 16 82 24 80 58 48 24 40 15 29 36 5 12 79 83 74 79 60 8 9 92 78 14 95 17 97
98 82 69 68 77 33 34 92 45 66 84 52 56 11 97 83 33 65 67 48 88 70 4 49 49 61 64 73 37 40 26 82 33 83 38 93 90 25 67 93 4 23 56 23 62 39 39 22
51 78 60 51 74 26 94 5 19 62 14 9 23 45 75 82 98 28 85 84 64 50 27 44 8 66 84 26 50 36 28 44 38 54 25 19 4 88 95 71 11 99 10 16 86 7 29 93
27 91 96 82 65 70 9 85 85 36 43 86 20 27 19 41 77 92 38 11 50 11 40 14 55 17 96 86 3 63 58 37 17 19 71 3 20 11 75 84 1 37 48 36 72 42 90 26
34 28 71 46 95 83 67 36 58 34 7 2 75 13 40 21 43 41 9 14 66 11 20 45 63 76 28 88 8 71 65 25 21 34 15 85 48 7 59 53 75 96 66 45 98 34 92 98
39 43 90 11 17 7 98 40 70 77 85 51 85 76 14 63 33 19 12 92 67 96 1 71 29 59 59 69 84 88 54 30 22 15 64 86 36 73 90 29 90 35 4 53 17 23 30 40
9 49 94 85 63 41 22 18 49 75 52 93 65 88 47 81 95 51 54 76 3 18 98 81 24 46 46 69 47 60 87 45 35 36 99 56 64 81 1 37 8 80 64 90 65 45 94 57
92 36 93 84 48 94 46 63 67 55 88 45 81 80 92 53 2 26 17 86 32 30 20 31 40 16 53 31 88 42 40 96 56 3 21 78 97 50 78 96 91 34 58 36 39 86 62 5
41 29 31 9 98 84 80 55 37 84 11 78 50 72 49 45 3 54 45 9 45 71 92 25 74 45 78 23 66 60 69 18 86 85 55 49 45 27 67 51 83 64 81 92 88 68 54 15
14 6 31 87 12 59 8 81 58 84 82 62 89 82 84 27 68 18 88 71 56 34 8 34 91 20 4 28 43 2 27 45 12 40 8 49 45 31 69 59 30 24 34 93 18 71 37 45
16 43 70 89 78 10 35 59 18 22 97 63 21 27 51 66 43 57 77 90 59 6 14 46 31 88 60 50 56 55 91 42 70 53 2 61 6 81 59 34 21 45 27 74 26 85 6 34
83 37 77 33 3 21 37 23 22 92 68 35 90 23 79 46 62 49 45 7 81 10 95 10 44 65 23 33 23 8 29 17 8 38 58 34 11 68 3 47 58 31 2 39 20 20 50 41
90 2 52 45 53 75 85 22 3 20 21 30 87 58 9 29 81 30 64 73 88 98 23 12 23 18 32 89 47 90 5 84 36 12 98 32 95 40 51 3 55 31 82 43 5 21 97 71
66 84 75 17 87 57 62 39 42 4 43 26 35 26 55 92 68 85 60 89 3 10 42 9 7 20 60 41 23 26 22 9 7 89 29 46 83 27 12 20 72 29 56 59 9 1 14 67
45 49 52 71 27 51 97 6 48 45 68 2 46 82 99 15 77 60 90 22 31 26 67 25 11 71 10 44 42 40 54 92 33 14 47 96 54 52 95 85 66 11 74 35 27 5 89 85
