1 1
99
27 18
57 43 97 16 60 6 4 21 17 94 49 51 22 17 79 36 33 27
75 19 92 33 2 14 37 55 94 57 73 77 78 1 5 24 59 15
56 16 33 93 90 40 62 11 61 50 17 91 92 46 52 12 74 3
42 17 19 58 59 9 27 14 3 72 75 33 23 99 54 57 71 40
26 13 17 59 45 3 50 92 1 62 88 82 60 9 13 96 52 35
69 84 44 48 21 22 5 92 25 87 8 54 73 39 31 91 32 81
90 88 89 92 8 78 49 81 78 53 17 39 21 85 90 94 23 60
33 99 11 93 49 13 32 5 42 48 44 8 77 20 20 21 28 70
79 40 29 5 51 68 60 86 60 63 74 48 68 36 64 2 12 3
4 2 42 1 68 41 13 59 46 60 3 44 16 93 47 96 65 81
46 33 68 84 88 15 24 30 1 76 33 54 95 98 46 67 72 80
9 44 90 73 59 51 77 19 26 76 84 67 91 64 84 31 80 60
52 8 1 44 33 22 91 68 95 86 20 11 34 17 47 61 91 5
26 63 28 65 6 32 29 8 53 47 91 56 2 3 28 81 78 19
34 7 22 50 8 94 74 80 89 44 62 51 35 13 5 94 10 95
6 36 20 93 81 39 27 2 67 63 6 2 97 6 10 7 14 5
29 36 62 87 63 53 49 73 86 69 92 46 50 33 51 95 81 2
76 92 14 94 46 65 12 56 90 25 64 54 88 20 18 49 59 44
51 45 93 77 49 54 93 82 84 57 96 71 80 51 5 42 59 20
87 85 5 6 56 97 9 27 44 22 78 99 42 94 98 53 51 83
16 69 32 9 6 62 38 25 88 30 69 28 86 53 83 43 88 26
19 64 39 9 68 39 33 73 43 13 67 58 56 19 18 45 23 69
30 76 91 85 33 19 7 62 50 87 37 86 58 12 90 90 40 66
6 53 60 15 27 22 60 38 97 62 46 49 97 62 75 27 73 23
74 33 51 25 29 83 32 60 29 2 78 29 40 5 20 79 6 6
45 5 78 92 62 65 29 45 46 41 42 32 90 5 22 60 67 33
31 2 33 25 32 73 3 39 20 42 25 18 89 72 88 82 17 28
