3 2
27 0
79 43
54 33
98 77
54 63 1 12 92 2 15 42 69 46 7 26 84 26 48 30 61 22 31 43 80 99 19 60 31 3 61 9 32 33 56 63 10 38 71 80 43 4 91 52 14 99 87 51 88 66 75 91 95 95 38 92 16 11 29 36 70 92 42 75 23 41 36 32 80 38 4 89 75 61 89 54 47 68 74 22 71
34 11 94 94 42 21 86 79 43 34 43 8 64 14 79 47 93 58 2 31 72 33 2 39 77 81 27 5 30 75 28 43 12 92 28 44 54 67 33 60 80 82 26 49 8 34 82 28 37 30 90 46 92 18 2 82 98 53 27 69 27 69 99 9 35 48 84 28 23 95 24 50 63 85 28 60 16
88 42 54 40 20 8 86 9 83 45 53 71 86 49 25 39 9 4 69 12 8 24 21 66 63 94 91 10 72 81 60 59 20 60 9 49 25 17 60 3 4 13 28 32 24 7 61 42 35 80 35 53 34 13 22 28 63 65 15 2 3 70 68 47 1 22 53 99 18 19 59 44 58 56 82 52 4
18 10 80 29 33 41 82 8 10 31 44 38 35 19 71 12 11 77 92 23 90 8 7 23 2 25 43 45 61 73 57 82 11 70 90 50 50 37 24 53 87 7 47 85 66 3 61 52 58 53 90 4 33 38 30 41 1 47 77 16 26 36 23 19 96 39 68 43 91 26 68 57 64 96 56 38 73
38 36 28 33 2 49 89 6 82 79 29 48 52 58 47 34 27 16 35 83 15 65 16 29 11 11 69 88 80 46 34 42 86 32 71 98 5 1 55 81 9 52 58 75 94 22 41 3 45 57 63 97 69 97 74 79 72 57 92 34 5 10 98 24 91 7 72 99 9 78 79 20 53 51 68 7 43
85 7 93 86 69 80 61 84 88 20 20 73 38 34 99 65 22 98 64 13 84 61 86 44 2 51 22 43 50 14 60 78 43 82 84 85 83 34 62 27 68 32 90 20 4 17 5 28 70 99 1 13 17 62 15 33 4 14 82 39 69 28 18 82 61 37 22 98 29 88 1 85 77 4 39 50 85
49 98 72 2 29 5 86 48 47 98 16 12 40 66 84 94 41 47 41 69 96 60 70 27 15 38 4 19 94 5 47 63 55 30 97 98 89 12 89 89 48 94 9 84 24 75 8 9 40 72 70 34 70 93 77 60 34 63 37 26 90 22 61 47 36 15 9 16 82 8 19 53 33 25 30 3 78
80 94 70 34 96 82 92 64 31 19 70 82 94 29 40 70 95 4 98 66 80 44 87 62 17 47 89 67 32 72 93 10 51 66 64 44 99 23 79 99 69 59 63 76 98 71 90 10 60 85 17 82 98 96 95 78 58 70 53 36 19 1 22 8 86 10 9 67 87 34 2 35 28 72 93 20 74
6 71 87 66 2 88 29 83 43 70 99 88 4 73 90 63 16 14 53 89 21 35 72 9 92 26 57 23 48 89 27 37 14 13 58 77 35 93 64 24 75 48 37 97 12 41 75 8 52 68 25 11 99 93 11 27 24 5 32 69 86 8 89 42 55 48 37 62 38 94 16 50 80 21 2 30 41
56 45 2 51 4 11 10 86 40 23 85 47 75 77 54 24 55 36 2 31 50 55 82 71 88 56 30 65 88 77 51 93 41 7 88 12 62 46 30 97 93 18 27 46 73 53 92 90 35 51 90 97 14 45 65 95 3 43 43 74 66 54 74 47 50 17 31 95 94 32 85 81 78 94 43 25 58
28 36 41 18 42 96 36 64 17 26 88 47 14 43 2 69 32 5 4 99 20 70 40 24 99 58 74 1 41 83 30 28 26 25 77 72 81 21 5 19 74 33 86 59 22 66 79 33 41 22 94 12 14 63 43 54 88 54 34 58 11 83 34 77 66 40 42 52 15 4 43 90 8 91 97 87 81
35 6 84 87 45 22 1 96 15 55 27 80 93 37 47 71 37 31 76 15 73 71 16 3 44 43 11 93 82 59 53 34 12 20 39 96 87 27 63 11 57 36 58 18 15 39 91 22 97 77 19 47 20 39 14 63 5 31 79 37 87 3 96 5 6 30 75 78 25 6 20 96 7 83 16 44 6
10 17 52 7 18 28 69 93 67 37 54 50 57 26 79 69 87 90 66 42 14 24 77 9 36 45 95 4 65 53 55 65 6 46 78 99 87 34 22 9 18 6 70 56 43 14 54 91 11 76 67 96 54 32 86 43 89 31 66 39 96 75 73 61 55 99 50 69 91 89 17 96 77 39 21 71 79
78 79 63 11 1 13 38 32 49 27 92 8 39 9 32 72 84 61 62 25 66 41 18 28 72 97 50 10 58 94 88 63 58 87 31 67 53 92 65 75 50 70 86 10 20 44 13 14 10 68 11 25 79 80 29 15 30 55 48 84 54 73 79 19 29 74 81 31 11 39 3 45 3 95 97 30 58
48 49 62 32 28 41 69 55 56 68 14 10 6 99 39 2 15 80 32 15 60 76 39 29 71 14 59 53 79 15 37 3 1 70 54 51 74 1 83 79 75 24 88 22 85 56 15 49 37 91 94 87 23 26 72 29 42 15 35 73 4 27 59 20 76 70 86 25 30 30 41 30 85 31 50 32 99
39 41 94 85 16 71 50 68 56 26 57 75 66 94 40 35 52 86 73 13 59 79 99 43 98 7 61 27 2 76 43 19 39 94 94 44 49 60 19 56 93 45 94 47 67 17 90 99 39 20 22 84 45 89 66 64 4 66 44 10 67 86 32 58 37 69 74 69 40 55 26 83 23 3 61 9 86
4 65 58 78 88 8 82 66 68 40 12 87 13 3 58 21 65 7 39 5 29 30 15 23 42 72 11 54 85 24 31 17 95 96 8 50 39 98 66 51 51 28 13 74 50 77 28 88 91 43 22 7 15 55 61 26 51 2 26 76 43 49 80 62 94 86 90 68 98 69 27 85 56 17 58 69 60
70 10 69 82 4 97 37 56 52 3 12 94 34 24 81 45 1 71 88 63 32 82 50 46 26 40 53 95 62 43 25 52 11 24 95 10 73 8 82 29 62 40 48 62 34 24 33 40 36 48 31 61 2 62 76 4 82 41 82 47 21 80 69 80 90 25 77 14 29 86 44 4 54 87 90 40 72
30 44 4 13 44 7 45 65 83 70 63 69 45 21 27 29 8 49 92 44 58 87 8 95 83 23 5 49 4 86 91 12 98 81 89 42 63 24 76 55 68 13 53 20 51 77 86 37 77 89 76 12 14 87 18 44 80 79 94 72 72 64 86 37 74 54 61 25 80 26 99 24 63 87 76 58 23
49 21 57 2 78 77 21 70 31 4 27 94 95 67 45 96 31 24 20 43 27 17 20 13 44 78 59 95 19 86 2 19 76 83 15 79 92 91 71 99 70 29 37 60 51 45 56 70 2 19 40 57 57 86 49 2 61 1 99 33 95 72 24 94 19 93 21 19 27 74 11 76 3 79 38 89 63
14 28 27 37 67 60 59 50 14 55 52 37 43 75 91 90 56 31 63 89 38 85 48 72 37 44 76 91 2 56 29 35 89 45 72 96 63 86 58 88 58 72 17 57 2 28 10 28 20 17 18 47 53 28 92 31 88 66 58 71 41 30 8 10 17 94 13 50 43 84 72 74 44 82 99 42 62
75 20 27 55 1 76 79 29 91 1 59 18 34 39 73 54 37 64 88 56 90 90 23 53 23 8 6 66 10 80 67 25 17 31 92 80 13 42 46 63 39 3 33 91 67 29 20 38 19 45 9 9 1 34 39 96 7 13 25 96 94 81 86 33 91 25 80 44 4 61 45 16 33 18 43 80 30
73 52 91 43 14 72 15 49 56 83 91 62 27 59 12 18 93 54 56 25 67 84 82 69 84 97 64 49 39 82 69 95 3 37 22 14 53 46 71 92 55 77 55 86 38 4 64 64 67 21 20 75 51 19 94 7 6 95 15 77 44 63 99 78 54 59 81 42 50 96 51 3 7 66 84 28 57
23 17 25 56 31 46 65 53 84 1 15 47 89 79 25 53 60 58 69 92 87 55 28 46 52 72 44 2 26 32 27 47 66 93 15 98 73 13 54 78 68 21 44 97 84 2 86 45 83 9 27 41 17 54 12 38 52 64 37 39 36 15 76 96 14 18 19 74 3 34 64 50 95 84 57 64 57
33 1 81 66 17 95 86 84 51 29 91 22 54 88 90 53 46 49 24 96 68 68 36 88 87 28 9 7 95 36 15 25 23 90 17 50 57 30 77 69 85 32 74 31 99 40 74 46 67 35 97 5 98 79 61 55 77 69 1 30 1 84 35 61 50 54 75 66 74 31 16 74 23 14 36 30 93
12 92 23 76 79 69 88 44 2 2 98 64 18 75 35 25 52 95 1 26 46 21 29 14 25 77 88 10 54 33 87 11 89 22 80 36 15 79 78 61 33 15 73 69 96 33 27 50 9 8 10 3 14 65 1 71 89 94 49 88 82 43 67 69 54 96 77 98 11 27 7 94 26 22 15 53 89
52 12 92 80 32 80 63 78 19 27 91 69 63 94 48 24 25 62 90 5 93 41 1 43 68 65 65 9 59 72 73 39 14 52 94 98 10 74 21 70 99 4 50 42 56 24 72 48 96 27 67 50 46 89 89 54 87 62 54 65 38 31 20 87 67 12 79 53 54 88 85 47 2 22 35 33 43
77 39 52 99 81 59 72 98 54 64 19 3 3 61 74 94 68 65 92 68 27 16 91 63 28 33 29 89 41 7 89 33 26 95 74 91 90 67 96 6 13 8 96 16 39 74 57 50 93 56 93 40 43 7 24 49 97 48 94 61 29 74 9 70 71 28 1 50 45 65 95 13 78 35 66 43 38
49 62 31 97 98 12 76 24 91 32 70 39 22 84 14 3 54 46 39 1 15 99 22 92 40 3 63 8 12 65 86 32 37 3 57 60 85 75 97 66 29 40 46 32 90 51 34 59 37 35 90 60 58 81 85 70 14 11 25 49 73 44 94 73 72 18 14 82 79 5 43 92 44 41 83 35 48
88 69 38 95 13 2 4 78 99 71 99 57 66 20 61 73 65 53 37 95 85 52 12 46 48 40 35 6 4 40 51 29 81 55 28 71 44 30 33 59 49 90 52 63 16 12 67 47 79 29 41 75 12 65 38 68 49 32 87 56 41 85 13 17 85 38 2 45 75 21 51 9 71 19 83 24 51
5 81 79 17 54 92 12 44 85 35 3 46 1 86 99 50 19 81 18 97 27 99 10 80 80 6 80 56 5 76 56 8 21 20 43 5 87 19 39 41 98 8 14 19 87 49 4 91 96 19 52 4 96 56 73 5 88 19 49 12 45 39 26 12 65 7 22 31 60 69 70 29 39 18 33 60 82
90 62 60 3 25 49 74 21 20 75 41 58 18 85 38 7 32 61 24 52 85 87 40 49 98 18 84 37 24 86 95 4 10 24 4 1 2 79 3 6 54 7 54 96 6 66 36 59 80 82 10 37 66 15 14 92 11 7 59 90 81 68 65 71 20 96 95 45 21 30 22 91 25 81 4 98 6
5 5 54 55 67 46 44 14 49 77 33 55 87 97 58 79 99 88 80 79 33 33 35 50 7 35 95 85 22 98 91 89 89 39 77 9 40 1 60 85 3 96 52 68 64 63 55 35 32 46 75 98 57 18 92 22 83 80 69 19 27 51 3 53 1 44 30 56 69 51 26 64 56 71 68 40 70
90 38 40 83 72 38 29 89 44 49 60 66 67 8 44 93 24 3 18 81 54 28 28 59 67 29 4 97 21 45 48 74 47 27 48 4 57 31 31 69 28 10 34 89 90 61 3 14 62 73 59 24 29 72 73 28 48 88 30 28 21 66 23 68 10 30 50 80 24 72 81 59 32 50 94 71 34
13 76 60 39 16 66 16 22 44 74 68 47 3 43 1 33 19 15 64 48 83 91 14 99 91 30 38 11 96 61 97 77 41 3 43 53 51 70 91 78 6 86 66 60 52 77 51 12 70 61 78 33 11 17 76 36 11 42 13 86 69 58 13 47 19 8 35 93 6 5 70 17 94 86 14 55 14
24 33 23 70 30 66 50 99 66 23 46 49 62 68 50 86 18 86 84 94 75 22 97 3 21 88 82 84 95 67 81 72 50 98 67 15 60 37 70 72 74 54 75 63 84 64 76 65 66 36 74 31 11 89 8 6 4 85 44 37 81 54 46 7 47 38 79 24 21 4 99 44 57 89 24 40 78
5 16 22 67 75 6 44 20 46 22 33 72 87 37 48 58 47 95 91 20 61 41 89 87 35 48 5 29 91 36 95 50 61 64 44 53 65 56 83 88 75 9 27 52 8 10 53 44 80 47 2 44 68 94 90 47 1 55 27 60 96 33 32 29 75 67 31 46 33 98 17 37 65 89 52 76 9
28 12 97 99 2 39 99 44 53 41 48 67 15 83 6 51 28 34 13 29 41 9 89 83 27 29 38 71 38 47 45 33 1 73 76 35 58 60 33 49 18 35 10 24 64 68 76 83 64 74 76 21 9 82 20 73 54 22 40 43 8 24 63 15 10 39 20 47 58 64 25 48 83 84 47 86 54
65 32 75 97 29 92 1 6 6 4 4 77 33 57 41 20 27 15 25 71 41 34 4 47 1 75 59 88 52 58 14 23 23 54 40 11 72 44 72 54 56 25 87 40 27 45 35 75 74 21 8 97 64 91 71 10 46 82 54 54 3 27 26 92 15 14 42 39 27 63 90 79 15 21 65 33 46
1 99 92 24 34 95 60 80 95 76 26 2 10 73 66 19 43 70 97 66 33 48 85 66 4 61 40 51 46 23 91 13 98 74 36 16 73 82 57 42 41 13 46 3 14 84 27 22 70 39 7 89 75 14 22 7 67 53 94 89 63 30 58 32 36 84 12 83 85 35 89 54 50 42 26 47 87
72 53 2 44 24 6 89 25 56 36 51 92 22 2 83 39 10 10 63 67 90 61 39 38 75 33 91 80 27 79 70 89 7 15 15 90 34 31 73 14 22 98 77 56 94 93 2 1 74 80 61 70 44 40 24 25 66 19 39 34 97 55 29 1 43 65 64 56 34 69 65 6 90 59 91 31 62
95 48 11 70 15 2 94 11 26 23 15 36 87 33 24 63 78 71 44 34 61 59 53 28 68 51 42 64 95 75 86 91 2 72 37 7 82 22 49 12 26 19 50 49 4 33 96 75 12 47 68 40 13 3 48 68 88 40 81 93 16 34 3 11 41 17 95 37 51 30 16 20 72 33 44 84 26
37 75 38 99 49 24 53 78 39 49 53 68 47 8 84 1 25 30 66 52 97 57 39 66 31 71 91 37 7 34 77 43 29 28 13 91 61 71 95 51 15 4 92 89 99 33 83 37 19 41 15 55 74 72 30 29 75 54 20 28 4 95 13 68 70 35 80 42 23 8 66 11 16 27 75 63 86
15 65 82 90 47 82 77 76 30 96 43 91 43 68 30 34 28 50 14 94 98 61 19 73 67 86 45 86 12 50 43 17 4 59 4 42 35 86 65 9 53 91 13 75 11 2 95 10 25 26 39 27 53 74 66 71 91 5 17 85 98 47 51 99 27 84 48 91 96 5 41 35 46 25 73 53 28
14 42 96 41 66 65 21 63 83 14 63 42 53 35 87 78 2 84 55 91 11 18 73 36 65 38 38 89 62 67 8 76 9 99 31 25 11 28 12 65 40 10 5 84 95 31 22 26 9 28 33 99 86 45 8 62 11 1 22 54 69 41 18 95 73 18 43 43 54 18 46 49 78 46 63 23 44
86 34 62 82 66 7 25 2 27 15 11 30 89 22 65 15 67 83 99 55 3 40 16 95 6 56 5 44 59 49 27 14 73 45 81 97 91 53 46 93 30 60 8 48 57 74 11 64 41 63 82 50 72 74 70 21 82 29 4 74 68 64 93 46 60 53 88 49 84 62 57 78 51 66 10 12 68
1 22 56 86 87 50 20 53 51 95 30 95 28 82 12 45 83 71 39 57 54 16 40 3 88 23 32 10 43 66 43 92 1 6 96 73 39 93 51 77 12 67 56 45 61 79 81 56 92 85 10 83 6 7 35 40 77 62 24 1 17 98 56 23 87 94 46 97 31 40 38 49 41 29 57 4 96
10 52 52 86 80 58 25 96 95 75 55 52 64 42 94 72 73 48 9 25 22 39 71 67 16 28 38 22 87 12 37 6 51 62 52 13 46 46 11 6 66 91 63 67 12 81 12 66 38 44 19 21 50 5 62 31 55 1 66 83 43 87 80 23 53 45 1 24 69 22 2 91 18 63 19 80 47
13 33 58 5 4 22 60 14 29 97 87 27 70 95 22 46 28 66 9 90 82 11 24 70 98 80 72 65 21 57 91 79 67 91 65 43 83 96 44 64 27 35 63 54 41 93 11 75 7 86 79 50 82 64 41 26 27 94 31 90 62 29 78 73 52 71 46 30 54 19 81 22 34 91 89 99 78
38 63 92 72 16 61 6 14 26 59 98 77 7 18 96 52 24 51 26 20 6 32 37 18 92 77 81 80 42 10 24 25 79 35 62 64 83 25 88 97 40 10 82 69 45 34 87 88 96 43 7 22 52 82 7 42 42 35 12 72 4 24 25 58 60 26 96 62 53 41 54 99 81 7 88 72 87
90 20 48 2 3 82 11 39 13 94 63 76 79 18 45 44 42 95 20 74 48 99 87 35 49 49 36 32 94 35 92 13 51 18 59 54 32 23 39 64 17 70 41 24 44 68 78 89 46 90 69 45 97 41 73 59 82 84 92 45 96 43 66 72 49 87 25 75 71 9 13 88 8 30 23 45 40
41 71 92 77 93 29 16 1 56 66 63 22 19 81 66 93 45 38 91 45 61 22 75 38 31 53 22 70 20 90 61 57 54 50 20 25 18 86 89 44 31 77 37 79 35 70 16 38 3 82 24 65 24 83 26 83 82 40 89 17 76 48 16 37 77 71 18 91 2 24 47 45 83 41 45 11 11
41 9 26 19 83 60 36 30 33 90 8 80 37 64 39 61 89 9 87 21 71 90 29 89 95 5 22 24 85 79 41 77 56 3 33 88 64 11 77 73 27 41 90 72 43 59 85 27 32 63 76 93 83 20 60 23 52 1 64 16 23 69 47 62 39 93 39 8 55 64 14 36 90 64 39 17 70
18 37 17 82 96 36 44 37 66 36 93 46 58 15 82 45 79 11 75 12 21 30 11 68 82 31 8 92 58 41 92 31 78 7 9 55 51 21 3 44 1 15 59 31 36 58 53 93 81 98 4 70 83 45 7 94 1 42 20 23 73 14 16 43 84 91 97 32 4 2 16 59 75 25 72 12 54
69 52 21 20 95 1 87 88 78 71 12 6 4 93 89 1 24 20 45 64 68 66 75 38 92 89 45 61 1 65 21 92 35 20 80 28 72 84 83 95 35 50 5 28 9 81 54 88 72 28 2 32 90 32 26 28 52 28 40 28 52 93 58 17 4 36 18 44 98 13 29 68 32 71 81 16 51
67 7 9 81 22 11 68 35 21 13 36 54 42 8 66 19 42 21 35 79 53 6 87 66 17 41 36 98 34 56 72 1 10 30 4 25 30 16 79 53 67 98 86 12 71 17 27 51 29 19 87 55 31 14 94 95 51 58 25 68 18 96 82 54 66 2 35 78 57 22 42 64 85 97 74 16 78
20 40 70 43 80 87 97 89 69 19 66 79 97 60 23 97 1 70 13 76 44 49 29 47 98 27 13 82 6 97 87 24 79 64 39 38 47 17 2 72 2 10 59 99 43 73 96 99 88 2 22 61 23 15 92 76 77 98 60 30 81 28 54 45 86 54 81 70 7 37 36 15 59 77 2 38 34
58 62 81 8 58 46 27 31 52 75 45 80 15 53 6 42 87 35 63 96 31 36 25 76 50 44 61 5 5 80 68 14 1 76 12 92 2 92 16 59 47 8 81 40 36 15 27 15 30 25 95 23 16 58 44 39 42 15 96 46 76 72 64 30 54 60 85 46 7 21 32 72 76 50 47 17 88
21 33 55 47 71 58 79 12 28 12 53 90 68 63 25 59 23 57 23 55 69 92 89 19 14 79 47 85 12 48 74 44 20 53 73 77 24 9 13 37 72 54 54 86 48 60 41 33 69 6 45 60 33 39 3 69 12 98 78 82 42 14 39 7 2 66 13 22 4 25 25 41 81 27 4 27 6
53 88 91 17 65 3 8 75 4 1 11 71 50 28 16 51 64 29 99 23 34 47 9 33 1 5 33 18 11 59 6 93 20 35 90 25 13 15 92 71 55 49 34 28 7 1 99 50 97 75 84 39 63 3 72 67 4 19 17 33 94 70 20 70 87 10 89 1 46 56 79 31 70 43 60 11 65
58 12 27 96 67 86 89 58 5 91 11 88 30 19 17 24 47 64 68 69 86 51 51 20 44 12 24 35 80 66 68 12 17 10 62 27 60 90 10 82 16 65 30 75 78 19 65 50 77 99 44 56 52 82 55 6 48 39 66 46 85 8 80 17 96 37 82 1 90 94 48 69 91 71 49 7 47
40 75 64 71 34 79 41 10 22 67 89 40 25 74 54 98 59 21 89 34 63 68 35 43 35 78 49 65 73 64 39 76 65 21 61 64 28 7 80 72 58 98 34 69 82 43 87 9 66 21 1 74 72 25 69 91 65 60 53 11 82 82 56 56 63 7 37 31 43 97 20 61 52 30 10 85 27
5 82 6 38 5 68 6 68 37 8 3 76 40 76 43 4 3 38 64 47 38 69 74 76 85 69 92 74 82 66 87 63 78 91 97 85 91 28 71 36 63 35 81 23 6 83 10 81 63 56 80 57 46 49 67 48 89 63 43 59 41 73 88 31 48 10 80 66 13 24 13 6 83 96 24 39 71
85 8 4 65 76 35 35 5 62 16 13 59 12 15 78 19 46 25 92 73 21 43 38 32 29 67 66 47 72 19 74 42 2 30 59 37 27 8 74 74 35 30 57 33 7 78 88 61 76 6 49 2 14 48 69 39 50 59 37 14 54 53 51 37 37 49 46 50 48 78 68 53 88 17 18 34 7
18 9 20 68 60 39 60 21 39 83 20 77 83 94 76 85 21 62 91 95 64 59 35 80 80 27 86 51 3 93 40 59 75 95 66 96 69 57 96 81 94 73 67 4 37 4 2 47 16 69 4 55 24 52 62 72 23 43 71 88 92 26 25 20 69 88 12 51 97 25 10 61 65 3 87 92 5
96 5 26 87 50 42 47 54 22 40 61 96 81 15 2 94 25 11 93 34 58 50 58 84 37 67 59 11 11 99 6 90 80 66 27 75 8 56 51 49 79 63 73 53 50 28 27 76 83 74 73 98 90 30 76 99 43 13 77 58 87 32 40 91 65 57 20 8 95 5 55 80 55 90 41 19 91
80 30 18 89 87 69 8 30 68 54 92 52 49 26 87 65 8 79 83 6 62 13 20 79 62 90 57 1 22 91 62 21 1 68 84 37 59 99 46 73 79 74 70 8 85 28 78 57 69 15 66 45 56 29 10 67 40 48 57 22 73 7 22 60 16 79 64 2 56 80 36 98 81 34 87 85 43
61 77 33 11 7 5 54 37 28 56 63 40 13 13 64 37 15 76 52 11 39 39 13 87 17 26 31 17 15 69 77 83 82 57 90 24 78 58 87 22 39 26 92 93 69 74 48 11 93 89 9 51 51 70 16 49 9 66 40 65 59 71 84 88 49 8 59 16 56 69 10 3 9 28 69 45 30
24 25 86 24 89 55 97 44 6 83 53 22 97 71 40 15 42 33 78 57 77 4 59 28 75 31 63 58 83 10 79 25 58 96 8 37 30 72 70 16 29 46 77 59 13 95 13 63 39 56 29 26 50 92 86 48 99 55 10 95 36 74 7 71 9 66 71 65 94 96 9 91 78 20 25 74 86
34 75 82 89 28 24 92 3 13 27 12 15 3 50 75 16 76 67 72 19 39 81 12 66 35 43 55 84 70 59 4 58 3 40 27 44 33 94 92 55 39 98 88 4 21 17 70 16 89 61 26 16 35 98 71 2 83 7 24 35 89 13 40 93 83 61 97 62 4 56 77 84 74 54 82 31 39
33 9 49 63 45 20 59 6 88 33 77 4 87 53 99 84 21 41 16 39 25 28 53 93 32 56 66 28 78 31 55 32 61 82 41 87 41 82 59 68 79 97 70 86 87 81 42 41 70 77 36 7 18 48 85 63 30 33 21 24 34 16 13 39 88 33 23 90 46 32 49 90 53 24 10 23 12
60 40 47 94 62 21 98 76 3 87 80 2 59 63 54 96 84 92 44 69 55 59 94 22 89 21 4 87 54 96 54 90 41 21 55 80 74 44 49 79 31 36 85 14 2 4 18 49 18 80 15 59 86 30 74 72 92 50 20 93 8 71 81 72 10 18 34 24 5 17 64 16 50 65 89 85 52
17 18 94 74 29 34 39 70 22 83 18 1 23 2 51 96 7 58 92 50 93 57 3 82 65 60 15 11 99 8 1 89 36 24 76 49 70 34 86 31 51 83 99 30 9 41 36 22 30 32 24 48 21 70 11 7 7 43 23 90 29 39 92 89 38 79 58 2 10 78 91 7 4 57 78 9 43
31 11 70 18 50 14 30 41 34 83 72 47 96 7 15 29 84 39 64 47 13 5 14 98 70 24 60 76 40 98 91 96 44 16 79 31 37 96 85 2 28 19 21 72 29 63 13 28 54 77 38 76 75 13 58 11 19 20 97 27 78 50 65 85 34 86 67 19 7 30 44 5 87 14 26 92 73
64 9 9 6 29 11 98 92 59 34 8 6 81 67 1 95 39 45 41 25 10 86 39 92 31 15 80 33 90 77 54 89 23 82 69 10 38 23 60 90 12 88 77 89 58 24 74 19 96 23 30 11 25 32 65 18 55 47 35 6 93 55 62 30 39 1 5 39 72 91 34 51 90 47 13 61 23
75 64 63 72 10 81 48 78 21 95 31 81 84 75 40 98 44 96 49 91 35 26 98 21 71 71 4 64 68 48 24 73 19 82 70 92 49 15 89 27 30 36 45 97 76 4 44 62 89 92 73 7 21 45 11 47 11 3 20 46 34 58 56 63 79 6 54 73 92 76 19 52 87 30 12 21 12
3 4 7 24 58 43 26 81 44 79 11 67 70 70 88 23 68 36 32 55 97 46 58 75 14 69 45 71 77 66 26 62 44 54 69 26 20 97 72 83 17 50 85 93 55 38 81 79 27 44 77 5 63 56 35 55 20 61 49 94 7 15 33 90 89 83 26 90 43 13 24 44 40 27 80 77 72
57 45 87 18 26 95 20 81 8 49 86 65 19 22 1 53 53 42 91 75 77 4 74 61 90 44 63 8 67 69 42 38 33 14 93 51 95 24 97 49 17 72 24 39 75 31 98 37 88 78 32 27 68 69 79 26 84 96 83 43 84 86 61 3 42 68 36 41 7 10 67 43 23 25 3 18 11
73 63 48 83 66 58 91 21 13 84 56 25 6 57 28 93 73 71 30 99 60 33 70 64 56 39 75 55 51 84 33 26 53 84 83 18 94 93 87 4 95 59 35 16 74 28 84 19 39 95 99 98 41 5 27 45 18 24 31 80 59 74 71 6 56 39 14 34 44 72 67 21 66 17 54 7 51
43 49 32 44 9 31 33 16 66 2 49 69 72 52 56 59 91 37 10 86 75 85 23 64 47 69 51 61 83 11 8 82 64 52 69 71 15 91 62 79 27 47 48 46 45 23 13 95 67 26 27 44 2 55 77 20 25 35 61 80 57 96 72 39 78 24 89 81 76 55 80 39 11 6 89 60 31
63 74 40 68 16 32 82 23 95 49 32 28 3 86 51 80 15 8 77 31 39 95 97 23 44 46 28 54 27 46 48 65 11 24 49 32 4 6 99 70 66 30 32 35 73 19 61 76 27 77 54 53 43 16 8 42 7 6 2 42 54 6 68 1 23 45 47 31 7 46 26 29 42 72 59 62 49
50 21 95 83 26 57 90 70 3 77 39 57 29 37 46 6 51 4 5 17 72 4 97 26 11 13 97 34 92 35 47 39 68 27 28 57 15 74 33 3 16 32 11 72 14 66 67 58 61 28 64 34 36 11 46 98 56 13 22 59 39 55 8 9 41 6 59 95 85 97 1 4 23 20 47 45 76
59 41 79 94 6 19 65 81 49 56 63 64 1 29 37 71 3 95 18 7 27 92 52 62 32 42 28 75 6 86 35 9 27 21 25 69 35 77 12 98 34 23 58 16 29 20 9 55 72 93 86 14 80 98 27 52 40 82 29 63 21 15 50 38 50 7 71 12 46 80 40 20 28 22 46 4 50
46 47 26 99 57 83 15 26 16 96 53 96 22 77 84 5 30 27 34 37 86 66 73 35 15 57 55 3 5 73 96 14 16 43 26 82 14 80 94 91 58 50 4 8 16 39 26 15 17 2 60 44 84 4 44 51 76 43 27 94 83 51 84 65 85 30 69 80 70 96 4 93 33 76 89 84 38
85 77 56 75 97 64 33 11 70 15 64 86 27 45 65 98 30 28 76 16 84 62 55 87 80 73 35 7 87 65 15 85 93 50 36 37 81 14 22 35 87 19 66 93 74 88 61 64 67 89 35 35 55 84 45 8 17 31 29 61 80 60 86 50 93 61 43 49 45 32 37 23 70 18 37 64 43
59 7 84 44 55 90 27 10 10 53 34 18 8 87 97 20 53 80 13 64 51 58 42 56 73 86 71 33 91 53 99 95 27 45 12 73 91 19 99 61 76 89 16 2 75 32 87 87 21 3 83 52 78 33 82 50 68 89 20 28 24 33 99 15 40 42 44 10 50 9 77 94 38 77 9 37 75
76 89 89 86 10 33 89 59 47 88 89 28 57 34 73 10 75 96 70 35 52 49 79 42 40 25 72 3 52 55 31 77 93 16 65 83 76 7 93 98 5 55 73 19 75 70 30 87 72 91 97 33 26 41 72 17 73 83 53 94 4 7 46 56 19 30 83 38 7 35 81 53 73 60 69 70 73
12 68 89 1 79 90 77 93 13 76 99 29 73 50 82 82 9 50 4 75 75 67 24 64 43 35 10 38 32 47 97 80 69 76 66 9 12 51 31 38 66 56 94 10 23 34 82 40 39 10 51 37 45 47 33 69 75 24 66 69 18 9 73 71 70 33 20 42 38 79 81 23 21 30 7 4 55
83 12 80 97 31 71 43 75 65 87 87 87 13 94 9 58 85 18 1 15 89 90 41 87 49 29 39 10 32 1 47 10 97 15 49 50 1 95 83 14 55 26 4 79 70 68 68 42 4 9 96 33 36 53 93 4 44 61 49 83 18 54 37 96 17 79 70 17 70 20 28 51 99 94 2 65 1
76 31 99 22 45 43 32 29 36 75 31 69 61 81 65 48 28 46 29 24 76 49 11 39 77 2 29 95 27 15 46 36 46 47 6 62 80 12 33 56 9 23 19 40 77 54 55 42 59 37 42 63 56 21 37 27 3 38 9 57 76 86 4 69 62 75 84 90 40 94 50 55 99 94 2 33 90
64 75 30 7 87 79 15 6 87 2 39 22 1 59 59 46 5 69 50 17 57 3 2 17 41 17 61 21 63 17 98 88 98 58 65 78 93 61 71 23 82 82 14 79 85 60 38 53 18 36 66 65 93 58 86 44 21 49 21 61 60 9 4 24 79 75 74 69 62 5 69 19 5 25 33 44 46
56 2 54 90 15 81 95 70 38 16 20 96 61 48 8 31 2 57 15 96 9 19 97 20 14 37 1 68 13 98 61 89 70 12 1 48 7 57 56 67 5 90 51 98 40 54 18 5 83 69 56 41 90 21 83 80 19 59 13 26 43 40 1 26 63 13 32 36 57 10 69 55 93 99 50 80 8
89 28 90 8 89 6 47 65 88 61 44 76 72 25 23 53 53 88 21 29 86 98 8 48 12 28 36 84 27 16 51 37 32 13 9 45 7 62 1 96 40 8 99 91 7 82 35 66 92 49 82 10 57 22 94 83 38 44 1 54 77 52 32 36 59 66 43 15 97 99 45 40 79 71 36 69 81
90 99 24 58 73 2 36 4 2 13 47 12 59 8 71 84 91 9 87 93 95 97 19 68 67 44 17 10 98 31 49 96 68 93 29 75 39 69 3 31 97 37 28 53 11 77 38 95 84 13 2 12 96 14 87 47 16 46 17 12 75 29 55 59 56 11 96 26 80 80 61 27 23 77 83 92 63
7 29 64 26 69 41 77 22 42 40 72 72 10 94 36 30 72 20 76 59 32 17 80 99 46 97 1 58 6 68 73 26 19 67 15 90 25 20 62 75 18 94 53 93 62 59 49 4 15 80 68 2 66 39 79 30 53 70 45 8 20 10 51 63 8 55 41 10 76 76 77 36 22 77 42 2 61
65 36 11 49 7 45 32 55 73 52 72 68 15 13 70 78 95 28 91 22 70 42 3 81 27 82 77 60 39 54 59 84 76 11 38 9 57 26 74 77 58 43 17 82 41 40 64 15 39 16 36 33 90 75 92 61 9 25 98 13 62 34 14 34 19 62 13 82 66 32 20 80 49 28 45 37 71
20 8 48 66 38 96 31 48 99 70 29 12 76 27 41 2 11 37 14 90 3 35 12 4 75 30 61 19 8 93 38 29 11 7 30 89 96 25 48 82 85 8 65 6 16 93 36 52 61 81 40 41 65 54 55 70 45 12 26 54 44 33 13 21 90 11 15 17 94 12 29 91 76 64 82 93 17
16 64 41 79 52 36 21 82 32 98 47 90 98 71 64 34 77 99 32 18 23 5 62 98 31 97 64 71 58 97 97 9 3 18 92 82 1 49 3 67 15 42 40 49 26 24 80 32 71 18 28 37 56 11 47 4 29 56 8 46 9 25 84 60 85 2 36 56 30 35 53 27 47 38 14 76 97
