2005
1 1
1 101
1 201
1 301
1 401
2 1
2 101
2 201
2 301
2 401
3 1
3 101
3 201
3 301
3 401
4 1
4 101
4 201
4 301
4 401
5 1
5 101
5 201
5 301
5 401
6 1
6 101
6 201
6 301
6 401
7 1
7 101
7 201
7 301
7 401
8 1
8 101
8 201
8 301
8 401
9 1
9 101
9 201
9 301
9 401
10 1
10 101
10 201
10 301
10 401
11 1
11 101
11 201
11 301
11 401
12 1
12 101
12 201
12 301
12 401
13 1
13 101
13 201
13 301
13 401
14 1
14 101
14 201
14 301
14 401
15 1
15 101
15 201
15 301
15 401
16 1
16 101
16 201
16 301
16 401
17 1
17 101
17 201
17 301
17 401
18 1
18 101
18 201
18 301
18 401
19 1
19 101
19 201
19 301
19 401
20 1
20 101
20 201
20 301
20 401
21 1
21 101
21 201
21 301
21 401
22 1
22 101
22 201
22 301
22 401
23 1
23 101
23 201
23 301
23 401
24 1
24 101
24 201
24 301
24 401
25 1
25 101
25 201
25 301
25 401
26 1
26 101
26 201
26 301
26 401
27 1
27 101
27 201
27 301
27 401
28 1
28 101
28 201
28 301
28 401
29 1
29 101
29 201
29 301
29 401
30 1
30 101
30 201
30 301
30 401
31 1
31 101
31 201
31 301
31 401
32 1
32 101
32 201
32 301
32 401
33 1
33 101
33 201
33 301
33 401
34 1
34 101
34 201
34 301
34 401
35 1
35 101
35 201
35 301
35 401
36 1
36 101
36 201
36 301
36 401
37 1
37 101
37 201
37 301
37 401
38 1
38 101
38 201
38 301
38 401
39 1
39 101
39 201
39 301
39 401
40 1
40 101
40 201
40 301
40 401
41 1
41 101
41 201
41 301
41 401
42 1
42 101
42 201
42 301
42 401
43 1
43 101
43 201
43 301
43 401
44 1
44 101
44 201
44 301
44 401
45 1
45 101
45 201
45 301
45 401
46 1
46 101
46 201
46 301
46 401
47 1
47 101
47 201
47 301
47 401
48 1
48 101
48 201
48 301
48 401
49 1
49 101
49 201
49 301
49 401
50 1
50 101
50 201
50 301
50 401
51 1
51 101
51 201
51 301
51 401
52 1
52 101
52 201
52 301
52 401
53 1
53 101
53 201
53 301
53 401
54 1
54 101
54 201
54 301
54 401
55 1
55 101
55 201
55 301
55 401
56 1
56 101
56 201
56 301
56 401
57 1
57 101
57 201
57 301
57 401
58 1
58 101
58 201
58 301
58 401
59 1
59 101
59 201
59 301
59 401
60 1
60 101
60 201
60 301
60 401
61 1
61 101
61 201
61 301
61 401
62 1
62 101
62 201
62 301
62 401
63 1
63 101
63 201
63 301
63 401
64 1
64 101
64 201
64 301
64 401
65 1
65 101
65 201
65 301
65 401
66 1
66 101
66 201
66 301
66 401
67 1
67 101
67 201
67 301
67 401
68 1
68 101
68 201
68 301
68 401
69 1
69 101
69 201
69 301
69 401
70 1
70 101
70 201
70 301
70 401
71 1
71 101
71 201
71 301
71 401
72 1
72 101
72 201
72 301
72 401
73 1
73 101
73 201
73 301
73 401
74 1
74 101
74 201
74 301
74 401
75 1
75 101
75 201
75 301
75 401
76 1
76 101
76 201
76 301
76 401
77 1
77 101
77 201
77 301
77 401
78 1
78 101
78 201
78 301
78 401
79 1
79 101
79 201
79 301
79 401
80 1
80 101
80 201
80 301
80 401
81 1
81 101
81 201
81 301
81 401
82 1
82 101
82 201
82 301
82 401
83 1
83 101
83 201
83 301
83 401
84 1
84 101
84 201
84 301
84 401
85 1
85 101
85 201
85 301
85 401
86 1
86 101
86 201
86 301
86 401
87 1
87 101
87 201
87 301
87 401
88 1
88 101
88 201
88 301
88 401
89 1
89 101
89 201
89 301
89 401
90 1
90 101
90 201
90 301
90 401
91 1
91 101
91 201
91 301
91 401
92 1
92 101
92 201
92 301
92 401
93 1
93 101
93 201
93 301
93 401
94 1
94 101
94 201
94 301
94 401
95 1
95 101
95 201
95 301
95 401
96 1
96 101
96 201
96 301
96 401
97 1
97 101
97 201
97 301
97 401
98 1
98 101
98 201
98 301
98 401
99 1
99 101
99 201
99 301
99 401
100 1
100 101
100 201
100 301
100 401
101 1
101 101
101 201
101 301
101 401
102 1
102 101
102 201
102 301
102 401
103 1
103 101
103 201
103 301
103 401
104 1
104 101
104 201
104 301
104 401
105 1
105 101
105 201
105 301
105 401
106 1
106 101
106 201
106 301
106 401
107 1
107 101
107 201
107 301
107 401
108 1
108 101
108 201
108 301
108 401
109 1
109 101
109 201
109 301
109 401
110 1
110 101
110 201
110 301
110 401
111 1
111 101
111 201
111 301
111 401
112 1
112 101
112 201
112 301
112 401
113 1
113 101
113 201
113 301
113 401
114 1
114 101
114 201
114 301
114 401
115 1
115 101
115 201
115 301
115 401
116 1
116 101
116 201
116 301
116 401
117 1
117 101
117 201
117 301
117 401
118 1
118 101
118 201
118 301
118 401
119 1
119 101
119 201
119 301
119 401
120 1
120 101
120 201
120 301
120 401
121 1
121 101
121 201
121 301
121 401
122 1
122 101
122 201
122 301
122 401
123 1
123 101
123 201
123 301
123 401
124 1
124 101
124 201
124 301
124 401
125 1
125 101
125 201
125 301
125 401
126 1
126 101
126 201
126 301
126 401
127 1
127 101
127 201
127 301
127 401
128 1
128 101
128 201
128 301
128 401
129 1
129 101
129 201
129 301
129 401
130 1
130 101
130 201
130 301
130 401
131 1
131 101
131 201
131 301
131 401
132 1
132 101
132 201
132 301
132 401
133 1
133 101
133 201
133 301
133 401
134 1
134 101
134 201
134 301
134 401
135 1
135 101
135 201
135 301
135 401
136 1
136 101
136 201
136 301
136 401
137 1
137 101
137 201
137 301
137 401
138 1
138 101
138 201
138 301
138 401
139 1
139 101
139 201
139 301
139 401
140 1
140 101
140 201
140 301
140 401
141 1
141 101
141 201
141 301
141 401
142 1
142 101
142 201
142 301
142 401
143 1
143 101
143 201
143 301
143 401
144 1
144 101
144 201
144 301
144 401
145 1
145 101
145 201
145 301
145 401
146 1
146 101
146 201
146 301
146 401
147 1
147 101
147 201
147 301
147 401
148 1
148 101
148 201
148 301
148 401
149 1
149 101
149 201
149 301
149 401
150 1
150 101
150 201
150 301
150 401
151 1
151 101
151 201
151 301
151 401
152 1
152 101
152 201
152 301
152 401
153 1
153 101
153 201
153 301
153 401
154 1
154 101
154 201
154 301
154 401
155 1
155 101
155 201
155 301
155 401
156 1
156 101
156 201
156 301
156 401
157 1
157 101
157 201
157 301
157 401
158 1
158 101
158 201
158 301
158 401
159 1
159 101
159 201
159 301
159 401
160 1
160 101
160 201
160 301
160 401
161 1
161 101
161 201
161 301
161 401
162 1
162 101
162 201
162 301
162 401
163 1
163 101
163 201
163 301
163 401
164 1
164 101
164 201
164 301
164 401
165 1
165 101
165 201
165 301
165 401
166 1
166 101
166 201
166 301
166 401
167 1
167 101
167 201
167 301
167 401
168 1
168 101
168 201
168 301
168 401
169 1
169 101
169 201
169 301
169 401
170 1
170 101
170 201
170 301
170 401
171 1
171 101
171 201
171 301
171 401
172 1
172 101
172 201
172 301
172 401
173 1
173 101
173 201
173 301
173 401
174 1
174 101
174 201
174 301
174 401
175 1
175 101
175 201
175 301
175 401
176 1
176 101
176 201
176 301
176 401
177 1
177 101
177 201
177 301
177 401
178 1
178 101
178 201
178 301
178 401
179 1
179 101
179 201
179 301
179 401
180 1
180 101
180 201
180 301
180 401
181 1
181 101
181 201
181 301
181 401
182 1
182 101
182 201
182 301
182 401
183 1
183 101
183 201
183 301
183 401
184 1
184 101
184 201
184 301
184 401
185 1
185 101
185 201
185 301
185 401
186 1
186 101
186 201
186 301
186 401
187 1
187 101
187 201
187 301
187 401
188 1
188 101
188 201
188 301
188 401
189 1
189 101
189 201
189 301
189 401
190 1
190 101
190 201
190 301
190 401
191 1
191 101
191 201
191 301
191 401
192 1
192 101
192 201
192 301
192 401
193 1
193 101
193 201
193 301
193 401
194 1
194 101
194 201
194 301
194 401
195 1
195 101
195 201
195 301
195 401
196 1
196 101
196 201
196 301
196 401
197 1
197 101
197 201
197 301
197 401
198 1
198 101
198 201
198 301
198 401
199 1
199 101
199 201
199 301
199 401
200 1
200 101
200 201
200 301
200 401
201 1
201 101
201 201
201 301
201 401
202 1
202 101
202 201
202 301
202 401
203 1
203 101
203 201
203 301
203 401
204 1
204 101
204 201
204 301
204 401
205 1
205 101
205 201
205 301
205 401
206 1
206 101
206 201
206 301
206 401
207 1
207 101
207 201
207 301
207 401
208 1
208 101
208 201
208 301
208 401
209 1
209 101
209 201
209 301
209 401
210 1
210 101
210 201
210 301
210 401
211 1
211 101
211 201
211 301
211 401
212 1
212 101
212 201
212 301
212 401
213 1
213 101
213 201
213 301
213 401
214 1
214 101
214 201
214 301
214 401
215 1
215 101
215 201
215 301
215 401
216 1
216 101
216 201
216 301
216 401
217 1
217 101
217 201
217 301
217 401
218 1
218 101
218 201
218 301
218 401
219 1
219 101
219 201
219 301
219 401
220 1
220 101
220 201
220 301
220 401
221 1
221 101
221 201
221 301
221 401
222 1
222 101
222 201
222 301
222 401
223 1
223 101
223 201
223 301
223 401
224 1
224 101
224 201
224 301
224 401
225 1
225 101
225 201
225 301
225 401
226 1
226 101
226 201
226 301
226 401
227 1
227 101
227 201
227 301
227 401
228 1
228 101
228 201
228 301
228 401
229 1
229 101
229 201
229 301
229 401
230 1
230 101
230 201
230 301
230 401
231 1
231 101
231 201
231 301
231 401
232 1
232 101
232 201
232 301
232 401
233 1
233 101
233 201
233 301
233 401
234 1
234 101
234 201
234 301
234 401
235 1
235 101
235 201
235 301
235 401
236 1
236 101
236 201
236 301
236 401
237 1
237 101
237 201
237 301
237 401
238 1
238 101
238 201
238 301
238 401
239 1
239 101
239 201
239 301
239 401
240 1
240 101
240 201
240 301
240 401
241 1
241 101
241 201
241 301
241 401
242 1
242 101
242 201
242 301
242 401
243 1
243 101
243 201
243 301
243 401
244 1
244 101
244 201
244 301
244 401
245 1
245 101
245 201
245 301
245 401
246 1
246 101
246 201
246 301
246 401
247 1
247 101
247 201
247 301
247 401
248 1
248 101
248 201
248 301
248 401
249 1
249 101
249 201
249 301
249 401
250 1
250 101
250 201
250 301
250 401
251 1
251 101
251 201
251 301
251 401
252 1
252 101
252 201
252 301
252 401
253 1
253 101
253 201
253 301
253 401
254 1
254 101
254 201
254 301
254 401
255 1
255 101
255 201
255 301
255 401
256 1
256 101
256 201
256 301
256 401
257 1
257 101
257 201
257 301
257 401
258 1
258 101
258 201
258 301
258 401
259 1
259 101
259 201
259 301
259 401
260 1
260 101
260 201
260 301
260 401
261 1
261 101
261 201
261 301
261 401
262 1
262 101
262 201
262 301
262 401
263 1
263 101
263 201
263 301
263 401
264 1
264 101
264 201
264 301
264 401
265 1
265 101
265 201
265 301
265 401
266 1
266 101
266 201
266 301
266 401
267 1
267 101
267 201
267 301
267 401
268 1
268 101
268 201
268 301
268 401
269 1
269 101
269 201
269 301
269 401
270 1
270 101
270 201
270 301
270 401
271 1
271 101
271 201
271 301
271 401
272 1
272 101
272 201
272 301
272 401
273 1
273 101
273 201
273 301
273 401
274 1
274 101
274 201
274 301
274 401
275 1
275 101
275 201
275 301
275 401
276 1
276 101
276 201
276 301
276 401
277 1
277 101
277 201
277 301
277 401
278 1
278 101
278 201
278 301
278 401
279 1
279 101
279 201
279 301
279 401
280 1
280 101
280 201
280 301
280 401
281 1
281 101
281 201
281 301
281 401
282 1
282 101
282 201
282 301
282 401
283 1
283 101
283 201
283 301
283 401
284 1
284 101
284 201
284 301
284 401
285 1
285 101
285 201
285 301
285 401
286 1
286 101
286 201
286 301
286 401
287 1
287 101
287 201
287 301
287 401
288 1
288 101
288 201
288 301
288 401
289 1
289 101
289 201
289 301
289 401
290 1
290 101
290 201
290 301
290 401
291 1
291 101
291 201
291 301
291 401
292 1
292 101
292 201
292 301
292 401
293 1
293 101
293 201
293 301
293 401
294 1
294 101
294 201
294 301
294 401
295 1
295 101
295 201
295 301
295 401
296 1
296 101
296 201
296 301
296 401
297 1
297 101
297 201
297 301
297 401
298 1
298 101
298 201
298 301
298 401
299 1
299 101
299 201
299 301
299 401
300 1
300 101
300 201
300 301
300 401
301 1
301 101
301 201
301 301
301 401
302 1
302 101
302 201
302 301
302 401
303 1
303 101
303 201
303 301
303 401
304 1
304 101
304 201
304 301
304 401
305 1
305 101
305 201
305 301
305 401
306 1
306 101
306 201
306 301
306 401
307 1
307 101
307 201
307 301
307 401
308 1
308 101
308 201
308 301
308 401
309 1
309 101
309 201
309 301
309 401
310 1
310 101
310 201
310 301
310 401
311 1
311 101
311 201
311 301
311 401
312 1
312 101
312 201
312 301
312 401
313 1
313 101
313 201
313 301
313 401
314 1
314 101
314 201
314 301
314 401
315 1
315 101
315 201
315 301
315 401
316 1
316 101
316 201
316 301
316 401
317 1
317 101
317 201
317 301
317 401
318 1
318 101
318 201
318 301
318 401
319 1
319 101
319 201
319 301
319 401
320 1
320 101
320 201
320 301
320 401
321 1
321 101
321 201
321 301
321 401
322 1
322 101
322 201
322 301
322 401
323 1
323 101
323 201
323 301
323 401
324 1
324 101
324 201
324 301
324 401
325 1
325 101
325 201
325 301
325 401
326 1
326 101
326 201
326 301
326 401
327 1
327 101
327 201
327 301
327 401
328 1
328 101
328 201
328 301
328 401
329 1
329 101
329 201
329 301
329 401
330 1
330 101
330 201
330 301
330 401
331 1
331 101
331 201
331 301
331 401
332 1
332 101
332 201
332 301
332 401
333 1
333 101
333 201
333 301
333 401
334 1
334 101
334 201
334 301
334 401
335 1
335 101
335 201
335 301
335 401
336 1
336 101
336 201
336 301
336 401
337 1
337 101
337 201
337 301
337 401
338 1
338 101
338 201
338 301
338 401
339 1
339 101
339 201
339 301
339 401
340 1
340 101
340 201
340 301
340 401
341 1
341 101
341 201
341 301
341 401
342 1
342 101
342 201
342 301
342 401
343 1
343 101
343 201
343 301
343 401
344 1
344 101
344 201
344 301
344 401
345 1
345 101
345 201
345 301
345 401
346 1
346 101
346 201
346 301
346 401
347 1
347 101
347 201
347 301
347 401
348 1
348 101
348 201
348 301
348 401
349 1
349 101
349 201
349 301
349 401
350 1
350 101
350 201
350 301
350 401
351 1
351 101
351 201
351 301
351 401
352 1
352 101
352 201
352 301
352 401
353 1
353 101
353 201
353 301
353 401
354 1
354 101
354 201
354 301
354 401
355 1
355 101
355 201
355 301
355 401
356 1
356 101
356 201
356 301
356 401
357 1
357 101
357 201
357 301
357 401
358 1
358 101
358 201
358 301
358 401
359 1
359 101
359 201
359 301
359 401
360 1
360 101
360 201
360 301
360 401
361 1
361 101
361 201
361 301
361 401
362 1
362 101
362 201
362 301
362 401
363 1
363 101
363 201
363 301
363 401
364 1
364 101
364 201
364 301
364 401
365 1
365 101
365 201
365 301
365 401
366 1
366 101
366 201
366 301
366 401
367 1
367 101
367 201
367 301
367 401
368 1
368 101
368 201
368 301
368 401
369 1
369 101
369 201
369 301
369 401
370 1
370 101
370 201
370 301
370 401
371 1
371 101
371 201
371 301
371 401
372 1
372 101
372 201
372 301
372 401
373 1
373 101
373 201
373 301
373 401
374 1
374 101
374 201
374 301
374 401
375 1
375 101
375 201
375 301
375 401
376 1
376 101
376 201
376 301
376 401
377 1
377 101
377 201
377 301
377 401
378 1
378 101
378 201
378 301
378 401
379 1
379 101
379 201
379 301
379 401
380 1
380 101
380 201
380 301
380 401
381 1
381 101
381 201
381 301
381 401
382 1
382 101
382 201
382 301
382 401
383 1
383 101
383 201
383 301
383 401
384 1
384 101
384 201
384 301
384 401
385 1
385 101
385 201
385 301
385 401
386 1
386 101
386 201
386 301
386 401
387 1
387 101
387 201
387 301
387 401
388 1
388 101
388 201
388 301
388 401
389 1
389 101
389 201
389 301
389 401
390 1
390 101
390 201
390 301
390 401
391 1
391 101
391 201
391 301
391 401
392 1
392 101
392 201
392 301
392 401
393 1
393 101
393 201
393 301
393 401
394 1
394 101
394 201
394 301
394 401
395 1
395 101
395 201
395 301
395 401
396 1
396 101
396 201
396 301
396 401
397 1
397 101
397 201
397 301
397 401
398 1
398 101
398 201
398 301
398 401
399 1
399 101
399 201
399 301
399 401
400 1
400 101
400 201
400 301
400 401
401 1
401 101
401 201
401 301
401 401
