1255
1 1
1 101
1 201
1 301
1 401
2 1
2 101
2 201
2 301
2 401
3 1
3 101
3 201
3 301
3 401
4 1
4 101
4 201
4 301
4 401
5 1
5 101
5 201
5 301
5 401
6 1
6 101
6 201
6 301
6 401
7 1
7 101
7 201
7 301
7 401
8 1
8 101
8 201
8 301
8 401
9 1
9 101
9 201
9 301
9 401
10 1
10 101
10 201
10 301
10 401
11 1
11 101
11 201
11 301
11 401
12 1
12 101
12 201
12 301
12 401
13 1
13 101
13 201
13 301
13 401
14 1
14 101
14 201
14 301
14 401
15 1
15 101
15 201
15 301
15 401
16 1
16 101
16 201
16 301
16 401
17 1
17 101
17 201
17 301
17 401
18 1
18 101
18 201
18 301
18 401
19 1
19 101
19 201
19 301
19 401
20 1
20 101
20 201
20 301
20 401
21 1
21 101
21 201
21 301
21 401
22 1
22 101
22 201
22 301
22 401
23 1
23 101
23 201
23 301
23 401
24 1
24 101
24 201
24 301
24 401
25 1
25 101
25 201
25 301
25 401
26 1
26 101
26 201
26 301
26 401
27 1
27 101
27 201
27 301
27 401
28 1
28 101
28 201
28 301
28 401
29 1
29 101
29 201
29 301
29 401
30 1
30 101
30 201
30 301
30 401
31 1
31 101
31 201
31 301
31 401
32 1
32 101
32 201
32 301
32 401
33 1
33 101
33 201
33 301
33 401
34 1
34 101
34 201
34 301
34 401
35 1
35 101
35 201
35 301
35 401
36 1
36 101
36 201
36 301
36 401
37 1
37 101
37 201
37 301
37 401
38 1
38 101
38 201
38 301
38 401
39 1
39 101
39 201
39 301
39 401
40 1
40 101
40 201
40 301
40 401
41 1
41 101
41 201
41 301
41 401
42 1
42 101
42 201
42 301
42 401
43 1
43 101
43 201
43 301
43 401
44 1
44 101
44 201
44 301
44 401
45 1
45 101
45 201
45 301
45 401
46 1
46 101
46 201
46 301
46 401
47 1
47 101
47 201
47 301
47 401
48 1
48 101
48 201
48 301
48 401
49 1
49 101
49 201
49 301
49 401
50 1
50 101
50 201
50 301
50 401
51 1
51 101
51 201
51 301
51 401
52 1
52 101
52 201
52 301
52 401
53 1
53 101
53 201
53 301
53 401
54 1
54 101
54 201
54 301
54 401
55 1
55 101
55 201
55 301
55 401
56 1
56 101
56 201
56 301
56 401
57 1
57 101
57 201
57 301
57 401
58 1
58 101
58 201
58 301
58 401
59 1
59 101
59 201
59 301
59 401
60 1
60 101
60 201
60 301
60 401
61 1
61 101
61 201
61 301
61 401
62 1
62 101
62 201
62 301
62 401
63 1
63 101
63 201
63 301
63 401
64 1
64 101
64 201
64 301
64 401
65 1
65 101
65 201
65 301
65 401
66 1
66 101
66 201
66 301
66 401
67 1
67 101
67 201
67 301
67 401
68 1
68 101
68 201
68 301
68 401
69 1
69 101
69 201
69 301
69 401
70 1
70 101
70 201
70 301
70 401
71 1
71 101
71 201
71 301
71 401
72 1
72 101
72 201
72 301
72 401
73 1
73 101
73 201
73 301
73 401
74 1
74 101
74 201
74 301
74 401
75 1
75 101
75 201
75 301
75 401
76 1
76 101
76 201
76 301
76 401
77 1
77 101
77 201
77 301
77 401
78 1
78 101
78 201
78 301
78 401
79 1
79 101
79 201
79 301
79 401
80 1
80 101
80 201
80 301
80 401
81 1
81 101
81 201
81 301
81 401
82 1
82 101
82 201
82 301
82 401
83 1
83 101
83 201
83 301
83 401
84 1
84 101
84 201
84 301
84 401
85 1
85 101
85 201
85 301
85 401
86 1
86 101
86 201
86 301
86 401
87 1
87 101
87 201
87 301
87 401
88 1
88 101
88 201
88 301
88 401
89 1
89 101
89 201
89 301
89 401
90 1
90 101
90 201
90 301
90 401
91 1
91 101
91 201
91 301
91 401
92 1
92 101
92 201
92 301
92 401
93 1
93 101
93 201
93 301
93 401
94 1
94 101
94 201
94 301
94 401
95 1
95 101
95 201
95 301
95 401
96 1
96 101
96 201
96 301
96 401
97 1
97 101
97 201
97 301
97 401
98 1
98 101
98 201
98 301
98 401
99 1
99 101
99 201
99 301
99 401
100 1
100 101
100 201
100 301
100 401
101 1
101 101
101 201
101 301
101 401
102 1
102 101
102 201
102 301
102 401
103 1
103 101
103 201
103 301
103 401
104 1
104 101
104 201
104 301
104 401
105 1
105 101
105 201
105 301
105 401
106 1
106 101
106 201
106 301
106 401
107 1
107 101
107 201
107 301
107 401
108 1
108 101
108 201
108 301
108 401
109 1
109 101
109 201
109 301
109 401
110 1
110 101
110 201
110 301
110 401
111 1
111 101
111 201
111 301
111 401
112 1
112 101
112 201
112 301
112 401
113 1
113 101
113 201
113 301
113 401
114 1
114 101
114 201
114 301
114 401
115 1
115 101
115 201
115 301
115 401
116 1
116 101
116 201
116 301
116 401
117 1
117 101
117 201
117 301
117 401
118 1
118 101
118 201
118 301
118 401
119 1
119 101
119 201
119 301
119 401
120 1
120 101
120 201
120 301
120 401
121 1
121 101
121 201
121 301
121 401
122 1
122 101
122 201
122 301
122 401
123 1
123 101
123 201
123 301
123 401
124 1
124 101
124 201
124 301
124 401
125 1
125 101
125 201
125 301
125 401
126 1
126 101
126 201
126 301
126 401
127 1
127 101
127 201
127 301
127 401
128 1
128 101
128 201
128 301
128 401
129 1
129 101
129 201
129 301
129 401
130 1
130 101
130 201
130 301
130 401
131 1
131 101
131 201
131 301
131 401
132 1
132 101
132 201
132 301
132 401
133 1
133 101
133 201
133 301
133 401
134 1
134 101
134 201
134 301
134 401
135 1
135 101
135 201
135 301
135 401
136 1
136 101
136 201
136 301
136 401
137 1
137 101
137 201
137 301
137 401
138 1
138 101
138 201
138 301
138 401
139 1
139 101
139 201
139 301
139 401
140 1
140 101
140 201
140 301
140 401
141 1
141 101
141 201
141 301
141 401
142 1
142 101
142 201
142 301
142 401
143 1
143 101
143 201
143 301
143 401
144 1
144 101
144 201
144 301
144 401
145 1
145 101
145 201
145 301
145 401
146 1
146 101
146 201
146 301
146 401
147 1
147 101
147 201
147 301
147 401
148 1
148 101
148 201
148 301
148 401
149 1
149 101
149 201
149 301
149 401
150 1
150 101
150 201
150 301
150 401
151 1
151 101
151 201
151 301
151 401
152 1
152 101
152 201
152 301
152 401
153 1
153 101
153 201
153 301
153 401
154 1
154 101
154 201
154 301
154 401
155 1
155 101
155 201
155 301
155 401
156 1
156 101
156 201
156 301
156 401
157 1
157 101
157 201
157 301
157 401
158 1
158 101
158 201
158 301
158 401
159 1
159 101
159 201
159 301
159 401
160 1
160 101
160 201
160 301
160 401
161 1
161 101
161 201
161 301
161 401
162 1
162 101
162 201
162 301
162 401
163 1
163 101
163 201
163 301
163 401
164 1
164 101
164 201
164 301
164 401
165 1
165 101
165 201
165 301
165 401
166 1
166 101
166 201
166 301
166 401
167 1
167 101
167 201
167 301
167 401
168 1
168 101
168 201
168 301
168 401
169 1
169 101
169 201
169 301
169 401
170 1
170 101
170 201
170 301
170 401
171 1
171 101
171 201
171 301
171 401
172 1
172 101
172 201
172 301
172 401
173 1
173 101
173 201
173 301
173 401
174 1
174 101
174 201
174 301
174 401
175 1
175 101
175 201
175 301
175 401
176 1
176 101
176 201
176 301
176 401
177 1
177 101
177 201
177 301
177 401
178 1
178 101
178 201
178 301
178 401
179 1
179 101
179 201
179 301
179 401
180 1
180 101
180 201
180 301
180 401
181 1
181 101
181 201
181 301
181 401
182 1
182 101
182 201
182 301
182 401
183 1
183 101
183 201
183 301
183 401
184 1
184 101
184 201
184 301
184 401
185 1
185 101
185 201
185 301
185 401
186 1
186 101
186 201
186 301
186 401
187 1
187 101
187 201
187 301
187 401
188 1
188 101
188 201
188 301
188 401
189 1
189 101
189 201
189 301
189 401
190 1
190 101
190 201
190 301
190 401
191 1
191 101
191 201
191 301
191 401
192 1
192 101
192 201
192 301
192 401
193 1
193 101
193 201
193 301
193 401
194 1
194 101
194 201
194 301
194 401
195 1
195 101
195 201
195 301
195 401
196 1
196 101
196 201
196 301
196 401
197 1
197 101
197 201
197 301
197 401
198 1
198 101
198 201
198 301
198 401
199 1
199 101
199 201
199 301
199 401
200 1
200 101
200 201
200 301
200 401
201 1
201 101
201 201
201 301
201 401
202 1
202 101
202 201
202 301
202 401
203 1
203 101
203 201
203 301
203 401
204 1
204 101
204 201
204 301
204 401
205 1
205 101
205 201
205 301
205 401
206 1
206 101
206 201
206 301
206 401
207 1
207 101
207 201
207 301
207 401
208 1
208 101
208 201
208 301
208 401
209 1
209 101
209 201
209 301
209 401
210 1
210 101
210 201
210 301
210 401
211 1
211 101
211 201
211 301
211 401
212 1
212 101
212 201
212 301
212 401
213 1
213 101
213 201
213 301
213 401
214 1
214 101
214 201
214 301
214 401
215 1
215 101
215 201
215 301
215 401
216 1
216 101
216 201
216 301
216 401
217 1
217 101
217 201
217 301
217 401
218 1
218 101
218 201
218 301
218 401
219 1
219 101
219 201
219 301
219 401
220 1
220 101
220 201
220 301
220 401
221 1
221 101
221 201
221 301
221 401
222 1
222 101
222 201
222 301
222 401
223 1
223 101
223 201
223 301
223 401
224 1
224 101
224 201
224 301
224 401
225 1
225 101
225 201
225 301
225 401
226 1
226 101
226 201
226 301
226 401
227 1
227 101
227 201
227 301
227 401
228 1
228 101
228 201
228 301
228 401
229 1
229 101
229 201
229 301
229 401
230 1
230 101
230 201
230 301
230 401
231 1
231 101
231 201
231 301
231 401
232 1
232 101
232 201
232 301
232 401
233 1
233 101
233 201
233 301
233 401
234 1
234 101
234 201
234 301
234 401
235 1
235 101
235 201
235 301
235 401
236 1
236 101
236 201
236 301
236 401
237 1
237 101
237 201
237 301
237 401
238 1
238 101
238 201
238 301
238 401
239 1
239 101
239 201
239 301
239 401
240 1
240 101
240 201
240 301
240 401
241 1
241 101
241 201
241 301
241 401
242 1
242 101
242 201
242 301
242 401
243 1
243 101
243 201
243 301
243 401
244 1
244 101
244 201
244 301
244 401
245 1
245 101
245 201
245 301
245 401
246 1
246 101
246 201
246 301
246 401
247 1
247 101
247 201
247 301
247 401
248 1
248 101
248 201
248 301
248 401
249 1
249 101
249 201
249 301
249 401
250 1
250 101
250 201
250 301
250 401
251 1
251 101
251 201
251 301
251 401
